/begin_header
/west_longitude=UNKNOWN
/south_latitude=NA
/north_latitude=UNKNOWN
/calibration_files=NA
/cruise=NA
/station=NA
/documents=NA
/data_type=NA
/affiliations=NOAA
/experiment=NA
/units=nm,dl
/start_date=2019-08-15
/end_date=NA
/missing=9999
/start_time=11:42:36
/data_file_name=NA
/cloud_percent=NA
/water_depth=NA
/data_status=NA
/east_longitude=NA
/wind_speed=NA
/secchi=NA
/measurement_depth=NA
/fields=wavelength,rrs
/delimiter=comma
/contact=NA
/end_time=NA
/wave_height=NA
/investigators=NA
/end_header@
325.0,0.012093735380387747
326.0,0.012213970836733357
327.0,0.012157575567467997
328.0,0.01191159393501552
329.0,0.01189924665825717
330.0,0.011912621436527805
331.0,0.011810424912515743
332.0,0.011712172179055678
333.0,0.011659856376903574
334.0,0.011633716304091114
335.0,0.011566735971718804
336.0,0.011497461041990894
337.0,0.011488005955888322
338.0,0.011452179286070589
339.0,0.011373874731939883
340.0,0.01125498401483885
341.0,0.011153766595466425
342.0,0.011139070167248945
343.0,0.011091107370534415
344.0,0.011013490672194436
345.0,0.010924629153675534
346.0,0.010838101501435804
347.0,0.010790587975735627
348.0,0.01076275002501748
349.0,0.01072401765083624
350.0,0.010666395935753392
351.0,0.010615785554941965
352.0,0.010570754032443452
353.0,0.010506078113320622
354.0,0.01045452262743458
355.0,0.010413401401083216
356.0,0.010370773265193799
357.0,0.010335232679188285
358.0,0.010296250744341318
359.0,0.010259734515616445
360.0,0.010213448755197325
361.0,0.0101576086571506
362.0,0.010095500990058442
363.0,0.010036178025009381
364.0,0.01002290002199487
365.0,0.009996395014848872
366.0,0.009922785507479333
367.0,0.009889396204677738
368.0,0.009881993791409548
369.0,0.009858088847382127
370.0,0.00982361866323768
371.0,0.009784578964577621
372.0,0.009747687105148166
373.0,0.009704987307427224
374.0,0.009674196590805319
375.0,0.009648649208525626
376.0,0.009611126845117703
377.0,0.00957335157454995
378.0,0.009541565713254267
379.0,0.009517103950744232
380.0,0.009497989295905018
381.0,0.009471424204778894
382.0,0.009451449015422445
383.0,0.009427557377116506
384.0,0.009408617904853209
385.0,0.009380276295449554
386.0,0.009347349134293139
387.0,0.009322914721012526
388.0,0.009301294037802773
389.0,0.009281955343137319
390.0,0.00926762385475232
391.0,0.009240901707733336
392.0,0.009220272939036664
393.0,0.009197180124842406
394.0,0.009183585670627102
395.0,0.009167738120340555
396.0,0.009144105011075425
397.0,0.0091021423699678
398.0,0.009055430208500474
399.0,0.009031527865218008
400.0,0.00901229239486922
401.0,0.008987745880251263
402.0,0.008972107054613838
403.0,0.008962129120144428
404.0,0.008947022035933661
405.0,0.008935518116407016
406.0,0.008923607779703299
407.0,0.00889559343029916
408.0,0.008871920345478073
409.0,0.00885951741098694
410.0,0.008849992468332898
411.0,0.008838003575418033
412.0,0.008826867167593584
413.0,0.00881835997144207
414.0,0.008805484721503389
415.0,0.00879485336505478
416.0,0.008788292861205499
417.0,0.008786249508030424
418.0,0.008788475346362398
419.0,0.008790712759141828
420.0,0.008788550874051431
421.0,0.008785699076894091
422.0,0.008792294890136351
423.0,0.008798567163025454
424.0,0.00879882734368296
425.0,0.008793754173582623
426.0,0.008801275422184162
427.0,0.00881955191534162
428.0,0.008840290941625091
429.0,0.008849656491569156
430.0,0.008847274114810027
431.0,0.008850854432871385
432.0,0.008854453221309158
433.0,0.008852126714714002
434.0,0.008856299390276715
435.0,0.008868814465254905
436.0,0.008882792554957015
437.0,0.008898209450645756
438.0,0.008915784832685672
439.0,0.008937139684969193
440.0,0.00895944096533581
441.0,0.00898454044093073
442.0,0.009014268365838594
443.0,0.009046670466575176
444.0,0.009082416017243073
445.0,0.009124690486456439
446.0,0.009169931925781551
447.0,0.009214129445757486
448.0,0.009258588296737312
449.0,0.009307661782104348
450.0,0.00935742693934204
451.0,0.009407324273981601
452.0,0.009452138302148019
453.0,0.009497935518693327
454.0,0.00954962224371215
455.0,0.009597960041429132
456.0,0.009641424953132033
457.0,0.009686393474093774
458.0,0.009727446741808511
459.0,0.009764695286449836
460.0,0.009804875934926877
461.0,0.009847398964655852
462.0,0.009884845515557523
463.0,0.00992720390242686
464.0,0.00997466213835137
465.0,0.01001765107002916
466.0,0.010063668895302812
467.0,0.010116745540816404
468.0,0.010164632073973875
469.0,0.010210568509190082
470.0,0.01026100407179727
471.0,0.010308836301651154
472.0,0.010353608712710913
473.0,0.01039836221952178
474.0,0.010437214599976095
475.0,0.010477567793939189
476.0,0.01052139482094679
477.0,0.010563105212353884
478.0,0.01059810743226516
479.0,0.010637018311710524
480.0,0.010679789936013881
481.0,0.010719624640412508
482.0,0.010756600402767333
483.0,0.010796536500908921
484.0,0.010841457846852837
485.0,0.010887420852147573
486.0,0.010930072273250607
487.0,0.010977088050407782
488.0,0.011027094239473335
489.0,0.011059577660267793
490.0,0.011091346855765289
491.0,0.01113852239692086
492.0,0.01118774832147656
493.0,0.011235954461513922
494.0,0.011291047993457471
495.0,0.011354782818244927
496.0,0.011421694442576997
497.0,0.011486633283517702
498.0,0.011554499852466175
499.0,0.0116303932596313
500.0,0.011710100130184134
501.0,0.01179052887706517
502.0,0.01187749141879807
503.0,0.011960181218277195
504.0,0.01203725594973568
505.0,0.012117656955832818
506.0,0.012197281275583224
507.0,0.01227135283494359
508.0,0.012342022345580472
509.0,0.012411399735952433
510.0,0.012474729468950377
511.0,0.012534735195218801
512.0,0.01260072409317656
513.0,0.012675389223868178
514.0,0.012762091100470446
515.0,0.012860647505302724
516.0,0.012967431208186192
517.0,0.013081957823614099
518.0,0.013204390105662248
519.0,0.013324589124792207
520.0,0.013434497950594385
521.0,0.013543409922438335
522.0,0.01365483977646419
523.0,0.013773875154839476
524.0,0.013890743718174245
525.0,0.013999365511151402
526.0,0.01411623577927321
527.0,0.014238287250797118
528.0,0.014361192946652149
529.0,0.014473357101748416
530.0,0.01457466912348342
531.0,0.0146826092613601
532.0,0.014793832412325797
533.0,0.014899952554044481
534.0,0.014998886582944872
535.0,0.015093334632228422
536.0,0.015191454339285603
537.0,0.015285870226446003
538.0,0.015374665520374786
539.0,0.015464627946875146
540.0,0.015552555039404828
541.0,0.015627813402279367
542.0,0.015692891499270972
543.0,0.015749356257674672
544.0,0.01580302558500465
545.0,0.015847415007771155
546.0,0.015881208200168077
547.0,0.01590727763642292
548.0,0.015928617164473857
549.0,0.01595425941302172
550.0,0.015980150018766008
551.0,0.01600712408976663
552.0,0.016044617658054334
553.0,0.016086355596220653
554.0,0.01612652965789004
555.0,0.016171621952968295
556.0,0.016218614559569883
557.0,0.016258288437258864
558.0,0.016293163202971715
559.0,0.016320945077851565
560.0,0.016339440062386038
561.0,0.01634920795141127
562.0,0.016357385050933336
563.0,0.016356879419876607
564.0,0.016346630804377805
565.0,0.016330697169423942
566.0,0.016304975029355597
567.0,0.016268293777008017
568.0,0.01622564089381964
569.0,0.016174532546821805
570.0,0.016105908628188545
571.0,0.016030790583394842
572.0,0.015953010231314443
573.0,0.015856702038948886
574.0,0.01574372243087523
575.0,0.015621047642722197
576.0,0.015479381007125998
577.0,0.015316687809032128
578.0,0.015133813605498776
579.0,0.014929958392240553
580.0,0.014706485172574672
581.0,0.014464568762974759
582.0,0.014205277603936356
583.0,0.013935628084918664
584.0,0.013661784491277737
585.0,0.013386512428889188
586.0,0.01310915380066403
587.0,0.012829101240620578
588.0,0.012541240943823497
589.0,0.012245128270871085
590.0,0.011943977380144266
591.0,0.011642041940211564
592.0,0.011341713868883562
593.0,0.011027226078174562
594.0,0.010694061497661328
595.0,0.010339123091872274
596.0,0.009959766088922895
597.0,0.00956979765968503
598.0,0.009182351239957403
599.0,0.008812799570426952
600.0,0.008481802226270607
601.0,0.008208584867494591
602.0,0.007994227863213141
603.0,0.007833995384287118
604.0,0.007717760944524474
605.0,0.0076345277423765096
606.0,0.007571109545449197
607.0,0.007516850275355529
608.0,0.0074691064399860455
609.0,0.007429148037567071
610.0,0.007384063783111718
611.0,0.007335296201264512
612.0,0.007289386860439973
613.0,0.007247304287671827
614.0,0.007210192837948709
615.0,0.007165834281697414
616.0,0.0071150457959376955
617.0,0.007070289802887606
618.0,0.0070258624537655676
619.0,0.006979165900200153
620.0,0.0069330341507911645
621.0,0.00689169144776023
622.0,0.006855070325471331
623.0,0.006821293514223371
624.0,0.006784554563316075
625.0,0.006740640476848211
626.0,0.0066981568912618875
627.0,0.006661703125931441
628.0,0.0066276453069651995
629.0,0.006593849000500013
630.0,0.006559906634181338
631.0,0.006525716375858581
632.0,0.006492249980641863
633.0,0.006459993770338785
634.0,0.0064298728544307186
635.0,0.00640093939176495
636.0,0.006365013455587707
637.0,0.006326961193983299
638.0,0.006298072804230006
639.0,0.006270128358627902
640.0,0.006239618218985603
641.0,0.006206779667531337
642.0,0.0061678272024639135
643.0,0.006127650886559132
644.0,0.006085169610009202
645.0,0.006039877264075533
646.0,0.005998372893472301
647.0,0.005955411657518403
648.0,0.005910992641146087
649.0,0.00585834093689083
650.0,0.005799027284257184
651.0,0.005737563276793854
652.0,0.00566355703288439
653.0,0.0055781568057286495
654.0,0.005494594286059709
655.0,0.005398933287755906
656.0,0.00528579102034195
657.0,0.005166949797580758
658.0,0.0050616536191896025
659.0,0.004977391258044467
660.0,0.0048977481068745886
661.0,0.004824259436692359
662.0,0.004764807920746475
663.0,0.00471522311455363
664.0,0.004671343369835316
665.0,0.004630766413120326
666.0,0.004592317198780419
667.0,0.0045577491740463215
668.0,0.004525555409902051
669.0,0.004495016891819917
670.0,0.004470410663375822
671.0,0.004450802265181911
672.0,0.004427799908084967
673.0,0.004408071863520206
674.0,0.00438962135267411
675.0,0.004372586579766232
676.0,0.004361129672586439
677.0,0.0043477126702804025
678.0,0.004332051031442612
679.0,0.004316446203419591
680.0,0.004304250106541334
681.0,0.004293786494315276
682.0,0.004282618827444205
683.0,0.004270502321853636
684.0,0.0042632807919159455
685.0,0.00425603185171732
686.0,0.004245079046634494
687.0,0.004224107576315384
688.0,0.0041861968944332684
689.0,0.004138300374840653
690.0,0.004085201521240855
691.0,0.004022313047693213
692.0,0.003953109848493956
693.0,0.0038883035823288796
694.0,0.0038232537832026472
695.0,0.003756611772063655
696.0,0.0036871292651231196
697.0,0.003610863392437631
698.0,0.00352411601675323
699.0,0.0034407710247442145
700.0,0.00336285056931451
701.0,0.003280953937980517
702.0,0.003195201422250543
703.0,0.0031066712004788654
704.0,0.0030257990545069584
705.0,0.002943065336114907
706.0,0.0028522779663425436
707.0,0.002764908738973864
708.0,0.0026834568383190625
709.0,0.0025991556124870694
710.0,0.002508250622769237
711.0,0.002413379612723998
712.0,0.002317735697270316
713.0,0.002226516740866688
714.0,0.0021319637500872256
715.0,0.002038231539343323
716.0,0.0019472441501570896
717.0,0.0018574209392401247
718.0,0.0017678227775236393
719.0,0.0016932023795490937
720.0,0.0016229003290327763
721.0,0.001558352821977872
722.0,0.0015019311551526732
723.0,0.0014396806312427387
724.0,0.0013734538041879122
725.0,0.0013084723915712916
726.0,0.0012455762048501655
727.0,0.0011827865528550494
728.0,0.001125347759103779
729.0,0.001074439713114853
730.0,0.001018372783076173
731.0,0.0009648807571928065
732.0,0.0009202779672769741
733.0,0.0008782708683854279
734.0,0.0008411575072140512
735.0,0.0008201321860435776
736.0,0.0007992968410685161
737.0,0.0007787647433466137
738.0,0.0007646989835920068
739.0,0.0007549752379027209
740.0,0.0007468129464088204
741.0,0.0007408369658640629
742.0,0.0007351083289942074
743.0,0.0007336518466536455
744.0,0.000730295945798341
745.0,0.0007240401686783155
746.0,0.0007147844874168852
747.0,0.0007067506415160764
748.0,0.000700091082672286
749.0,0.0006983456952026904
750.0,0.0006996171352137497
751.0,0.0006991200209405005
752.0,0.0006920238706893182
753.0,0.0006807419052147423
754.0,0.0006808530891023043
755.0,0.0006841633894448162
756.0,0.0006766581996280176
757.0,0.0006685141389735849
758.0,0.0006602421140341804
759.0,0.0006435939712696713
760.0,0.0006225502895579175
761.0,0.0006113028112166178
762.0,0.0005985073985094073
763.0,0.0005940023229365115
764.0,0.0006130806865444803
765.0,0.0006225026533664574
766.0,0.0006216662642190846
767.0,0.0006300974486490893
768.0,0.0006319126168941748
769.0,0.0006322908092503288
770.0,0.0006333660994996037
771.0,0.0006344778578887987
772.0,0.0006357960900709391
773.0,0.0006337469023458958
774.0,0.0006376941606428843
775.0,0.0006387063199383161
776.0,0.0006335748378871068
777.0,0.0006338009697850321
778.0,0.0006394749875010675
779.0,0.0006463965038407253
780.0,0.000648025917765405
781.0,0.0006474629501978572
782.0,0.0006468678173389289
783.0,0.0006460317156257923
784.0,0.0006445989436569497
785.0,0.0006411306980343148
786.0,0.0006423447222892438
787.0,0.0006502235055421356
788.0,0.0006554320484418174
789.0,0.0006531946830056845
790.0,0.000647063551741445
791.0,0.0006568458926484513
792.0,0.0006742114206284436
793.0,0.0006787546024679139
794.0,0.0006771549921681121
795.0,0.0006738145053099857
796.0,0.0006781663564547746
797.0,0.0006858343362416819
798.0,0.0006978964320750808
799.0,0.0006981492738724836
800.0,0.0006926721956170814
801.0,0.0006915259152403175
802.0,0.0006910188159639158
803.0,0.0006916899887966032
804.0,0.0006978885035467547
805.0,0.000702911641283623
806.0,0.000702463640542094
807.0,0.0006989091025884131
808.0,0.0006962784696522911
809.0,0.0006867828077559686
810.0,0.0006747097566634304
811.0,0.0006651090624094759
812.0,0.0006561878308411319
813.0,0.0006432146629152064
814.0,0.0006339058403012378
815.0,0.0006279692843950402
816.0,0.0006200187458876788
817.0,0.0006170057294783199
818.0,0.0006030243387194567
819.0,0.0005804121643604416
820.0,0.0005755254673802432
821.0,0.0005662172562321874
822.0,0.0005425559045263773
823.0,0.0005244540390808466
824.0,0.0005145456456531024
825.0,0.0004956445324981657
826.0,0.0004740671206759744
827.0,0.00045187248575880056
828.0,0.0004223232872922158
829.0,0.000397990487977409
830.0,0.00038191051111389227
831.0,0.0003703390646399852
832.0,0.0003625101320812759
833.0,0.0003466964524536912
834.0,0.0003336235660991632
835.0,0.0003259114538508714
836.0,0.00031703184837530204
837.0,0.00030497665351315406
838.0,0.00030062920160517034
839.0,0.00029668240298289596
840.0,0.0002988289093351504
841.0,0.0003008341816139482
842.0,0.0002991002142783375
843.0,0.00028974584126400686
844.0,0.0002844255363628922
845.0,0.00028400928003535227
846.0,0.0002761791872624527
847.0,0.00025402903210968163
848.0,0.00024109548247641812
849.0,0.000262325887468034
850.0,0.0002682034201645593
851.0,0.0002533193249722314
852.0,0.00024653153347453937
853.0,0.00024212829187843346
854.0,0.00023585708856929712
855.0,0.00022292900319322305
856.0,0.00020900699826915934
857.0,0.0002323095698912667
858.0,0.00024485384432365814
859.0,0.00023180066594321826
860.0,0.00021983061734977757
861.0,0.00021458997259995462
862.0,0.0002118022527059095
863.0,0.00022234508084997452
864.0,0.0002323515998541948
865.0,0.00020296737862757083
866.0,0.0001829303346904151
867.0,0.00018208401402535187
868.0,0.0001929126340092307
869.0,0.00019081776536251116
870.0,0.0001754495386178008
871.0,0.00017828007925343209
872.0,0.0001929376100935099
873.0,0.00018612709756859824
874.0,0.00017391958653214073
875.0,0.00016701246741026112
876.0,0.00016190822246802653
877.0,0.0001468914832219839
878.0,0.00013091744459951644
879.0,0.0001474846693315497
880.0,0.00016354998067658736
881.0,0.0001366858015358902
882.0,0.0001272879581109334
883.0,0.00013821236979864223
884.0,0.00013746664039293732
885.0,0.00012796393132415637
886.0,0.00010840535290295191
887.0,0.00011555197099951485
888.0,0.00012267867582398017
889.0,0.0001019673160763714
890.0,9.930723134286306e-05
891.0,0.00011024025094525487
892.0,0.00010556267780725974
893.0,9.359463563737352e-05
894.0,7.23946159846267e-05
895.0,6.237566983551903e-05
896.0,6.933011807817757e-05
897.0,8.291034276780159e-05
898.0,7.031284626852893e-05
899.0,5.076444550680336e-05
