/begin_header
/west_longitude=UNKNOWN
/south_latitude=NA
/north_latitude=UNKNOWN
/calibration_files=NA
/cruise=NA
/station=NA
/documents=NA
/data_type=NA
/affiliations=NOAA
/experiment=NA
/units=nm,dl
/start_date=2019-08-15
/end_date=NA
/missing=9999
/start_time=12:28:20
/data_file_name=NA
/cloud_percent=NA
/water_depth=NA
/data_status=NA
/east_longitude=NA
/wind_speed=NA
/secchi=NA
/measurement_depth=NA
/fields=wavelength,rrs
/delimiter=comma
/contact=NA
/end_time=NA
/wave_height=NA
/investigators=NA
/end_header@
325.0,0.011540429777409985
326.0,0.011664585516102347
327.0,0.01167800143788816
328.0,0.01152976073392038
329.0,0.011500920836726979
330.0,0.011454421257140336
331.0,0.01140483903157322
332.0,0.011354658342308841
333.0,0.011282897945418705
334.0,0.01123961200726079
335.0,0.01122462645994533
336.0,0.011206783183923794
337.0,0.011105214287941787
338.0,0.011031544238462147
339.0,0.01102099790898113
340.0,0.010977025450421474
341.0,0.010943069382602536
342.0,0.010910647762194832
343.0,0.010847056981953655
344.0,0.01077705338061149
345.0,0.010736669423293507
346.0,0.010687882227067142
347.0,0.010619178080500839
348.0,0.010565081830960405
349.0,0.010512271010719682
350.0,0.010456366637296068
351.0,0.010413632755459637
352.0,0.010366169239256064
353.0,0.010325100676285703
354.0,0.01028371151961196
355.0,0.010245935376114658
356.0,0.010213985568479161
357.0,0.01018576941405443
358.0,0.01017595140333571
359.0,0.01012635391727163
360.0,0.010058704674836102
361.0,0.010023225165856518
362.0,0.010006578364776747
363.0,0.00998440164244806
364.0,0.009924224155466725
365.0,0.009888319233925861
366.0,0.009888145570109724
367.0,0.009859219747864658
368.0,0.009816704935680877
369.0,0.009779510576925955
370.0,0.0097537978467967
371.0,0.009739066603479073
372.0,0.009726439392381775
373.0,0.009707633383848191
374.0,0.00967450153067966
375.0,0.009641852526293484
376.0,0.009615656604722678
377.0,0.009582676856420462
378.0,0.009551082511857236
379.0,0.00952668513402096
380.0,0.009528902481661146
381.0,0.009514956012011872
382.0,0.009475725989328755
383.0,0.009466662577468133
384.0,0.009463561541464572
385.0,0.009429100967108094
386.0,0.009393624023529164
387.0,0.00936609056510686
388.0,0.009351063732849328
389.0,0.009343815389802501
390.0,0.009336600217430985
391.0,0.00933930741410301
392.0,0.00933614215956309
393.0,0.009324018560648035
394.0,0.009300715930903867
395.0,0.009275717064048287
396.0,0.00925625887635626
397.0,0.009220746633805359
398.0,0.009175763266075342
399.0,0.009150271842919161
400.0,0.009137579970792047
401.0,0.009116599316544656
402.0,0.009099204123958279
403.0,0.009089297520513481
404.0,0.009076986751804893
405.0,0.009063446437890978
406.0,0.009048968431968474
407.0,0.009045065585925747
408.0,0.009039778918407702
409.0,0.009023660274382828
410.0,0.009005726185552577
411.0,0.008987941913952793
412.0,0.008980747109255166
413.0,0.008974275883892541
414.0,0.008965090154174384
415.0,0.008961106205800557
416.0,0.008960481064023832
417.0,0.008958927013563874
418.0,0.00895621149914891
419.0,0.008954690767071274
420.0,0.008962266285317322
421.0,0.008968198671523061
422.0,0.008974978479869548
423.0,0.00897833845491238
424.0,0.00898142314915307
425.0,0.008992303165809516
426.0,0.009002602343665334
427.0,0.009010227277952698
428.0,0.009018429552465197
429.0,0.009028446091797366
430.0,0.00904349322385284
431.0,0.009050117541826679
432.0,0.009049754811124636
433.0,0.00905099366266245
434.0,0.009055463031091952
435.0,0.009063290104012545
436.0,0.009069815329281852
437.0,0.009081503676766084
438.0,0.009099564129588936
439.0,0.009122560723454822
440.0,0.009150656851831545
441.0,0.009187142934331123
442.0,0.009222151034307909
443.0,0.00925471553172412
444.0,0.009294735287512379
445.0,0.009341205731760298
446.0,0.009391904502354859
447.0,0.009443655515231294
448.0,0.00949366273951876
449.0,0.009537890972543138
450.0,0.009590612465744396
451.0,0.009653730695866867
452.0,0.00970957923965315
453.0,0.009762152792120234
454.0,0.009812979412098268
455.0,0.009861589624817008
456.0,0.009909596738181784
457.0,0.00995793485318538
458.0,0.010007198264664173
459.0,0.010054719113484772
460.0,0.010103266237051173
461.0,0.010151709769331222
462.0,0.010196658722652296
463.0,0.01024511031877066
464.0,0.010297519178750951
465.0,0.01035044158121091
466.0,0.010403944281541374
467.0,0.010460194442913684
468.0,0.010515045661836388
469.0,0.01056843514423666
470.0,0.010623203297179185
471.0,0.010678741983752287
472.0,0.01073296888212611
473.0,0.010783485632978821
474.0,0.010831309110807298
475.0,0.01087446096473282
476.0,0.010922897361410907
477.0,0.010971530193646366
478.0,0.011010862744311182
479.0,0.011052699721808461
480.0,0.011099647538638022
481.0,0.011143246023749621
482.0,0.011189966915595352
483.0,0.011241443631756871
484.0,0.011288241381471827
485.0,0.011334255564250422
486.0,0.01139020239817346
487.0,0.011443386500869918
488.0,0.0114879778833793
489.0,0.011530048421165428
490.0,0.01157333985200848
491.0,0.011628758077519919
492.0,0.01168543545881425
493.0,0.011741957506315164
494.0,0.011804762180095883
495.0,0.011869446704744921
496.0,0.011938028263197484
497.0,0.012014765323025419
498.0,0.01209804164018453
499.0,0.012181627771329289
500.0,0.012263940782163047
501.0,0.012350650489552927
502.0,0.012447236941339198
503.0,0.012543223331860351
504.0,0.012627623667193524
505.0,0.012713940793115799
506.0,0.012800451388693772
507.0,0.01288121429777446
508.0,0.012954888932127434
509.0,0.013022118797557894
510.0,0.01308155352807261
511.0,0.013145258657310727
512.0,0.013221291196560505
513.0,0.013305468434327084
514.0,0.013398412319444308
515.0,0.013506609422227367
516.0,0.013630218724857677
517.0,0.01376241235598695
518.0,0.013889857821599145
519.0,0.014014411260284115
520.0,0.014135623392565763
521.0,0.014257610685053726
522.0,0.014382610850051047
523.0,0.014508268749303313
524.0,0.014638384739500401
525.0,0.014775505731786437
526.0,0.014911625731044353
527.0,0.015045584938045198
528.0,0.015175880937339117
529.0,0.015297356768759271
530.0,0.015413724907272396
531.0,0.015536606571047879
532.0,0.015660049465759406
533.0,0.01577770543648941
534.0,0.01589269550994756
535.0,0.01600288087918624
536.0,0.016109953295821187
537.0,0.01621564303568803
538.0,0.016321415869032546
539.0,0.016422376210694544
540.0,0.016516884746519654
541.0,0.016604371978626027
542.0,0.016681532072660064
543.0,0.016747469751701414
544.0,0.016804501758173
545.0,0.016853699211700608
546.0,0.01689373748741645
547.0,0.016926962242908274
548.0,0.016956731938977294
549.0,0.016981365215514944
550.0,0.017008746537597257
551.0,0.017043064391388724
552.0,0.0170803142962594
553.0,0.017119541148144964
554.0,0.017166459869045934
555.0,0.01721399583479547
556.0,0.017261516306785508
557.0,0.01730857223535865
558.0,0.017344821821536256
559.0,0.017367858474197084
560.0,0.01738707830058535
561.0,0.017400934749737244
562.0,0.01740258881268817
563.0,0.017399292683987454
564.0,0.017391819511432163
565.0,0.01737155293162857
566.0,0.0173434738865237
567.0,0.017309234916028086
568.0,0.017261895525761902
569.0,0.017201563535212825
570.0,0.0171329865832688
571.0,0.01704930709368054
572.0,0.016950711358344826
573.0,0.016845094571370265
574.0,0.016724873604899895
575.0,0.01657707366023244
576.0,0.016413389402990874
577.0,0.01623591465470505
578.0,0.016034186539343433
579.0,0.015806439787004554
580.0,0.015549846861738766
581.0,0.015271610313275041
582.0,0.014982394235762567
583.0,0.014682451737269666
584.0,0.014376497644077576
585.0,0.01406788641326329
586.0,0.013753978280326793
587.0,0.013438526994158383
588.0,0.013118648060136379
589.0,0.012784441131435748
590.0,0.012441679196124353
591.0,0.012099458111080843
592.0,0.011757264388496674
593.0,0.011405088020656946
594.0,0.011028486047232543
595.0,0.010627001340395258
596.0,0.010206740392541696
597.0,0.009767477859667452
598.0,0.009323399121604386
599.0,0.008916079431848226
600.0,0.008556887475890078
601.0,0.008260111196488715
602.0,0.00802388491029138
603.0,0.007845653401650464
604.0,0.0077212185022744574
605.0,0.007631538016847554
606.0,0.007562321871722183
607.0,0.007503025617736396
608.0,0.007452159076354217
609.0,0.007408451696368036
610.0,0.007363741028766491
611.0,0.007319460715074419
612.0,0.007276932704670299
613.0,0.0072295968461277395
614.0,0.007176827485951486
615.0,0.007128801351988981
616.0,0.007083103633047494
617.0,0.007034102750125176
618.0,0.0069899952409013715
619.0,0.006948876018815974
620.0,0.006897982804383892
621.0,0.006850195726860823
622.0,0.006812449825710197
623.0,0.006770013313282114
624.0,0.0067246219031636325
625.0,0.006688892157865264
626.0,0.006649778720666447
627.0,0.006601774762739637
628.0,0.0065618637103156754
629.0,0.006526421057894574
630.0,0.0064911680869108035
631.0,0.006459622365629335
632.0,0.006430959153607393
633.0,0.0063959764013535704
634.0,0.006359938305828469
635.0,0.006328440244378955
636.0,0.006297948104846338
637.0,0.006268352826525399
638.0,0.0062422325349666494
639.0,0.006209821034156804
640.0,0.006169318159171442
641.0,0.006131872079820485
642.0,0.006096201578912246
643.0,0.006054641216575893
644.0,0.006013392572577346
645.0,0.00597072342839725
646.0,0.005920744572626678
647.0,0.00587062159181668
648.0,0.005821795910555047
649.0,0.00577158320144532
650.0,0.005712134934972072
651.0,0.005638918166374401
652.0,0.005554073577722699
653.0,0.005461624039214608
654.0,0.0053783929393769175
655.0,0.005279347733676776
656.0,0.00515198285839805
657.0,0.00501948730137404
658.0,0.004902866035557815
659.0,0.004812707415557614
660.0,0.0047393516403815925
661.0,0.00467628948907525
662.0,0.004609296799488767
663.0,0.004546736680573273
664.0,0.004496620767800377
665.0,0.004457656281755044
666.0,0.004425155381028346
667.0,0.0043926175241825235
668.0,0.004359120970583551
669.0,0.004328046490762947
670.0,0.004301029327038693
671.0,0.004279895801300423
672.0,0.004256265368178746
673.0,0.0042307826064129726
674.0,0.004208705194486259
675.0,0.004195832157972775
676.0,0.0041817297651940265
677.0,0.0041607768536105014
678.0,0.004140007925751527
679.0,0.0041226987230855786
680.0,0.004113716578229938
681.0,0.004105030640010109
682.0,0.004096435550506207
683.0,0.004083257887738074
684.0,0.004072747900994637
685.0,0.004065181917048971
686.0,0.004053736413955708
687.0,0.004030490799389879
688.0,0.0039891743587016065
689.0,0.003937100358261145
690.0,0.0038826045947084422
691.0,0.0038334211593599316
692.0,0.003781602141054287
693.0,0.0037119666496356132
694.0,0.003639128799967753
695.0,0.003570765101493728
696.0,0.0035013373467518436
697.0,0.003427956900677733
698.0,0.003351399772818888
699.0,0.003262569933047247
700.0,0.003171214397377663
701.0,0.00309283502196051
702.0,0.003013907333376511
703.0,0.002932927809289113
704.0,0.0028517987672291535
705.0,0.0027701452056059254
706.0,0.0026878137050217058
707.0,0.00260565530195937
708.0,0.002520723790819411
709.0,0.0024253754014773405
710.0,0.0023378933513213116
711.0,0.002261816253143274
712.0,0.0021717354551370983
713.0,0.0020778889394769415
714.0,0.0019939673079394293
715.0,0.0019063410092056486
716.0,0.001810689293020554
717.0,0.0017215670491335863
718.0,0.0016396294943283912
719.0,0.0015664770485411057
720.0,0.0015048777398086102
721.0,0.0014504302925349897
722.0,0.0013942638984528722
723.0,0.001337465240755163
724.0,0.0012748193866922437
725.0,0.0012174983658476443
726.0,0.0011643126546405278
727.0,0.0011052161271024187
728.0,0.0010480142315172532
729.0,0.0009950136817279628
730.0,0.0009406963885018086
731.0,0.0008924685431951137
732.0,0.0008520215967188867
733.0,0.0008197021923082431
734.0,0.0007911798705667215
735.0,0.0007622383308462432
736.0,0.0007419573198791115
737.0,0.0007306701286673063
738.0,0.0007177697171380437
739.0,0.0007067551278464625
740.0,0.0006963591617405477
741.0,0.0006879873223754026
742.0,0.0006822302575375443
743.0,0.0006769824072084097
744.0,0.0006721218046482635
745.0,0.0006688131863320166
746.0,0.0006649172334549732
747.0,0.0006597085242379604
748.0,0.0006524878143376903
749.0,0.000648597490450848
750.0,0.0006492995072493777
751.0,0.0006486333740650791
752.0,0.0006432296298257807
753.0,0.0006390047336467736
754.0,0.0006353349425343565
755.0,0.0006335947443326191
756.0,0.0006259964220136361
757.0,0.0006148332578491215
758.0,0.0006047514806405622
759.0,0.0005882169624389364
760.0,0.000556696260546618
761.0,0.0005335875735493226
762.0,0.0005369117583824278
763.0,0.0005467452737898568
764.0,0.0005551837181092572
765.0,0.000565380585845336
766.0,0.000576234825127416
767.0,0.0005771852560609212
768.0,0.0005757396524939657
769.0,0.0005879509307377424
770.0,0.0005897738854288477
771.0,0.0005839445690083901
772.0,0.0005831075831174927
773.0,0.000587046219301677
774.0,0.0005911673957522802
775.0,0.0005856914820486314
776.0,0.0005813961379896036
777.0,0.000585482212597829
778.0,0.0005944919869361854
779.0,0.0006010283150295333
780.0,0.0005960602481237417
781.0,0.0005888722029495431
782.0,0.0005833927406443476
783.0,0.0005868918290210824
784.0,0.0005986309645807955
785.0,0.0006047546028700259
786.0,0.0006078283699347109
787.0,0.0006077205088119131
788.0,0.0006026575771263591
789.0,0.0005967784475323077
790.0,0.0005969898041744625
791.0,0.0006086708410688202
792.0,0.0006173557001605466
793.0,0.000615171244112621
794.0,0.0006150472912019759
795.0,0.0006194370849448687
796.0,0.0006229266972375164
797.0,0.0006271150883544987
798.0,0.0006402530726896525
799.0,0.0006455986887075654
800.0,0.0006448026795707396
801.0,0.0006482431263006858
802.0,0.0006478254187282914
803.0,0.0006466751667117941
804.0,0.0006488884827012758
805.0,0.0006469195625965097
806.0,0.0006385127636607834
807.0,0.000627904152385454
808.0,0.0006268993275219274
809.0,0.0006308689672118557
810.0,0.0006271243648507448
811.0,0.0006144983986801617
812.0,0.0005989608393366259
813.0,0.0005853655813685103
814.0,0.0005827935113798604
815.0,0.000574424805283853
816.0,0.0005667756519893645
817.0,0.0005521739053651623
818.0,0.0005409284669029145
819.0,0.0005362384622952716
820.0,0.0005244686842165718
821.0,0.0005064380545405349
822.0,0.0004911580882407413
823.0,0.00047403011089084643
824.0,0.0004490208095703749
825.0,0.0004225100313670579
826.0,0.0004059141314767407
827.0,0.00039662173244908977
828.0,0.0003870685932575824
829.0,0.0003654267792651318
830.0,0.00032842685977236706
831.0,0.0003058353011905685
832.0,0.0002963854865586683
833.0,0.00028536567712454214
834.0,0.0002804329463851773
835.0,0.000279871565044514
836.0,0.00027620891386946286
837.0,0.00026865468881922486
838.0,0.00025791814695391523
839.0,0.0002534403565141445
840.0,0.0002507391322959372
841.0,0.0002452731943828482
842.0,0.0002429192159851877
843.0,0.00023972437121962893
844.0,0.0002411462760642918
845.0,0.00023683508652868295
846.0,0.0002236487590715399
847.0,0.0002179419557410105
848.0,0.00021848650122697978
849.0,0.0002319116781081243
850.0,0.00023970101108775334
851.0,0.00023295550060524437
852.0,0.0002137616855775088
853.0,0.00019397850195142135
854.0,0.00018105804354304824
855.0,0.00018432725586471117
856.0,0.00020086729302294442
857.0,0.00017999229305581274
858.0,0.00017506140829244842
859.0,0.00018691276513546542
860.0,0.00017773256060870778
861.0,0.00015682503768445663
862.0,0.00014314778543931574
863.0,0.00014759254749717316
864.0,0.00014978889464653452
865.0,0.0001621400451141944
866.0,0.00016097546060895505
867.0,0.0001415421801939141
868.0,0.00011795152141021872
869.0,0.00011266692569368588
870.0,0.0001251886574362094
871.0,0.0001366989427099556
872.0,0.0001305829098161223
873.0,0.00011645435270321415
874.0,0.00011716905041789696
875.0,0.00012370082197346263
876.0,0.00011929710652170531
877.0,0.00011460997239928102
878.0,9.216369049246971e-05
879.0,8.134433952059104e-05
880.0,8.117529688469509e-05
881.0,8.131047318783813e-05
882.0,8.07755585033121e-05
883.0,8.678145514096304e-05
884.0,8.143016843198533e-05
885.0,7.07006856666889e-05
886.0,6.405662859476043e-05
887.0,4.3204508026256576e-05
888.0,4.4380988473844706e-05
889.0,4.598826052329989e-05
890.0,3.839236060322711e-05
891.0,4.701745617539938e-05
892.0,5.0787643089547075e-05
893.0,6.671846246820198e-05
894.0,7.274462854442376e-05
895.0,6.377589659369565e-05
896.0,5.09407484012606e-05
897.0,5.9040202566379615e-05
898.0,6.776750684107062e-05
899.0,9.362279459537441e-05
