/begin_header
/west_longitude=UNKNOWN
/south_latitude=NA
/north_latitude=UNKNOWN
/calibration_files=NA
/cruise=NA
/station=NA
/documents=NA
/data_type=NA
/affiliations=NOAA
/experiment=NA
/units=nm,dl
/start_date=2019-08-15
/end_date=NA
/missing=9999
/start_time=12:32:24
/data_file_name=NA
/cloud_percent=NA
/water_depth=NA
/data_status=NA
/east_longitude=NA
/wind_speed=NA
/secchi=NA
/measurement_depth=NA
/fields=wavelength,rrs
/delimiter=comma
/contact=NA
/end_time=NA
/wave_height=NA
/investigators=NA
/end_header@
325.0,0.012047585055071206
326.0,0.012118140931359836
327.0,0.012147874534271881
328.0,0.012073838583268229
329.0,0.011987826899093926
330.0,0.011878644088403811
331.0,0.011838033571985065
332.0,0.011783716562128777
333.0,0.011707094273247213
334.0,0.011633620174601362
335.0,0.011607593489696543
336.0,0.011584291188777391
337.0,0.011481043123921316
338.0,0.011403900595646266
339.0,0.011386143585907013
340.0,0.011346085821553867
341.0,0.011299701213658387
342.0,0.011216346517466402
343.0,0.01113144563475533
344.0,0.011075189166275864
345.0,0.011035577458192052
346.0,0.010986362278689965
347.0,0.01091593118937099
348.0,0.010858897214816766
349.0,0.010792568919978344
350.0,0.010712616892133011
351.0,0.010666382373022296
352.0,0.010623770764609958
353.0,0.010583169868937316
354.0,0.010533851470465663
355.0,0.010483441399801745
356.0,0.010451902151166743
357.0,0.010418301225604233
358.0,0.010374146613724712
359.0,0.01030623474918882
360.0,0.010239374906260684
361.0,0.010205170056843398
362.0,0.010167070133960128
363.0,0.010114520827954776
364.0,0.010074708531480693
365.0,0.01005203049137728
366.0,0.010023779503411396
367.0,0.009980327194484996
368.0,0.009936938145871056
369.0,0.009900055888167097
370.0,0.00986272737518645
371.0,0.009827388676500359
372.0,0.009806148567152577
373.0,0.00977723696327886
374.0,0.009727320530617213
375.0,0.009694804237183715
376.0,0.00966918677475478
377.0,0.009625355752808335
378.0,0.00958318512181077
379.0,0.009552701039802122
380.0,0.009548975754229316
381.0,0.00952862958769447
382.0,0.009482739548206987
383.0,0.009468636233669274
384.0,0.009458409335826206
385.0,0.009427197381185096
386.0,0.00938956287379505
387.0,0.00935239072405249
388.0,0.009321458316956624
389.0,0.00930459002216048
390.0,0.009301125116588206
391.0,0.009301794989345618
392.0,0.009290840060410073
393.0,0.00926280219149754
394.0,0.009227181202212376
395.0,0.009195446106575998
396.0,0.009175761003509
397.0,0.009141965984989708
398.0,0.009095105082635054
399.0,0.00907072580830093
400.0,0.00905702119195128
401.0,0.009022516058927994
402.0,0.008996863045192803
403.0,0.008985533757523118
404.0,0.008967258681588545
405.0,0.008946990108149607
406.0,0.008927806034926674
407.0,0.008918866033135011
408.0,0.008907131752428184
409.0,0.008881134274937311
410.0,0.00886235394509592
411.0,0.008846851242923044
412.0,0.00882638966425861
413.0,0.008807497451824506
414.0,0.008795791356099486
415.0,0.008789273132270382
416.0,0.008785322490732408
417.0,0.00877455672898627
418.0,0.00876411510011917
419.0,0.008757365040935184
420.0,0.008758844778512551
421.0,0.00876106694613697
422.0,0.008765333895652112
423.0,0.008760686128991278
424.0,0.008756022904813362
425.0,0.008765331395846052
426.0,0.008773459585587402
427.0,0.008777144943745195
428.0,0.008780515702885065
429.0,0.008783575592125116
430.0,0.008787413279430816
431.0,0.008786387548551744
432.0,0.008781749350393966
433.0,0.008783730166043575
434.0,0.008785141731225637
435.0,0.008785394774461504
436.0,0.0087888502932151
437.0,0.008798136629940478
438.0,0.008811089223504922
439.0,0.008827874710788015
440.0,0.008849417198974174
441.0,0.008878042526715296
442.0,0.008909877790103004
443.0,0.008943035256837166
444.0,0.008979485728230313
445.0,0.00902134921060285
446.0,0.009067381956779138
447.0,0.009116745015917856
448.0,0.009165998876528456
449.0,0.009207812197704245
450.0,0.00925626404682273
451.0,0.009313760632657946
452.0,0.009363955524659144
453.0,0.009412742377903327
454.0,0.009464072527921072
455.0,0.00950881299959742
456.0,0.00954952903997277
457.0,0.009595752174793085
458.0,0.009640595208227097
459.0,0.00968018895677139
460.0,0.009726524923802445
461.0,0.009775126418615014
462.0,0.009814569846687337
463.0,0.009856463769428387
464.0,0.009903437192978868
465.0,0.009952505749650363
466.0,0.010002850647351532
467.0,0.010054958364899518
468.0,0.010102097064883592
469.0,0.010146093866498316
470.0,0.010199779607248417
471.0,0.010251943160135214
472.0,0.010298518807023833
473.0,0.01034182125757149
474.0,0.010383761862551298
475.0,0.010423057408277842
476.0,0.010468810027388609
477.0,0.010513900792828705
478.0,0.010546233662710281
479.0,0.010582267499715423
480.0,0.010624310171895555
481.0,0.010661831023416384
482.0,0.010703463397136532
483.0,0.010752468023695519
484.0,0.010795106865716473
485.0,0.010835720676259767
486.0,0.010886601792538319
487.0,0.010934702171519588
488.0,0.01097361915195205
489.0,0.011012685061808455
490.0,0.011054823559452547
491.0,0.011109864816166914
492.0,0.011159833223602368
493.0,0.011205589046567172
494.0,0.01126567497432625
495.0,0.011328154920364665
496.0,0.01139182861350485
497.0,0.011460773243966198
498.0,0.011535358136803462
499.0,0.011616542185613497
500.0,0.011695070628085502
501.0,0.011774171899383503
502.0,0.011861559807283407
503.0,0.011951573830929785
504.0,0.012034858202997354
505.0,0.0121150381720512
506.0,0.012193003096754005
507.0,0.012270889837362386
508.0,0.012342548084904769
509.0,0.01240584875507034
510.0,0.012463358862487263
511.0,0.012523886391384223
512.0,0.012592817190625405
513.0,0.01267012690576301
514.0,0.012757828427525144
515.0,0.012862697767902845
516.0,0.012979760464835574
517.0,0.013100689663040474
518.0,0.013219362584121541
519.0,0.013337417123508477
520.0,0.013452299627442724
521.0,0.013567217601733853
522.0,0.013683824896832014
523.0,0.01379952950044481
524.0,0.013920221338770763
525.0,0.014049641244148245
526.0,0.014177805659354023
527.0,0.014304103900985046
528.0,0.014426326439746753
529.0,0.014540592649791267
530.0,0.014650170959893943
531.0,0.014764427572728903
532.0,0.014881401938942657
533.0,0.014996351135710777
534.0,0.01510751208320647
535.0,0.015212402549404602
536.0,0.01531129989660289
537.0,0.015407607506741808
538.0,0.0155040684413733
539.0,0.015598263612233454
540.0,0.015687751264782154
541.0,0.015771212473905692
542.0,0.01584546908864873
543.0,0.015909488187352112
544.0,0.015962532351904774
545.0,0.016008958104686513
546.0,0.016048307025504076
547.0,0.016077923315455586
548.0,0.016101178653273564
549.0,0.0161228806313734
550.0,0.016146921432274305
551.0,0.01617668159071909
552.0,0.0162111148329964
553.0,0.01624801074339985
554.0,0.016288643410192448
555.0,0.016328669743980836
556.0,0.01636903886931302
557.0,0.01641058326908534
558.0,0.01644627527978021
559.0,0.016474493353896027
560.0,0.01649585997823491
561.0,0.016507441653121534
562.0,0.016505095491164377
563.0,0.016495050381864808
564.0,0.016479668475544433
565.0,0.016457294706595803
566.0,0.01642587327391379
567.0,0.016383236814677894
568.0,0.016334030650927957
569.0,0.016277149693285194
570.0,0.016206474447568314
571.0,0.016121609933273322
572.0,0.016025104373319055
573.0,0.015923215790740693
574.0,0.01580855551978288
575.0,0.015672410454270935
576.0,0.0155187623341406
577.0,0.015348545193431862
578.0,0.015154466296072746
579.0,0.014936231822790616
580.0,0.01469102793284345
581.0,0.014430495230073805
582.0,0.014161150304701619
583.0,0.013876311837787089
584.0,0.013583456045811113
585.0,0.013287245737600543
586.0,0.012988275971752904
587.0,0.01268857904741146
588.0,0.012382036334531658
589.0,0.012059991039014213
590.0,0.011731337433677484
591.0,0.011411109289158236
592.0,0.01108791026975745
593.0,0.010749550135869052
594.0,0.010392948299431987
595.0,0.010016720626694994
596.0,0.009620797004497226
597.0,0.009205902644554153
598.0,0.008786746070971128
599.0,0.008404663305466653
600.0,0.008066237806057848
601.0,0.007783140582208736
602.0,0.007559328813468501
603.0,0.007390648067263912
604.0,0.007271870362698829
605.0,0.007186319598385636
606.0,0.007119776331966138
607.0,0.007063552232279867
608.0,0.007014377656926864
609.0,0.006972203767295998
610.0,0.006926704802058367
611.0,0.006879975040212849
612.0,0.006839188306948719
613.0,0.0067957055966094805
614.0,0.0067474306521470686
615.0,0.006702334780177253
616.0,0.006656236167912687
617.0,0.006606316152065077
618.0,0.006561719525672492
619.0,0.006520838617831352
620.0,0.0064710949586662585
621.0,0.006424625698000737
622.0,0.006387546676534579
623.0,0.006347880890495467
624.0,0.006306950847707116
625.0,0.006272278957158844
626.0,0.006232966995491358
627.0,0.006184903579351143
628.0,0.006147104509647139
629.0,0.00611500572422957
630.0,0.006078514123103672
631.0,0.006046168221028098
632.0,0.006018478955645482
633.0,0.005986239207727183
634.0,0.005952600430544077
635.0,0.005921709383165049
636.0,0.005895520551817603
637.0,0.005872421009372916
638.0,0.005846090734453975
639.0,0.005811636046601193
640.0,0.005770542942692393
641.0,0.005734423411580399
642.0,0.00570158047169939
643.0,0.0056656448591467885
644.0,0.0056270183806791645
645.0,0.005584071706465384
646.0,0.005537282724651542
647.0,0.005492685296405642
648.0,0.0054502660601640435
649.0,0.00540046254762813
650.0,0.005338970924960208
651.0,0.00526849369594568
652.0,0.005190196176207281
653.0,0.005106895073842421
654.0,0.0050299267883932046
655.0,0.004931321166785865
656.0,0.004799326691430853
657.0,0.004675046394947497
658.0,0.004572651664362376
659.0,0.004485226774527121
660.0,0.004411324288367929
661.0,0.004348917152008714
662.0,0.004285075681754617
663.0,0.004224294729250188
664.0,0.004175536175308434
665.0,0.004137213267355041
666.0,0.004103773084992054
667.0,0.0040633654893907955
668.0,0.004027747825123712
669.0,0.004005959756295268
670.0,0.003984108656097607
671.0,0.003961490168755533
672.0,0.0039340249813858115
673.0,0.003908173714690488
674.0,0.0038890470861650665
675.0,0.003873647257135361
676.0,0.00385690790307298
677.0,0.00383897774767682
678.0,0.0038217360405312538
679.0,0.0038060023745157606
680.0,0.003796579462858148
681.0,0.0037875823223223804
682.0,0.003781098113773517
683.0,0.00377213894416919
684.0,0.003765342449037045
685.0,0.0037576778406968525
686.0,0.0037460329249728295
687.0,0.003724649022515412
688.0,0.0036885255415885056
689.0,0.0036451467582819487
690.0,0.003603005543132735
691.0,0.003559168343545943
692.0,0.0035089952731192733
693.0,0.003448450334284798
694.0,0.0033850223890149285
695.0,0.0033240813601438587
696.0,0.0032603293229503407
697.0,0.003193170734226175
698.0,0.003122561532533259
699.0,0.003040081935329721
700.0,0.002954616656846117
701.0,0.0028821172354663587
702.0,0.002811887394794124
703.0,0.002742005906873744
704.0,0.002664967233376977
705.0,0.002583914923067701
706.0,0.0025083169580088806
707.0,0.0024320803314469446
708.0,0.0023514608115366483
709.0,0.002266414226676468
710.0,0.0021869403312249538
711.0,0.002109291772291582
712.0,0.002025838263751271
713.0,0.0019441483309440351
714.0,0.0018651128508604571
715.0,0.001782486030267412
716.0,0.0016942564555350581
717.0,0.0016081293133922464
718.0,0.0015302705304929744
719.0,0.0014643052855392435
720.0,0.001406265336976542
721.0,0.0013523541759671537
722.0,0.001299787176741219
723.0,0.0012487437094973535
724.0,0.001194035327754691
725.0,0.0011363412495438404
726.0,0.0010813270227435416
727.0,0.0010292194022130466
728.0,0.0009802739718575816
729.0,0.0009328584508076429
730.0,0.0008804875582537492
731.0,0.0008341524769029591
732.0,0.0007969038869315083
733.0,0.0007667229728823322
734.0,0.0007392991993063306
735.0,0.0007121590086773706
736.0,0.0006918182980315961
737.0,0.0006779988785437694
738.0,0.0006687512211968226
739.0,0.0006619580232789709
740.0,0.0006494288071616526
741.0,0.0006392249239070332
742.0,0.0006333776147157916
743.0,0.0006313119436183529
744.0,0.0006252055573586319
745.0,0.0006157581652503868
746.0,0.0006113774963550622
747.0,0.0006083222829898866
748.0,0.0006016872952713626
749.0,0.0006005210927728561
750.0,0.0006050914697725883
751.0,0.0006068646863690751
752.0,0.0006005874953390816
753.0,0.0005935027963935549
754.0,0.0005874351775143198
755.0,0.0005845872363450243
756.0,0.0005764204619512746
757.0,0.0005668860510501152
758.0,0.000559451956065664
759.0,0.0005420659240714619
760.0,0.00051176512162345
761.0,0.0004890364161783919
762.0,0.0004924545026796644
763.0,0.0005012311829568365
764.0,0.0005032797162352642
765.0,0.0005141751627967441
766.0,0.0005309979730235886
767.0,0.0005326081440936714
768.0,0.0005294304644700818
769.0,0.0005359840430863302
770.0,0.0005399041978943996
771.0,0.0005394579593378525
772.0,0.0005333790407863698
773.0,0.0005337318918804749
774.0,0.0005393209460783221
775.0,0.0005321088698582408
776.0,0.0005245828590380472
777.0,0.0005276065828472048
778.0,0.0005364825523562618
779.0,0.000543716777085049
780.0,0.0005407285338762195
781.0,0.0005357687128289891
782.0,0.0005323272129722993
783.0,0.0005346962412967379
784.0,0.0005441913324484571
785.0,0.0005461743238315447
786.0,0.000547260962772251
787.0,0.0005490167621529887
788.0,0.0005459830330693908
789.0,0.000541350102371443
790.0,0.0005397198884882336
791.0,0.0005472991972488405
792.0,0.0005549063316883589
793.0,0.0005593166782739623
794.0,0.000561403026709349
795.0,0.0005628983644568383
796.0,0.0005672101965664498
797.0,0.000572461157583737
798.0,0.0005809243061178784
799.0,0.0005786406492179213
800.0,0.0005750672915209155
801.0,0.0005828976916250059
802.0,0.0005872590685481333
803.0,0.0005883765504380536
804.0,0.0005858488146232822
805.0,0.000579944090789016
806.0,0.0005778819727214035
807.0,0.0005674866463945941
808.0,0.0005620275494206593
809.0,0.0005680267375913208
810.0,0.0005621826355699068
811.0,0.0005448033462774544
812.0,0.0005351844632890436
813.0,0.0005268068930878188
814.0,0.000522071090594345
815.0,0.0005139182028923911
816.0,0.0005053192388780818
817.0,0.00048590851974423323
818.0,0.0004729747365957297
819.0,0.0004702596432494928
820.0,0.00045662255854275746
821.0,0.0004399033700021991
822.0,0.00043380826502382606
823.0,0.0004156359635112416
824.0,0.0003847227747973434
825.0,0.0003667986864167176
826.0,0.00035750628086551547
827.0,0.0003499297144340437
828.0,0.0003362857326664454
829.0,0.0003126173369726092
830.0,0.00028220450648032245
831.0,0.00026364391519886524
832.0,0.00025501158213896635
833.0,0.00023917198861940535
834.0,0.00023036782748302891
835.0,0.00022971976604810361
836.0,0.000227904771442991
837.0,0.00022724284578993077
838.0,0.0002235762107341134
839.0,0.00021779859105990903
840.0,0.0002079119112584894
841.0,0.00019725336385208368
842.0,0.00019300307264327057
843.0,0.00019293909778442454
844.0,0.00019440353594693964
845.0,0.0001929279005487889
846.0,0.00018750731135707527
847.0,0.00017946151178978138
848.0,0.00017115223407126955
849.0,0.00018133240412626157
850.0,0.00018934058908831085
851.0,0.00018606090509431668
852.0,0.00016166712927092192
853.0,0.00014154251013585306
854.0,0.0001465292655062974
855.0,0.00014606488454687984
856.0,0.00014815545703138013
857.0,0.00013714041545186663
858.0,0.00013837053958616402
859.0,0.00014891518819890905
860.0,0.00013739173510901413
861.0,0.00011568648684766132
862.0,0.00010689748763181518
863.0,0.00011092265506565816
864.0,0.0001123761773769504
865.0,0.00012033192646533912
866.0,0.00011835344449616843
867.0,0.00010104145084917945
868.0,7.621925598653635e-05
869.0,7.09734677395453e-05
870.0,8.996132534870501e-05
871.0,0.00010236356657260541
872.0,9.223567689119089e-05
873.0,7.922036509794015e-05
874.0,8.00471108344713e-05
875.0,8.735960614137996e-05
876.0,8.579306454050213e-05
877.0,8.14352482702292e-05
878.0,6.0026823319526797e-05
879.0,5.301914655614075e-05
880.0,5.505477031016593e-05
881.0,6.131615088036047e-05
882.0,6.027810767791601e-05
883.0,5.5964211006301314e-05
884.0,4.651033676770424e-05
885.0,3.42647383214773e-05
886.0,4.5249972484779594e-05
887.0,4.4616897246787984e-05
888.0,8.392706165493266e-05
889.0,5.0160022576193133e-05
890.0,3.462420158754048e-05
891.0,6.630620221262055e-05
892.0,4.001146240433056e-05
893.0,6.879296186344053e-05
894.0,9.147545328681261e-05
895.0,8.660208402000758e-05
896.0,6.730828014949858e-05
897.0,9.112532287529912e-05
898.0,0.00010000000000000002
899.0,0.00010000000000000002
