/begin_header
/west_longitude=UNKNOWN
/south_latitude=NA
/north_latitude=UNKNOWN
/calibration_files=NA
/cruise=NA
/station=NA
/documents=NA
/data_type=NA
/affiliations=NOAA
/experiment=NA
/units=nm,dl
/start_date=2019-10-08
/end_date=NA
/missing=9999
/start_time=12:50:25
/data_file_name=NA
/cloud_percent=NA
/water_depth=NA
/data_status=NA
/east_longitude=NA
/wind_speed=NA
/secchi=NA
/measurement_depth=NA
/fields=wavelength,rrs
/delimiter=comma
/contact=NA
/end_time=NA
/wave_height=NA
/investigators=NA
/end_header@
325.0,0.0032385278219050967
326.0,0.0032832104733393785
327.0,0.003362440227500826
328.0,0.0033260455875459083
329.0,0.003247926345436437
330.0,0.0032148457201896545
331.0,0.0031683281011181327
332.0,0.0032042695250810395
333.0,0.0032981250016059374
334.0,0.0032671329781761896
335.0,0.0033423732732353363
336.0,0.003452572250065792
337.0,0.0034333442629931746
338.0,0.0033987518415307576
339.0,0.003424440212993929
340.0,0.0034853363929826333
341.0,0.003492084575864387
342.0,0.00347710610657946
343.0,0.003548347431982074
344.0,0.0036545086679321192
345.0,0.003651707557404625
346.0,0.0036620512204567335
347.0,0.0037448678453360857
348.0,0.0038368710023533375
349.0,0.003868740794516412
350.0,0.0038357827654265076
351.0,0.0038522082560160154
352.0,0.003908399207825282
353.0,0.003994695727562532
354.0,0.0040546218794998545
355.0,0.004083631809620222
356.0,0.0041045506096677445
357.0,0.004149872782220972
358.0,0.004229167262251722
359.0,0.004223519932626229
360.0,0.0041990702124335925
361.0,0.004309673759767629
362.0,0.004342382681616073
363.0,0.0042983520023160944
364.0,0.00434879572419317
365.0,0.004399137203192168
366.0,0.0043833617387513
367.0,0.004372163760825084
368.0,0.00438863146491148
369.0,0.004399103936830906
370.0,0.004422987616954696
371.0,0.004453817075152958
372.0,0.004494649420539186
373.0,0.004518364781377857
374.0,0.0045372845257696855
375.0,0.004543361692600672
376.0,0.004550323133571485
377.0,0.004609703890539872
378.0,0.004640051409230871
379.0,0.004641613292511218
380.0,0.004633170890388838
381.0,0.004652721547915494
382.0,0.00471299401640257
383.0,0.004788825725941739
384.0,0.0048323306353920455
385.0,0.004825930222545036
386.0,0.004842523181280228
387.0,0.004869390116430242
388.0,0.004869655767535475
389.0,0.004886376039551231
390.0,0.004914597861049635
391.0,0.004909030939081356
392.0,0.004913827988494486
393.0,0.004962832264816036
394.0,0.004996234674187156
395.0,0.0050089222019980215
396.0,0.005023401963033589
397.0,0.00502208146798835
398.0,0.004993823483381573
399.0,0.004968378064582656
400.0,0.004960213991095391
401.0,0.004960372142251733
402.0,0.00495395590190885
403.0,0.004946624195858168
404.0,0.004941285394612621
405.0,0.00494713820573556
406.0,0.004967027694797001
407.0,0.004971016229324909
408.0,0.004956692089257232
409.0,0.00493698831506437
410.0,0.004929264634546128
411.0,0.004937412176772111
412.0,0.004945662008054988
413.0,0.004952564521190804
414.0,0.004956057844573486
415.0,0.004966800700352327
416.0,0.004983498829045084
417.0,0.005009747018056413
418.0,0.0050257091051625884
419.0,0.005032164568752929
420.0,0.00506191525113288
421.0,0.0050900349807677615
422.0,0.005108376565472245
423.0,0.005126305949852911
424.0,0.005144958168376545
425.0,0.005173063381710289
426.0,0.005201251197631968
427.0,0.005228065740018581
428.0,0.00525595367433491
429.0,0.005277098917287214
430.0,0.005297146928824393
431.0,0.005314490102767061
432.0,0.005327312448036554
433.0,0.005328554668215013
434.0,0.005341627680581084
435.0,0.0053690003946535135
436.0,0.005399034129105068
437.0,0.005435094674359729
438.0,0.005472168279930898
439.0,0.005513516821688527
440.0,0.0055622149858479495
441.0,0.005620591419796842
442.0,0.005680779504139274
443.0,0.005746300337472678
444.0,0.005826246424667009
445.0,0.005918253532743942
446.0,0.006011651564122116
447.0,0.006106986498319482
448.0,0.006201501186202574
449.0,0.006298272704972516
450.0,0.006397616619284381
451.0,0.006499064489804099
452.0,0.006591121255970665
453.0,0.006681078456058705
454.0,0.006770324049325682
455.0,0.006854272552404554
456.0,0.006930228210886449
457.0,0.0069991386870418785
458.0,0.00706759347642424
459.0,0.007136564554517508
460.0,0.007205804590487264
461.0,0.007272654621962702
462.0,0.007330923204805889
463.0,0.0073919943263772905
464.0,0.00745717704499693
465.0,0.007532340921411344
466.0,0.007615507068316861
467.0,0.007694996979563417
468.0,0.0077739895257445514
469.0,0.007855765156710808
470.0,0.007947186182833178
471.0,0.00802673612192607
472.0,0.008099106383968501
473.0,0.00819787706443932
474.0,0.008295714954194327
475.0,0.008380216858220556
476.0,0.008461140852677402
477.0,0.00854190277441234
478.0,0.008608563006807571
479.0,0.008678568041365207
480.0,0.00875698818752973
481.0,0.00882454153116991
482.0,0.008888465924247049
483.0,0.008948925743444438
484.0,0.009011481981144868
485.0,0.009078028881723878
486.0,0.00915336365716413
487.0,0.009216940174271207
488.0,0.00925562515473347
489.0,0.009305563292673246
490.0,0.009369768104216733
491.0,0.009434122867982913
492.0,0.00949739354197728
493.0,0.00956679489467626
494.0,0.009646652056886024
495.0,0.009738336190063132
496.0,0.009848999210988646
497.0,0.009964280498933121
498.0,0.01008722787425632
499.0,0.010226509760676811
500.0,0.010372023204892111
501.0,0.01052184227037235
502.0,0.010701799440248553
503.0,0.010886465598856646
504.0,0.011062792584979097
505.0,0.011254133297566216
506.0,0.011455873797709156
507.0,0.011655073967152397
508.0,0.011865686661037704
509.0,0.01208746266386973
510.0,0.012309163121180324
511.0,0.012532826593186644
512.0,0.012770189214652283
513.0,0.013013128629884092
514.0,0.013264166717458009
515.0,0.013529680051643206
516.0,0.013804493759046677
517.0,0.014079641476584503
518.0,0.014340382167285531
519.0,0.014591096038605223
520.0,0.014836241641921854
521.0,0.0150835733889793
522.0,0.015336619346404767
523.0,0.015587884275365418
524.0,0.015835957835243792
525.0,0.01608002415258262
526.0,0.016323638137418335
527.0,0.01657000454347944
528.0,0.016796032829011723
529.0,0.01700903226513039
530.0,0.017218662931010265
531.0,0.01743343126637565
532.0,0.017648865876253715
533.0,0.01785863041777357
534.0,0.01806556596181892
535.0,0.018268208514610855
536.0,0.01846388234715924
537.0,0.01865558487046828
538.0,0.018849165777862283
539.0,0.019047453761013137
540.0,0.019243082050634755
541.0,0.019420036700245162
542.0,0.019596812894745755
543.0,0.019774865102337908
544.0,0.01993853099832752
545.0,0.020097229328883772
546.0,0.020252310987386633
547.0,0.020401145047243868
548.0,0.02054784600214974
549.0,0.020692659252406174
550.0,0.02083593782358769
551.0,0.020981508099981363
552.0,0.02112195962193994
553.0,0.02125608094966641
554.0,0.021392370256488533
555.0,0.02151889199982858
556.0,0.021635899921026425
557.0,0.021751250306552544
558.0,0.02185619136299804
559.0,0.02194563307815179
560.0,0.02202590944381775
561.0,0.022096380910065303
562.0,0.022149309129996103
563.0,0.02219358297325776
564.0,0.022232533107559536
565.0,0.022258624119145858
566.0,0.02226846670451275
567.0,0.02226655953372991
568.0,0.022262167974283133
569.0,0.02224872303334775
570.0,0.022213643784841485
571.0,0.022169270827004157
572.0,0.022113568147833846
573.0,0.022058290605897996
574.0,0.022000013930256367
575.0,0.02192854479290508
576.0,0.02184504709607161
577.0,0.021749064476499217
578.0,0.02163837138336983
579.0,0.021504836393631637
580.0,0.02135166472421173
581.0,0.0211961252118954
582.0,0.021035249272748954
583.0,0.020856912674659275
584.0,0.02067876024270375
585.0,0.020510936844663215
586.0,0.020341839619140625
587.0,0.020168701522995824
588.0,0.019989986520161707
589.0,0.019791558435870847
590.0,0.01957789526540029
591.0,0.01936632949646296
592.0,0.019155968230651372
593.0,0.018930505643763085
594.0,0.018671988273943226
595.0,0.018378078152370494
596.0,0.018043464219690313
597.0,0.017668569688414088
598.0,0.01726348988772248
599.0,0.01685484735738045
600.0,0.01646961542341472
601.0,0.016130280632752687
602.0,0.01582943254249425
603.0,0.015577806800278982
604.0,0.01539294320522858
605.0,0.01523802994188595
606.0,0.015094407734223015
607.0,0.014956667222147571
608.0,0.014818274348006583
609.0,0.014685533561157049
610.0,0.014552451586136824
611.0,0.014421184466567982
612.0,0.014293005410642063
613.0,0.014163035471216622
614.0,0.01403406138622799
615.0,0.013913486072961051
616.0,0.013795670139330246
617.0,0.013683979848340022
618.0,0.013578604850733747
619.0,0.013484119982084037
620.0,0.013415722047479489
621.0,0.013358670123174852
622.0,0.013295527391044063
623.0,0.013237319668772434
624.0,0.013186501045075242
625.0,0.013141365338267217
626.0,0.013101745281304145
627.0,0.01306130804066719
628.0,0.013007055946639774
629.0,0.012949994465018122
630.0,0.012903370020856333
631.0,0.012858959021108054
632.0,0.012816892280576253
633.0,0.012779701817217787
634.0,0.012753287798570146
635.0,0.01274451114669441
636.0,0.012730496257652685
637.0,0.012711889516101683
638.0,0.012706531535583054
639.0,0.012693153124070202
640.0,0.012664751633037846
641.0,0.012628774505534065
642.0,0.012587912448453475
643.0,0.012550523017324627
644.0,0.012502952281035146
645.0,0.012439106768505983
646.0,0.01236242491766836
647.0,0.012271010136265562
648.0,0.012151584593477652
649.0,0.012003411210636594
650.0,0.011841161540956413
651.0,0.01167110085882828
652.0,0.011471280286360614
653.0,0.011241074091281566
654.0,0.011008171017504873
655.0,0.010725072958501423
656.0,0.01037004289057349
657.0,0.009992671360745033
658.0,0.009641481827841051
659.0,0.009328633747222367
660.0,0.009027939732247607
661.0,0.008733564465414217
662.0,0.008481124269731532
663.0,0.008254408700860012
664.0,0.008049882464894558
665.0,0.007867694619227133
666.0,0.007711905674101775
667.0,0.007604116074966745
668.0,0.007536581194803317
669.0,0.0075070274180801255
670.0,0.007503829198744406
671.0,0.007524933290446361
672.0,0.007569050103863756
673.0,0.007641813913772781
674.0,0.007738607536409916
675.0,0.007840682868456506
676.0,0.007956098257796876
677.0,0.008100259562296064
678.0,0.008242557089159216
679.0,0.00838632995248581
680.0,0.008563318257847228
681.0,0.008752635146188525
682.0,0.008947175515750982
683.0,0.00916065913801545
684.0,0.009428885747636048
685.0,0.009838226706706778
686.0,0.010313571783088619
687.0,0.010757947908664873
688.0,0.010943202815813572
689.0,0.011014765177861739
690.0,0.011120957835052608
691.0,0.01125443287207328
692.0,0.011405593620491993
693.0,0.011562417453993307
694.0,0.01168851816831837
695.0,0.011768283785664118
696.0,0.011826899263877824
697.0,0.011874784804546257
698.0,0.01191082671456552
699.0,0.011903999828119651
700.0,0.01184561542477626
701.0,0.011741894827463259
702.0,0.011598977040821174
703.0,0.01142795946741509
704.0,0.011235906743504552
705.0,0.01102666244369773
706.0,0.010803358071936449
707.0,0.010559402549229917
708.0,0.010294135752569813
709.0,0.009999958585375864
710.0,0.009689794182051866
711.0,0.009376999697804322
712.0,0.009051326575087776
713.0,0.008723936278473328
714.0,0.00841504798648764
715.0,0.008154363889311584
716.0,0.00793073900394774
717.0,0.007700121780141391
718.0,0.007406799716518765
719.0,0.007034382742607599
720.0,0.006672325283347267
721.0,0.006371886441399922
722.0,0.006145336696793821
723.0,0.005926502378345462
724.0,0.005694775719397232
725.0,0.005456241538571008
726.0,0.0052073798609660335
727.0,0.004952792240423012
728.0,0.004701869645661177
729.0,0.004448196050425042
730.0,0.004179945402949251
731.0,0.003916280109809294
732.0,0.003669408131028719
733.0,0.0034814618218693854
734.0,0.003346418110879765
735.0,0.0032257045600985537
736.0,0.003125369948854107
737.0,0.0030428575347141076
738.0,0.0029754550344564487
739.0,0.0029209518555451974
740.0,0.0028662390942661236
741.0,0.0028236854686022324
742.0,0.002797413413407011
743.0,0.0027737234617060875
744.0,0.0027488024215077387
745.0,0.002721895855456535
746.0,0.0027032351179415884
747.0,0.0026860786935246636
748.0,0.002665826268091257
749.0,0.0026495021736994266
750.0,0.0026340321060541612
751.0,0.002618919666096628
752.0,0.002601098674370082
753.0,0.0025839771540632946
754.0,0.0025742987069033133
755.0,0.002575268366555507
756.0,0.0025862188117172476
757.0,0.0026644198041425463
758.0,0.0028310977358158426
759.0,0.0030417204028312357
760.0,0.0032690687513169474
761.0,0.0033121277763404574
762.0,0.0032192504958485856
763.0,0.0030508490404471712
764.0,0.002875458671882225
765.0,0.002722609227093472
766.0,0.002607378580400679
767.0,0.0025402962058717815
768.0,0.0024966398135823444
769.0,0.0024600000775824274
770.0,0.002440896334418493
771.0,0.0024376523319723643
772.0,0.002440753219011511
773.0,0.0024406219954734294
774.0,0.002438470868289217
775.0,0.0024299502747788778
776.0,0.0024267461236247524
777.0,0.0024357730917165627
778.0,0.002448621738163941
779.0,0.002461912833565952
780.0,0.0024684389404284034
781.0,0.0024745818223590567
782.0,0.002485599591583968
783.0,0.002505229056913809
784.0,0.002529557939124637
785.0,0.00254633381821606
786.0,0.0025717289765936563
787.0,0.0026061116356083597
788.0,0.0026276720451025677
789.0,0.002646295423329237
790.0,0.0026664127721074847
791.0,0.002687483788254939
792.0,0.0027008409280527227
793.0,0.002707034373836721
794.0,0.002719734483241854
795.0,0.002743494006300566
796.0,0.0027735916934863588
797.0,0.002805433464525648
798.0,0.002834366191745705
799.0,0.002854287943676233
800.0,0.002871415968690562
801.0,0.0028775024729665805
802.0,0.002884902909347527
803.0,0.0028980327171206923
804.0,0.002888928975236846
805.0,0.002888200103186707
806.0,0.0029023128816658738
807.0,0.0029119626543423747
808.0,0.0029137273364980196
809.0,0.0029305639799538487
810.0,0.002945344127183559
811.0,0.002947708173916002
812.0,0.0029613677594528026
813.0,0.0029730699165786195
814.0,0.0029502217576785556
815.0,0.0029305618840148083
816.0,0.0029109562777091093
817.0,0.0028637368727619417
818.0,0.002798185165202769
819.0,0.0027322018138030363
820.0,0.0026799958427743764
821.0,0.0026191423857800287
822.0,0.002554301330281416
823.0,0.002461918630557629
824.0,0.0023463569702461646
825.0,0.00227499545873938
826.0,0.0022052981543418102
827.0,0.0021204830035095423
828.0,0.0020325368074873553
829.0,0.0019378250921739295
830.0,0.0018595417043204613
831.0,0.0017829786017981165
832.0,0.0017126063883068441
833.0,0.0016473360394634894
834.0,0.0016070268172676532
835.0,0.0015795564221648233
836.0,0.0015238832885893549
837.0,0.001472565222877447
838.0,0.0014531780080021758
839.0,0.0014317723157407619
840.0,0.0014093642493547254
841.0,0.0013771711673098853
842.0,0.001357784570221755
843.0,0.001354087191122471
844.0,0.001342341098136505
845.0,0.0013363793717975313
846.0,0.0013151508192854617
847.0,0.0012793849787281393
848.0,0.0012480843881812402
849.0,0.001267136903710619
850.0,0.001267350623259699
851.0,0.0012381077634327302
852.0,0.0012237796813139574
853.0,0.0012099667927236927
854.0,0.001174167536850311
855.0,0.0011650207981014754
856.0,0.0011680663104433858
857.0,0.0011484432097269676
858.0,0.0011255291888213593
859.0,0.001100099171021923
860.0,0.0010705044080987272
861.0,0.0010631064469083947
862.0,0.0010731902289638862
863.0,0.0010726113794221003
864.0,0.001062888566660561
865.0,0.001011123522759811
866.0,0.000982392052068885
867.0,0.000985882022797297
868.0,0.000971121904758822
869.0,0.0009410880117556513
870.0,0.0009215905918721189
871.0,0.0009294674584366137
872.0,0.0009420622978828308
873.0,0.0009170853744239442
874.0,0.0009011401197913862
875.0,0.0009003334993742688
876.0,0.0008747978023022869
877.0,0.0008363273945845094
878.0,0.0008215445893652636
879.0,0.0008385167095511222
880.0,0.0008507540164445802
881.0,0.0008460535791575055
882.0,0.0008077775816828289
883.0,0.0007544032658171735
884.0,0.0007827965097044534
885.0,0.0007897924728470906
886.0,0.0007609683760068737
887.0,0.000723247987670533
888.0,0.000715412133719034
889.0,0.0007458933681984711
890.0,0.0007413441433450519
891.0,0.0007134707432402489
892.0,0.0007615749939489911
893.0,0.000791758271295322
894.0,0.0007914289163801688
895.0,0.0008014455062568895
896.0,0.0008345117288055248
897.0,0.0008416775130448122
898.0,0.0008784490061972287
899.0,0.000890667692051424
