/begin_header
/west_longitude=UNKNOWN
/south_latitude=NA
/north_latitude=UNKNOWN
/calibration_files=NA
/cruise=NA
/station=NA
/documents=NA
/data_type=NA
/affiliations=NOAA
/experiment=NA
/units=nm,dl
/start_date=2019-10-08
/end_date=NA
/missing=9999
/start_time=11:30:50
/data_file_name=NA
/cloud_percent=NA
/water_depth=NA
/data_status=NA
/east_longitude=NA
/wind_speed=NA
/secchi=NA
/measurement_depth=NA
/fields=wavelength,rrs
/delimiter=comma
/contact=NA
/end_time=NA
/wave_height=NA
/investigators=NA
/end_header@
325.0,0.0002004564534828847
326.0,0.00020957252153731577
327.0,0.00021271158443792785
328.0,0.0002493723056946313
329.0,0.0002533062574221462
330.0,0.0002326581762461169
331.0,0.00020336910653352176
332.0,0.00018665111588766077
333.0,0.0002236747976161926
334.0,0.0002266470050250377
335.0,0.00022860221385477016
336.0,0.0002251684098172416
337.0,0.00024058049408465115
338.0,0.00026093688783400935
339.0,0.0002883583634239093
340.0,0.00029716997060142455
341.0,0.0003178690695614037
342.0,0.00034903734576392185
343.0,0.0003532540834361683
344.0,0.00035636802858322143
345.0,0.00041356866515703677
346.0,0.00046190215693138096
347.0,0.00047276374331520226
348.0,0.0004895202648262139
349.0,0.0005074239389103606
350.0,0.0005344532782397636
351.0,0.0005766039003093524
352.0,0.0006074668422300902
353.0,0.0006134521183233689
354.0,0.0006403042066042444
355.0,0.00069043494782274
356.0,0.0007268283596454923
357.0,0.0007631990213253297
358.0,0.000777020203150045
359.0,0.0008072801771647762
360.0,0.0008450273675723035
361.0,0.0008763914690417017
362.0,0.0008883045915923588
363.0,0.0008915475502480919
364.0,0.0009136673630749982
365.0,0.0009287684731363632
366.0,0.0009600182623984053
367.0,0.0009764782868268162
368.0,0.0009967898160632514
369.0,0.0010085080710222813
370.0,0.001023394344390626
371.0,0.0010477697215724104
372.0,0.0010866630397546513
373.0,0.0011144511440403372
374.0,0.001151783979914952
375.0,0.0011997124417087528
376.0,0.0012392594640795664
377.0,0.0012323955678874908
378.0,0.0012449767432048042
379.0,0.001298939203396429
380.0,0.0013311592479880257
381.0,0.0013658564692212685
382.0,0.0014127563361207506
383.0,0.0014855268201678805
384.0,0.00154681431040732
385.0,0.0015588248353997575
386.0,0.0015702230976292985
387.0,0.001602374443409492
388.0,0.0016437523868290682
389.0,0.001681961601931734
390.0,0.0017284634239248143
391.0,0.0017661077429559472
392.0,0.0018057504277762479
393.0,0.001859487807804349
394.0,0.001914815841173988
395.0,0.0019582575232910656
396.0,0.001973745339567329
397.0,0.0019897456337142076
398.0,0.0020043546162944546
399.0,0.0020213898982041315
400.0,0.002041812750240845
401.0,0.0020602520041402366
402.0,0.002065291468233292
403.0,0.002063774182252083
404.0,0.0020993915320487006
405.0,0.0021260543102375987
406.0,0.002130952291139572
407.0,0.0021496420276914015
408.0,0.002171092625668335
409.0,0.002198177615601029
410.0,0.002214549619748157
411.0,0.002223651246489016
412.0,0.002247080769830193
413.0,0.002266857076249283
414.0,0.0022859198477087764
415.0,0.0023244864383969504
416.0,0.0023683704869350668
417.0,0.0023969231128631754
418.0,0.002433337279647824
419.0,0.00247522849930433
420.0,0.002515848220503271
421.0,0.002556381149154418
422.0,0.0026002133335994784
423.0,0.002646050031471102
424.0,0.00268940995050948
425.0,0.002734425966841053
426.0,0.002778227254276035
427.0,0.002820983433735192
428.0,0.0028571987621683627
429.0,0.0028921810471182023
430.0,0.0029275887687076805
431.0,0.002969443006303263
432.0,0.0030092344473159325
433.0,0.0030402837808961277
434.0,0.0030719893324866504
435.0,0.0031058582410190697
436.0,0.003147415055687994
437.0,0.003194958827559498
438.0,0.0032445021594420718
439.0,0.0033114533023656987
440.0,0.0033934479684604537
441.0,0.003471686766104
442.0,0.0035511614603088034
443.0,0.0036382500947855292
444.0,0.0037325550511491654
445.0,0.0038346559651695833
446.0,0.003952870167594358
447.0,0.00407365926093667
448.0,0.004189639051188914
449.0,0.0043117780732174395
450.0,0.004425296441999857
451.0,0.00452919646850648
452.0,0.004643287565442113
453.0,0.004756738686705703
454.0,0.00486539524619745
455.0,0.0049649485787697425
456.0,0.005056028136761761
457.0,0.005151220715210869
458.0,0.005236635669011977
459.0,0.005312535677125595
460.0,0.00538660501965477
461.0,0.00546181136628193
462.0,0.005542240590979861
463.0,0.0056230174504123785
464.0,0.005703783514839147
465.0,0.00579452502418761
466.0,0.005884750646650127
467.0,0.005968441895197182
468.0,0.006064636394334402
469.0,0.006164913618351199
470.0,0.006262328157759699
471.0,0.00636523977908605
472.0,0.006473207893919054
473.0,0.006576037977837139
474.0,0.006675329362710156
475.0,0.006778884111640364
476.0,0.006885479275332708
477.0,0.0069872444253752785
478.0,0.007074074356160379
479.0,0.007160904225065308
480.0,0.007251590235651355
481.0,0.0073313242575279505
482.0,0.0074019681360312384
483.0,0.007469472828120773
484.0,0.007539490042464668
485.0,0.007611023079621922
486.0,0.007677737494217752
487.0,0.007740281109928473
488.0,0.007796745644856079
489.0,0.007839593095427963
490.0,0.007885956890283602
491.0,0.007952392953252112
492.0,0.008026200194761655
493.0,0.008099124637648482
494.0,0.008169668813844396
495.0,0.008253039971205484
496.0,0.00835328035583408
497.0,0.00845290516935865
498.0,0.008558901078036089
499.0,0.00868640689336191
500.0,0.008828578461327246
501.0,0.00898146245762054
502.0,0.009131576123461877
503.0,0.00929088935554866
504.0,0.009467035737387438
505.0,0.009644247518577172
506.0,0.009825039061969455
507.0,0.010013305124404511
508.0,0.010211450807862983
509.0,0.010415647010737505
510.0,0.010621490936830246
511.0,0.010830115024670062
512.0,0.01104885272776818
513.0,0.011275547888208382
514.0,0.01150826052487202
515.0,0.011750420682879837
516.0,0.012006094352777451
517.0,0.01226564963121603
518.0,0.012522704532552572
519.0,0.012778061252082648
520.0,0.01301732644850671
521.0,0.013251497811793656
522.0,0.013485095609408864
523.0,0.013713250973132802
524.0,0.013937717264078626
525.0,0.01416197029539773
526.0,0.014393364985842299
527.0,0.01462799035403665
528.0,0.014848157488313474
529.0,0.015057061025302267
530.0,0.015260335621877697
531.0,0.015462238022469326
532.0,0.015664660964074477
533.0,0.01587003478787035
534.0,0.01606668643867204
535.0,0.016254246856734385
536.0,0.0164445712996806
537.0,0.016632776191336657
538.0,0.01681963117051634
539.0,0.017009451848938303
540.0,0.017198372365181874
541.0,0.017377301741566382
542.0,0.017556677876843816
543.0,0.017737536917602638
544.0,0.017911793506614725
545.0,0.018086421018550743
546.0,0.018266667762158396
547.0,0.018439264887609864
548.0,0.018605327397725958
549.0,0.018781486551357186
550.0,0.018958838171164834
551.0,0.01913635949836722
552.0,0.019311331459455232
553.0,0.019488813518302457
554.0,0.01967043257109168
555.0,0.019838267665048648
556.0,0.019997550624291743
557.0,0.020161431571636065
558.0,0.020312871359627043
559.0,0.020447826665892017
560.0,0.020577827753429645
561.0,0.020697413184615664
562.0,0.020800440119162537
563.0,0.02089488044030812
564.0,0.020979630581520834
565.0,0.02105038402592207
566.0,0.021111674839561657
567.0,0.021162401650341486
568.0,0.021204435438863592
569.0,0.02123574060581688
570.0,0.021252421799475334
571.0,0.021260675892040382
572.0,0.021260999335321593
573.0,0.021251429124372452
574.0,0.02124344674339682
575.0,0.021237851519417622
576.0,0.021208825602569054
577.0,0.02115881747092629
578.0,0.021110736934985212
579.0,0.021050251268834492
580.0,0.02097272992794098
581.0,0.020884567261704092
582.0,0.020791703003154242
583.0,0.020688512735959758
584.0,0.020583050159261457
585.0,0.02047835744831894
586.0,0.020375268390566532
587.0,0.0202714425279621
588.0,0.020159905068082393
589.0,0.020040040189458604
590.0,0.019910650550482686
591.0,0.019761225292832023
592.0,0.019604305281301117
593.0,0.01943145971277057
594.0,0.019223445481866747
595.0,0.01897464339952378
596.0,0.018686580934131922
597.0,0.01835003268917431
598.0,0.017971447661428455
599.0,0.017583676046347536
600.0,0.017202514713451005
601.0,0.016847345657744064
602.0,0.016536406067465544
603.0,0.016274827342734038
604.0,0.016044511537665437
605.0,0.015841420027669723
606.0,0.015657131969291756
607.0,0.015474719178561233
608.0,0.015291162221100154
609.0,0.015100328227379231
610.0,0.014909127337319352
611.0,0.014724438072226334
612.0,0.014554359622771584
613.0,0.014387787587064502
614.0,0.014224092243637281
615.0,0.014073875194565679
616.0,0.013930140271824395
617.0,0.013784958622038795
618.0,0.013659948528947075
619.0,0.013558300756557303
620.0,0.013465091268839584
621.0,0.013384830262614663
622.0,0.013316422544732903
623.0,0.013256059438010035
624.0,0.013203156504230392
625.0,0.013144806097111245
626.0,0.013095709414641435
627.0,0.01305539114694447
628.0,0.0130113241709473
629.0,0.012965363458199212
630.0,0.012915639859515323
631.0,0.012871689834447624
632.0,0.012834758252914113
633.0,0.012803673553321479
634.0,0.01278560852168712
635.0,0.012778401989869228
636.0,0.012784080579552928
637.0,0.01279260817967355
638.0,0.012800243153966304
639.0,0.012815070362551913
640.0,0.012830879877198994
641.0,0.012837217628776518
642.0,0.012831582483300583
643.0,0.012808645620824061
644.0,0.01277841672701401
645.0,0.012735165885056604
646.0,0.012674578972030445
647.0,0.012590442665451207
648.0,0.012480096438965516
649.0,0.012339891664701463
650.0,0.01216447725703472
651.0,0.011945401196285843
652.0,0.01169488527495655
653.0,0.01142364675112265
654.0,0.01114251161692587
655.0,0.01081209156700887
656.0,0.010419553815160283
657.0,0.009996759583437615
658.0,0.00959729894948947
659.0,0.009232452433023373
660.0,0.008885689832137791
661.0,0.008558236281565417
662.0,0.008268767955285208
663.0,0.00801045395465247
664.0,0.007777519689869751
665.0,0.007587572986552447
666.0,0.007443666308443737
667.0,0.00733249115975754
668.0,0.007258194529383313
669.0,0.007219290894315507
670.0,0.0072234909982950455
671.0,0.0072690804972454
672.0,0.00734439539722106
673.0,0.007447463186002402
674.0,0.007573170583439493
675.0,0.0077048419312793544
676.0,0.00784843507158397
677.0,0.0080117831974333
678.0,0.008186931553142648
679.0,0.008374353756894066
680.0,0.008569938293769456
681.0,0.008785403319566717
682.0,0.009024439546956156
683.0,0.009284112304097574
684.0,0.00959307521927467
685.0,0.010023252656535567
686.0,0.01055928156052215
687.0,0.01112928642992588
688.0,0.011431334515173575
689.0,0.011603051198372571
690.0,0.011801215591131661
691.0,0.012030091598883194
692.0,0.012285217115003952
693.0,0.012563340873777204
694.0,0.012818971315833847
695.0,0.013026570661579797
696.0,0.01319253098136992
697.0,0.013335331383121882
698.0,0.013471202152437573
699.0,0.013567499888389964
700.0,0.013611934292107122
701.0,0.013596318563322376
702.0,0.013524765285312868
703.0,0.013402649487178606
704.0,0.013247257682396771
705.0,0.013068133852239663
706.0,0.012862999429724603
707.0,0.012624083373881365
708.0,0.012349283198783157
709.0,0.012037629457174634
710.0,0.011703578992248179
711.0,0.011361419126374141
712.0,0.010995372244898804
713.0,0.010616047340873448
714.0,0.010245127583908834
715.0,0.00990715405434674
716.0,0.00959217879838557
717.0,0.00928282574017993
718.0,0.00893524615048245
719.0,0.008556369869693376
720.0,0.008154283670577581
721.0,0.007778655491245743
722.0,0.00748183681212857
723.0,0.007195746369857814
724.0,0.006904170413547242
725.0,0.006608447751802635
726.0,0.006306995584364493
727.0,0.005992664362368688
728.0,0.00567231362801566
729.0,0.005348232891042233
730.0,0.0050244663907216
731.0,0.004714801227814939
732.0,0.004433436223006361
733.0,0.0041994720023472345
734.0,0.004012715728058338
735.0,0.003869128339347288
736.0,0.0037533675314835287
737.0,0.003658129852180002
738.0,0.0035816912198339754
739.0,0.0035221362252675116
740.0,0.003475173165240745
741.0,0.003433494295657849
742.0,0.0033957596496365485
743.0,0.003372602037960173
744.0,0.0033506629200738365
745.0,0.003325667838805709
746.0,0.0033084668359339387
747.0,0.003296699880523319
748.0,0.0032763102191099265
749.0,0.0032561795254190534
750.0,0.0032418338828007617
751.0,0.00322505567127731
752.0,0.003202467774441278
753.0,0.003181957730312556
754.0,0.003168503080139399
755.0,0.0031591615823619045
756.0,0.003150602784193989
757.0,0.0031670428651977113
758.0,0.003227078156599243
759.0,0.0033396084895796806
760.0,0.00348633873013566
761.0,0.003560302114926684
762.0,0.003520926111715591
763.0,0.0034192042538760013
764.0,0.0033133431645570475
765.0,0.0032176340656755917
766.0,0.0031418731440681262
767.0,0.003094403710184444
768.0,0.0030655630256478353
769.0,0.0030392128000687408
770.0,0.00303587698671579
771.0,0.003045452382788965
772.0,0.003030457991567055
773.0,0.0030245243621833443
774.0,0.0030357842850729723
775.0,0.003044014544746565
776.0,0.0030525317042521235
777.0,0.0030584829366636897
778.0,0.0030692421289572314
779.0,0.003083122695598164
780.0,0.003105606693632675
781.0,0.003126950242408228
782.0,0.003144127929086752
783.0,0.0031573620288708306
784.0,0.0031805740487550116
785.0,0.003212768535582806
786.0,0.003248446528669293
787.0,0.0032869030351223806
788.0,0.0033066343447610705
789.0,0.0033219172634953316
790.0,0.003354854152165118
791.0,0.0033809669280358825
792.0,0.0034052341185918456
793.0,0.003434640782187566
794.0,0.0034615355512292723
795.0,0.0034884230687038443
796.0,0.003520903170747135
797.0,0.0035490673692856536
798.0,0.0035774449962669734
799.0,0.003610481854250685
800.0,0.0036404044420285915
801.0,0.003661487681795107
802.0,0.003677027460788572
803.0,0.0036854675606926707
804.0,0.003691650439908996
805.0,0.0037043498102548667
806.0,0.0037151147358462887
807.0,0.0037116313270518994
808.0,0.0037026067155717358
809.0,0.0037049054637228775
810.0,0.0037020571514206034
811.0,0.003687474029104916
812.0,0.0036789713220194025
813.0,0.0036698213723128
814.0,0.003652931774223403
815.0,0.0036271568420870844
816.0,0.0035862924175112344
817.0,0.003530617812858744
818.0,0.003481886292306173
819.0,0.0034351196180305967
820.0,0.003362437698521991
821.0,0.0032799882824955406
822.0,0.003211106069269048
823.0,0.003117495049816954
824.0,0.0029967615314901315
825.0,0.0028969411211223284
826.0,0.0027879676228112736
827.0,0.0026659436258494274
828.0,0.00255745159260064
829.0,0.0024641034023627473
830.0,0.0023674597700752797
831.0,0.0022748178118985837
832.0,0.0021986630433416354
833.0,0.0021373900852437126
834.0,0.002088249680071718
835.0,0.0020370480546575863
836.0,0.0019826329728082877
837.0,0.001940736652382187
838.0,0.001935278392113007
839.0,0.0019269456346304545
840.0,0.0018942126010727217
841.0,0.0018333260460112924
842.0,0.0018150445584265602
843.0,0.001838355714611791
844.0,0.0018163541301838859
845.0,0.0017807026996589659
846.0,0.001766854970410591
847.0,0.0017535673908611494
848.0,0.0017357661041962104
849.0,0.001713327768468282
850.0,0.0016912544173297548
851.0,0.0016803936276298822
852.0,0.0016703073946837497
853.0,0.0016572808368453215
854.0,0.001655603227258053
855.0,0.001648254565642733
856.0,0.001625825248633235
857.0,0.0016009825914193965
858.0,0.0015897694522448256
859.0,0.001586575485322947
860.0,0.0015656458442549718
861.0,0.0015424918183895443
862.0,0.0015421345183281618
863.0,0.0015357605589906055
864.0,0.0015126292366312787
865.0,0.001501338784658631
866.0,0.0014938780519351776
867.0,0.00147969617313148
868.0,0.001459252489804472
869.0,0.0014429094762173082
870.0,0.0014549061666030612
871.0,0.0014461893063309487
872.0,0.0014327780395607503
873.0,0.0014088513529736655
874.0,0.0013821242089882874
875.0,0.0013506816087465157
876.0,0.0013449116236498642
877.0,0.0013489642197003057
878.0,0.0013418452291425922
879.0,0.0013157732375052077
880.0,0.001296587217586576
881.0,0.0012819181509764132
882.0,0.001269633070412185
883.0,0.0012675037230644416
884.0,0.0012655736421935077
885.0,0.0012421367481965774
886.0,0.0011967295034268498
887.0,0.001189445276413187
888.0,0.0011925744616506928
889.0,0.0011740041715394638
890.0,0.0011555884789906392
891.0,0.0011459732739739262
892.0,0.0011468429011026835
893.0,0.0011543536309160149
894.0,0.0011552800264886117
895.0,0.0011548184120720273
896.0,0.001148290498418448
897.0,0.0011221907132708115
898.0,0.0011271732257213739
899.0,0.001145687353246784
