/begin_header
/west_longitude=UNKNOWN
/south_latitude=NA
/north_latitude=UNKNOWN
/calibration_files=NA
/cruise=NA
/station=NA
/documents=NA
/data_type=NA
/affiliations=NOAA
/experiment=NA
/units=nm,dl
/start_date=2019-08-16
/end_date=NA
/missing=9999
/start_time=12:43:00
/data_file_name=NA
/cloud_percent=NA
/water_depth=NA
/data_status=NA
/east_longitude=NA
/wind_speed=NA
/secchi=NA
/measurement_depth=NA
/fields=wavelength,rrs
/delimiter=comma
/contact=NA
/end_time=NA
/wave_height=NA
/investigators=NA
/end_header@
325.0,0.011068454767412065
326.0,0.011114576273677164
327.0,0.011089764332961273
328.0,0.010955035212500774
329.0,0.010952717052719451
330.0,0.010958571673793702
331.0,0.010909123536444057
332.0,0.010840094016244455
333.0,0.01079691003317339
334.0,0.010770763426371
335.0,0.010725798410792197
336.0,0.010667874525452791
337.0,0.01066440898934883
338.0,0.010651076919236727
339.0,0.010557787745486363
340.0,0.010493027246252841
341.0,0.010464498078180144
342.0,0.01043202212086751
343.0,0.010400728514631866
344.0,0.010374519372608745
345.0,0.01035453228874932
346.0,0.010351557704135669
347.0,0.010330681840166396
348.0,0.010338845003728166
349.0,0.010340477128348742
350.0,0.010317134410272235
351.0,0.010293574867176825
352.0,0.010272552523085314
353.0,0.010258622860206418
354.0,0.010240655182031324
355.0,0.010231498205166004
356.0,0.010225255287491408
357.0,0.010206690732293291
358.0,0.010178395060611366
359.0,0.010161099795827867
360.0,0.010150362830862073
361.0,0.010114061281464358
362.0,0.010078705034675709
363.0,0.010043207402300896
364.0,0.010028365915440696
365.0,0.010014725221825501
366.0,0.009991922367135867
367.0,0.009965650500784105
368.0,0.00994437020176368
369.0,0.009917105867006858
370.0,0.009890024707893628
371.0,0.009862291365909718
372.0,0.009840114637280632
373.0,0.00980910748561068
374.0,0.009766431859885311
375.0,0.009726697279163423
376.0,0.00969375246268795
377.0,0.009674358352846297
378.0,0.009638679616740357
379.0,0.009586485910432017
380.0,0.009581182098910703
381.0,0.009588030698536953
382.0,0.009583354791013516
383.0,0.00957727858417882
384.0,0.009557546221977268
385.0,0.009516587292957188
386.0,0.00949359846152278
387.0,0.009488174886045878
388.0,0.009466589125518707
389.0,0.009444610189561723
390.0,0.009422355919003176
391.0,0.009418980572879623
392.0,0.009423995000041253
393.0,0.00940169319388679
394.0,0.0093626261268239
395.0,0.009319441785241332
396.0,0.009281434460656273
397.0,0.009242887413708874
398.0,0.00920816553238887
399.0,0.009174213991190058
400.0,0.009137339747216755
401.0,0.00910363009041042
402.0,0.00907814130409656
403.0,0.009053421527706221
404.0,0.009016726249841789
405.0,0.00897856335400149
406.0,0.008941171697374066
407.0,0.00889842808534044
408.0,0.008857894976841725
409.0,0.008827271794549781
410.0,0.008789061741846176
411.0,0.008748341462492532
412.0,0.008717609521700056
413.0,0.008690193179181693
414.0,0.008663964456271971
415.0,0.008644496617969908
416.0,0.008630162593206741
417.0,0.008613879224154904
418.0,0.008601423545782565
419.0,0.008592034411797336
420.0,0.00858203918836615
421.0,0.008571342748881702
422.0,0.0085668648669027
423.0,0.008568330643592253
424.0,0.008568935732723357
425.0,0.008570074537536384
426.0,0.008565425036073085
427.0,0.008557265317674997
428.0,0.008552736215767891
429.0,0.008546297841246152
430.0,0.0085355242192237
431.0,0.00852113980485023
432.0,0.008501907899138513
433.0,0.008475447282134504
434.0,0.008458544545126609
435.0,0.00845340439779825
436.0,0.008454787157917715
437.0,0.008460293001562865
438.0,0.00846710806101859
439.0,0.008483675129921361
440.0,0.008512277888370685
441.0,0.008550513588753975
442.0,0.008599357518607393
443.0,0.008658571566730965
444.0,0.00873057499152083
445.0,0.008812178810759451
446.0,0.008904519798989024
447.0,0.009001771160298643
448.0,0.009104905147075893
449.0,0.009214489664706269
450.0,0.009325333102110185
451.0,0.009435497602750184
452.0,0.009543925968797957
453.0,0.009649982297714176
454.0,0.0097547028569181
455.0,0.00985375983847895
456.0,0.0099445594329594
457.0,0.010024188294475486
458.0,0.010097793551111359
459.0,0.010169863409486059
460.0,0.010239812880655046
461.0,0.01030513144737161
462.0,0.010366093181075921
463.0,0.010432986497010084
464.0,0.010506056740759263
465.0,0.010571929857169923
466.0,0.01064242456583191
467.0,0.010722955037986485
468.0,0.010800164469164337
469.0,0.010871874687301865
470.0,0.010947992606388426
471.0,0.011032395985390683
472.0,0.011118756451789644
473.0,0.011186229741258203
474.0,0.011255985290668772
475.0,0.01133478366166242
476.0,0.011412468388998795
477.0,0.011485595612090954
478.0,0.011551299498827662
479.0,0.011611965120571197
480.0,0.011669369135597716
481.0,0.011728557856895855
482.0,0.011787973901174916
483.0,0.011844131241477573
484.0,0.011905761731114909
485.0,0.011971141533625801
486.0,0.012026658037835836
487.0,0.012079893528925646
488.0,0.012135603590183426
489.0,0.01218740105365989
490.0,0.012242117550738969
491.0,0.012305897198828106
492.0,0.012384743871681623
493.0,0.012475957087892656
494.0,0.0125688351355687
495.0,0.012667738691259155
496.0,0.01277812750088068
497.0,0.012903114970039483
498.0,0.013042880623805394
499.0,0.013193597361093812
500.0,0.013359938214968467
501.0,0.013537732571240708
502.0,0.013721995985525051
503.0,0.013916473988854284
504.0,0.014118315242802621
505.0,0.014326872223342297
506.0,0.014542714400129114
507.0,0.014766057738794903
508.0,0.01499497279655337
509.0,0.015231344714393307
510.0,0.015474250884761898
511.0,0.01572474686193651
512.0,0.01598625522081667
513.0,0.016257429256987917
514.0,0.016543519403723443
515.0,0.016849375706155592
516.0,0.017175869288943192
517.0,0.017520978437525515
518.0,0.017877233700581033
519.0,0.018229899510441745
520.0,0.018571072165870728
521.0,0.018920121791772035
522.0,0.019283604718508634
523.0,0.01964969322008812
524.0,0.020031790278043866
525.0,0.020430456790732313
526.0,0.020840100767271427
527.0,0.02125948221125775
528.0,0.021674672870806634
529.0,0.022084336137423343
530.0,0.022492822070133305
531.0,0.022912780838538392
532.0,0.023341359406268615
533.0,0.023770871235594175
534.0,0.024201179452783446
535.0,0.024622815342379364
536.0,0.025029665437300765
537.0,0.025431978276102267
538.0,0.025834198848741295
539.0,0.02622373511633655
540.0,0.026598973605479304
541.0,0.026961519045401162
542.0,0.02730131187704023
543.0,0.027616397478201653
544.0,0.027913519813684028
545.0,0.028187518099004865
546.0,0.028435619129431423
547.0,0.028659129997948264
548.0,0.028861090655854647
549.0,0.029042942636295376
550.0,0.029209243140449724
551.0,0.02936501336875283
552.0,0.02950468764432032
553.0,0.029627539609736114
554.0,0.02973483126185885
555.0,0.029822361408866432
556.0,0.029888302727011873
557.0,0.029932446874392393
558.0,0.02994917531361786
559.0,0.02993461874113027
560.0,0.029899046125369914
561.0,0.02984154939571091
562.0,0.02975546965457625
563.0,0.029641998117561436
564.0,0.02949956230898056
565.0,0.029327223191593282
566.0,0.029128781405303943
567.0,0.028905408262382925
568.0,0.02865479936541716
569.0,0.028374689297922574
570.0,0.028066897120784216
571.0,0.027736067527346243
572.0,0.02739040324396593
573.0,0.027033905952970404
574.0,0.026662911490845174
575.0,0.02627540672085036
576.0,0.025872877371019877
577.0,0.025456533983344888
578.0,0.025025584801811614
579.0,0.024582643473244372
580.0,0.02413394971245167
581.0,0.023676460548073687
582.0,0.023215954620352048
583.0,0.022753933899736407
584.0,0.022290033231624325
585.0,0.021828067231692908
586.0,0.021378169476026995
587.0,0.020934073468503518
588.0,0.020482492827905843
589.0,0.020024914045563343
590.0,0.019571122654340536
591.0,0.019126377762387452
592.0,0.018696771475971107
593.0,0.01826364063733133
594.0,0.017803932744595193
595.0,0.017315247623012696
596.0,0.01680157467061194
597.0,0.016268645867841994
598.0,0.01572678827834744
599.0,0.015199100432250392
600.0,0.014712675351698276
601.0,0.014293318406313232
602.0,0.01394749057957131
603.0,0.013672111648806936
604.0,0.01345118742475398
605.0,0.0132664297666512
606.0,0.013105355654725929
607.0,0.012954883297569506
608.0,0.012812143296138181
609.0,0.01267940869206414
610.0,0.012544173722989344
611.0,0.012406599764185632
612.0,0.01227351041039738
613.0,0.012143791970734162
614.0,0.012023659435356755
615.0,0.011910180931599625
616.0,0.011802169274924161
617.0,0.01170333323179817
618.0,0.01161042844290449
619.0,0.011523308483233676
620.0,0.011448700183319857
621.0,0.011382283614250414
622.0,0.011319825721457887
623.0,0.01126799713282756
624.0,0.011223818630500796
625.0,0.011183094701919314
626.0,0.011146900637361505
627.0,0.011113500060308281
628.0,0.011094187829951155
629.0,0.011082348636467735
630.0,0.011068340583443826
631.0,0.01106904709746261
632.0,0.011081358779240056
633.0,0.011089305118842712
634.0,0.011105202877456772
635.0,0.011135058985034904
636.0,0.01116930304080208
637.0,0.011203923538205795
638.0,0.011238460704342198
639.0,0.011275486674193804
640.0,0.01131282761336257
641.0,0.011337106395010661
642.0,0.011355651094332817
643.0,0.01137122111239872
644.0,0.01138102268555351
645.0,0.01138381792491724
646.0,0.011371466898157975
647.0,0.011347538970048043
648.0,0.011316404517183205
649.0,0.011269141464061137
650.0,0.011196854369011938
651.0,0.01109371163381168
652.0,0.010965832517755332
653.0,0.010817694377316448
654.0,0.010664977108148437
655.0,0.010458326602120852
656.0,0.010184928591833764
657.0,0.00988738323500952
658.0,0.009598386626825786
659.0,0.009315429882771533
660.0,0.00904319781850568
661.0,0.00878867338153454
662.0,0.008534361485858902
663.0,0.008289370799711784
664.0,0.008067821602230744
665.0,0.007863785249823138
666.0,0.007677746701602458
667.0,0.0075154267524028566
668.0,0.007378998192555596
669.0,0.007272828927406901
670.0,0.007189518834164866
671.0,0.007129257573970949
672.0,0.007095945721381701
673.0,0.007073285881124365
674.0,0.007058105897675372
675.0,0.007062160454902429
676.0,0.0070818010326652555
677.0,0.007109462567170768
678.0,0.007152409181432269
679.0,0.007215112666807228
680.0,0.0072985671296369025
681.0,0.007408276564625211
682.0,0.007544902530415074
683.0,0.007702618721366754
684.0,0.007896016739772355
685.0,0.008154243682202673
686.0,0.008455333238508476
687.0,0.008768408626909877
688.0,0.009013490635280766
689.0,0.009237995296814464
690.0,0.009494819506826253
691.0,0.009765390533080023
692.0,0.01004388228737329
693.0,0.010315748749442456
694.0,0.010567320148258622
695.0,0.010777511919563101
696.0,0.010939955189643939
697.0,0.011061069678839653
698.0,0.011142311746730325
699.0,0.011180288742503038
700.0,0.011170631109326704
701.0,0.011111668680097537
702.0,0.011013358721147986
703.0,0.01088272191184195
704.0,0.010714891920530368
705.0,0.010520780178402772
706.0,0.010307372831581531
707.0,0.010070074083339327
708.0,0.009812630711689195
709.0,0.009535001333488814
710.0,0.009238655140585954
711.0,0.008926115335981168
712.0,0.008600816962162906
713.0,0.008274580873155486
714.0,0.007952695670391297
715.0,0.007653682404409475
716.0,0.007366040992175899
717.0,0.007071635764288669
718.0,0.006757260646308399
719.0,0.006433332187042125
720.0,0.0061419917983497364
721.0,0.005894285772448173
722.0,0.005662018453744954
723.0,0.005426101891703005
724.0,0.005185591331231065
725.0,0.004956178829060803
726.0,0.004730070874189104
727.0,0.0044873655824450975
728.0,0.0042426474103250305
729.0,0.0040033407757444
730.0,0.003776118355402499
731.0,0.0035667085209042265
732.0,0.00338705645068233
733.0,0.0032353022226535868
734.0,0.0031071093147787493
735.0,0.0030055847547558845
736.0,0.0029209974763507894
737.0,0.0028520642883406774
738.0,0.002809582971587165
739.0,0.0027815201247484546
740.0,0.0027554230698597732
741.0,0.0027302522741078417
742.0,0.0027087148406046836
743.0,0.002693522484664714
744.0,0.0026810490460676267
745.0,0.0026699977348210923
746.0,0.002662978668396631
747.0,0.0026551316252340406
748.0,0.0026476559023935814
749.0,0.0026372920924781886
750.0,0.0026258213957898466
751.0,0.0026146195388933252
752.0,0.002608288107260751
753.0,0.002601138252220897
754.0,0.0025913961379354497
755.0,0.0025833000401375822
756.0,0.0025802156566701305
757.0,0.0025826423355464344
758.0,0.0025867790989781625
759.0,0.0025933897152297524
760.0,0.002594839749137689
761.0,0.002588377492922833
762.0,0.0025755379712397433
763.0,0.002554902184775177
764.0,0.002535251554559691
765.0,0.002525552512662652
766.0,0.0025241259258446916
767.0,0.0025363199131321315
768.0,0.002545229031901246
769.0,0.002546497397375658
770.0,0.0025512503296138177
771.0,0.0025574915653131247
772.0,0.0025632082852771474
773.0,0.0025709057073724987
774.0,0.0025773234711897967
775.0,0.0025860392544133164
776.0,0.0025985789372363335
777.0,0.0026111812954690648
778.0,0.00262238365814306
779.0,0.0026327020706382576
780.0,0.0026465619970212433
781.0,0.002661332294354943
782.0,0.0026753963497931923
783.0,0.0026846606987702016
784.0,0.0026941645514779026
785.0,0.002714828823559181
786.0,0.002736840783368691
787.0,0.0027554592239451884
788.0,0.0027742170897099745
789.0,0.002791775798668873
790.0,0.0028095333000733723
791.0,0.002836582123766247
792.0,0.0028685781671364155
793.0,0.0028861804743151613
794.0,0.002911146168563988
795.0,0.002939474369788778
796.0,0.002956791553558643
797.0,0.0029768254477744883
798.0,0.0030005380931687692
799.0,0.003017532367061874
800.0,0.0030321386277977194
801.0,0.0030429001313277376
802.0,0.0030522808724153657
803.0,0.003063551903042986
804.0,0.0030724973769180705
805.0,0.003083427955718648
806.0,0.0030902894352467
807.0,0.003083772104069829
808.0,0.003066767108063791
809.0,0.0030515422761399876
810.0,0.0030359528768327095
811.0,0.003017121421594838
812.0,0.0029952109505251546
813.0,0.0029708735856655696
814.0,0.002935612207077503
815.0,0.0028905549989224717
816.0,0.0028394454925475057
817.0,0.0028074626960607136
818.0,0.0027685992378033973
819.0,0.0027178446427622662
820.0,0.00268119026836845
821.0,0.002627441285121208
822.0,0.002537160856207197
823.0,0.002459950416228296
824.0,0.0023896988311490615
825.0,0.0023028257614331306
826.0,0.0022180822182941745
827.0,0.002132821776866239
828.0,0.0020402449270019232
829.0,0.001951588590888758
830.0,0.0018785041057420245
831.0,0.0018187086794379606
832.0,0.001770374485664426
833.0,0.001732822160438185
834.0,0.0016885669655625495
835.0,0.0016348281731732826
836.0,0.0016115627120725292
837.0,0.0016017658617539746
838.0,0.001582419936007165
839.0,0.0015598165918212904
840.0,0.0015460583778244207
841.0,0.00153935954625079
842.0,0.001529006487451071
843.0,0.0015113131676189888
844.0,0.0014996109037824657
845.0,0.0014903631348096376
846.0,0.0014832450377469703
847.0,0.0014662081331647367
848.0,0.0014464549964827021
849.0,0.0014454653030829628
850.0,0.001442001245666466
851.0,0.0014295537311507299
852.0,0.001401968629866463
853.0,0.001373434900783442
854.0,0.0013678319875220942
855.0,0.0013558213573633953
856.0,0.0013522129336001319
857.0,0.0013661548138593064
858.0,0.0013621547639978973
859.0,0.0013417909519333722
860.0,0.0013325166107122238
861.0,0.0013215426585825366
862.0,0.0013081692405097405
863.0,0.0012964007956616382
864.0,0.001284903485592518
865.0,0.0012743339093158506
866.0,0.001267102221745905
867.0,0.0012601766097705604
868.0,0.0012394019736081245
869.0,0.0012239782398493666
870.0,0.0012168670195865775
871.0,0.0012068953578810433
872.0,0.0012020808796060216
873.0,0.0011954687644070454
874.0,0.001189794979793576
875.0,0.0011733200604677123
876.0,0.0011496868706096924
877.0,0.0011414019311386664
878.0,0.0011376391563759434
879.0,0.001124991238059168
880.0,0.0011153830199091444
881.0,0.0011075931539176003
882.0,0.0010946409285769536
883.0,0.0010759047957547777
884.0,0.0010620749588073895
885.0,0.001048102406099867
886.0,0.001042932605033599
887.0,0.0010397081528913815
888.0,0.0010332422221425298
889.0,0.0010198052343342932
890.0,0.000984697844625894
891.0,0.000960439262854962
892.0,0.0009930057025674074
893.0,0.0010049259535206397
894.0,0.000973836218763542
895.0,0.0009441776158594347
896.0,0.0009270352873743771
897.0,0.0009363773078672654
898.0,0.0009196084164960841
899.0,0.0008931746160589067
