/begin_header
/west_longitude=UNKNOWN
/south_latitude=NA
/north_latitude=UNKNOWN
/calibration_files=NA
/cruise=NA
/station=NA
/documents=NA
/data_type=NA
/affiliations=NOAA
/experiment=NA
/units=nm,dl
/start_date=2019-08-07
/end_date=NA
/missing=9999
/start_time=13:15:24
/data_file_name=NA
/cloud_percent=NA
/water_depth=NA
/data_status=NA
/east_longitude=NA
/wind_speed=NA
/secchi=NA
/measurement_depth=NA
/fields=wavelength,rrs
/delimiter=comma
/contact=NA
/end_time=NA
/wave_height=NA
/investigators=NA
/end_header@
325.0,0.005417723420138461
326.0,0.005416771816522644
327.0,0.0054601145488148905
328.0,0.005500336189318536
329.0,0.005526724678472819
330.0,0.0055488121071631796
331.0,0.005605626209558843
332.0,0.005644237575339916
333.0,0.00566081793160546
334.0,0.005661208261387907
335.0,0.005665317325652057
336.0,0.005686771299929517
337.0,0.005754411671480417
338.0,0.005830564733239137
339.0,0.005876422390232771
340.0,0.005927815334608082
341.0,0.005993550544685071
342.0,0.006064331088802534
343.0,0.0061212347269849875
344.0,0.006180820285498578
345.0,0.0062533885200247745
346.0,0.006349607439756981
347.0,0.006447234937935135
348.0,0.006546515680426789
349.0,0.006652247479538517
350.0,0.006754634096531853
351.0,0.006839929301680536
352.0,0.006902090890808782
353.0,0.0069832992193932675
354.0,0.007058909320520733
355.0,0.007128281800677557
356.0,0.007192198103146983
357.0,0.00725074071135416
358.0,0.0073147423327324605
359.0,0.007359478997525648
360.0,0.007398384688185269
361.0,0.007436963158144148
362.0,0.007480262101114516
363.0,0.0075275168119267625
364.0,0.00755373480589826
365.0,0.007569210703017193
366.0,0.007581379492015818
367.0,0.007598488498133153
368.0,0.0076259913183627775
369.0,0.007648557523353463
370.0,0.007663127703565649
371.0,0.0076788101760611755
372.0,0.007688892477999351
373.0,0.007692368449212783
374.0,0.0076899176809042515
375.0,0.007694587933152983
376.0,0.007703871917494902
377.0,0.0077252932579385345
378.0,0.0077391788701127034
379.0,0.007746168232268126
380.0,0.007759864260777553
381.0,0.007772054229207832
382.0,0.007793631939544125
383.0,0.007811339796939562
384.0,0.00783837279965245
385.0,0.007881528057132063
386.0,0.007890836858435639
387.0,0.007874726249655812
388.0,0.00789434849271117
389.0,0.007919297415855788
390.0,0.007936373012579562
391.0,0.007959594234071775
392.0,0.007974194870532008
393.0,0.007978854403127678
394.0,0.007982532067103709
395.0,0.00798194934632856
396.0,0.007976059449698971
397.0,0.007952864000484613
398.0,0.007917868209714842
399.0,0.007905632031845342
400.0,0.007890054122436482
401.0,0.007856832423414936
402.0,0.007823746317469038
403.0,0.007793182356657528
404.0,0.007766691529439396
405.0,0.007735024110327618
406.0,0.007696185291930306
407.0,0.007653569588004218
408.0,0.007607393633696194
409.0,0.007556450901197364
410.0,0.007501838129176072
411.0,0.00744800340099739
412.0,0.007417232301227183
413.0,0.007387515451326332
414.0,0.007352584144659098
415.0,0.007329825770111783
416.0,0.007316548857786344
417.0,0.007294838628706129
418.0,0.0072827582955707956
419.0,0.007282336872715048
420.0,0.007280076377452463
421.0,0.007275661669800687
422.0,0.0072692330922001225
423.0,0.007275893908971129
424.0,0.007282139349303643
425.0,0.007278847128434041
426.0,0.00727839274522653
427.0,0.007277721099333998
428.0,0.007266027433596141
429.0,0.007252268541345648
430.0,0.007233940820196819
431.0,0.007214181138388625
432.0,0.00719423500782502
433.0,0.007169159048255498
434.0,0.007144961810708951
435.0,0.007126596967430468
436.0,0.007122940085918028
437.0,0.007134772139650587
438.0,0.007161189552680315
439.0,0.007194157917924045
440.0,0.0072388577083039255
441.0,0.007300883916385242
442.0,0.007379385741545441
443.0,0.007471272511636073
444.0,0.007579249487577135
445.0,0.007705543407257848
446.0,0.007846955687271357
447.0,0.008004834651089924
448.0,0.008172543878053874
449.0,0.00833226645291176
450.0,0.00849418455137684
451.0,0.008662904319651716
452.0,0.008831185854238385
453.0,0.008994393293859785
454.0,0.009148107515280415
455.0,0.009295640564407275
456.0,0.009432469505568438
457.0,0.009549348928953769
458.0,0.009654180128204595
459.0,0.009751706068403154
460.0,0.009846656736189736
461.0,0.009935909386002851
462.0,0.010017397169843267
463.0,0.01010161237969488
464.0,0.010189685338942888
465.0,0.010274869603866412
466.0,0.01036283245937639
467.0,0.010452751374289162
468.0,0.010537555627157089
469.0,0.010622356440317737
470.0,0.010709647341121429
471.0,0.01079373288129288
472.0,0.010872636365051955
473.0,0.010946296695370237
474.0,0.011013758956682416
475.0,0.01107955122678123
476.0,0.01114333813302212
477.0,0.011203325109996911
478.0,0.011256945778701016
479.0,0.0113152153512751
480.0,0.011378389406283697
481.0,0.01143189672330228
482.0,0.011484525345897254
483.0,0.011540984731898522
484.0,0.011608291743360451
485.0,0.011685360492919721
486.0,0.011760402619093429
487.0,0.011837266759258799
488.0,0.01191920631038933
489.0,0.012007147830400222
490.0,0.01209880075519848
491.0,0.012193882029070107
492.0,0.012306621437510054
493.0,0.01243788085821183
494.0,0.012573814232354975
495.0,0.012719607084865733
496.0,0.012880715443906426
497.0,0.013055423406206398
498.0,0.013243636113125387
499.0,0.013442781693149237
500.0,0.013658752199824969
501.0,0.013890216984950193
502.0,0.014122994794122507
503.0,0.014358545333485328
504.0,0.014598536700991389
505.0,0.014843069348585142
506.0,0.015088862373063682
507.0,0.015338035709784936
508.0,0.015584278501833087
509.0,0.015824753769177097
510.0,0.016068978515341014
511.0,0.016317346473351143
512.0,0.016570229296238786
513.0,0.01682859343708907
514.0,0.017100726197254917
515.0,0.01739652063608654
516.0,0.017709113136304425
517.0,0.018034342131860753
518.0,0.018370748963950356
519.0,0.01871329199295122
520.0,0.019059251523558342
521.0,0.01941536066807959
522.0,0.019788364979418126
523.0,0.020176283599880707
524.0,0.020593819309181652
525.0,0.021043904031200118
526.0,0.021515277643652016
527.0,0.022008132941797043
528.0,0.022507750956404678
529.0,0.023011251532815552
530.0,0.02352281731679674
531.0,0.024058185110993655
532.0,0.024617161089978058
533.0,0.025189823441529684
534.0,0.025765374139938967
535.0,0.026332001171253134
536.0,0.026891543141851236
537.0,0.027450756604397462
538.0,0.028011021491798887
539.0,0.028563185648987827
540.0,0.029101430856786126
541.0,0.02961978799167797
542.0,0.03010630754686918
543.0,0.030554670449834155
544.0,0.030970389799033
545.0,0.03135278920585445
546.0,0.03169860861629674
547.0,0.03200932215102963
548.0,0.03228391661565881
549.0,0.03252108218811207
550.0,0.03272954793272842
551.0,0.032914712440610804
552.0,0.03306627599385219
553.0,0.03319052599130483
554.0,0.03329321133908494
555.0,0.03336374664844584
556.0,0.03340284635461001
557.0,0.033419743239201195
558.0,0.03340792331280328
559.0,0.03336372569487099
560.0,0.033292768776651965
561.0,0.0332012277530635
562.0,0.03308978258732693
563.0,0.03296083314983684
564.0,0.03281319403686028
565.0,0.03263938963908201
566.0,0.032441179035815754
567.0,0.03221902513647494
568.0,0.03197549642527274
569.0,0.03171391037571188
570.0,0.031436823028139584
571.0,0.031149071576834202
572.0,0.03085814526520179
573.0,0.030571242467977423
574.0,0.03028553863716251
575.0,0.029992167779539614
576.0,0.029699798397750804
577.0,0.029407966753131676
578.0,0.029109172854976967
579.0,0.028796241751849343
580.0,0.028467730362112496
581.0,0.02812864750776343
582.0,0.027779522350597913
583.0,0.027409358786902482
584.0,0.02702526797046334
585.0,0.026632326596847396
586.0,0.026234336089516114
587.0,0.02582680052538195
588.0,0.02540023868261946
589.0,0.024954629493365972
590.0,0.02449545153203194
591.0,0.02402841140328604
592.0,0.023557173607150136
593.0,0.023062895121449108
594.0,0.02253711386434664
595.0,0.02197754205075717
596.0,0.021381806762484978
597.0,0.020750144457366185
598.0,0.02009892529262528
599.0,0.01947285306849841
600.0,0.018892492766528705
601.0,0.018382740207321415
602.0,0.017958412319539856
603.0,0.017614967013557838
604.0,0.017342085750154095
605.0,0.017115482953779924
606.0,0.016913470833917414
607.0,0.016716698497693357
608.0,0.01652526956874439
609.0,0.016344988073490684
610.0,0.016165806535817017
611.0,0.015984919674489492
612.0,0.015796817089120986
613.0,0.015615663109122126
614.0,0.015449272960988022
615.0,0.015287530165395547
616.0,0.015127935839944085
617.0,0.0149764568517182
618.0,0.014837600467180296
619.0,0.01471197388741852
620.0,0.01460094535494667
621.0,0.014498692204580518
622.0,0.014403961894406436
623.0,0.014320752563277616
624.0,0.014244876469798865
625.0,0.014163318140644305
626.0,0.014098077404921425
627.0,0.014053212990362154
628.0,0.014021769661715821
629.0,0.013995265675599906
630.0,0.013972892271937608
631.0,0.013959328882221459
632.0,0.013959014013374155
633.0,0.013972488241481135
634.0,0.013995999914753046
635.0,0.014024932999083913
636.0,0.014061319935793157
637.0,0.01410164019836615
638.0,0.014142361754446192
639.0,0.014188250339898711
640.0,0.014235903609416104
641.0,0.014265967489806242
642.0,0.014286776239517598
643.0,0.01430175278189091
644.0,0.01430214855279848
645.0,0.014287454223668802
646.0,0.014260941110930408
647.0,0.014213588238536998
648.0,0.014145006301761345
649.0,0.014048832937289956
650.0,0.013923222479387928
651.0,0.013766022552976065
652.0,0.0135752322299536
653.0,0.013356296822386756
654.0,0.013130401200907537
655.0,0.01284352530223313
656.0,0.012469661095981554
657.0,0.012042100766040863
658.0,0.011617288637650486
659.0,0.011222930451709032
660.0,0.010834524837181957
661.0,0.010453881979121143
662.0,0.010092707632623609
663.0,0.009741447157182307
664.0,0.00940018442840131
665.0,0.009075942259138837
666.0,0.008770503659397973
667.0,0.008492889171705402
668.0,0.00824957827552471
669.0,0.008040315254855414
670.0,0.007867172660096507
671.0,0.007722508337334633
672.0,0.007596379170586799
673.0,0.007492837327237542
674.0,0.007411441894940805
675.0,0.007352813757618036
676.0,0.0073192974281125036
677.0,0.007305553894044375
678.0,0.007318357431285401
679.0,0.0073623208982728505
680.0,0.007441742233116449
681.0,0.007565473776080281
682.0,0.007737117345519673
683.0,0.007953918278780251
684.0,0.008220743458577762
685.0,0.008550895656881372
686.0,0.008937375193179761
687.0,0.009359544797171288
688.0,0.009742221069466334
689.0,0.01010630140834197
690.0,0.010485297889460237
691.0,0.01088015693438404
692.0,0.0112920698418449
693.0,0.011704495617553476
694.0,0.012101357014679601
695.0,0.01246711149142984
696.0,0.012804502832887168
697.0,0.013111169493266883
698.0,0.013386716925435574
699.0,0.013626701212261092
700.0,0.013830434351123546
701.0,0.013993182087972724
702.0,0.014101185213656017
703.0,0.014152918849649513
704.0,0.014151216040116025
705.0,0.014102722678489554
706.0,0.014018080884352888
707.0,0.013880956153308022
708.0,0.01369300201943995
709.0,0.013474055177025612
710.0,0.013214445612268099
711.0,0.01291142020464756
712.0,0.012577876299286422
713.0,0.012229335140295781
714.0,0.011868317497861169
715.0,0.011507851299597738
716.0,0.011141043266541228
717.0,0.010777651470827135
718.0,0.010379503558767517
719.0,0.009953694630384277
720.0,0.009554087770074325
721.0,0.009197854004238771
722.0,0.00885494709585336
723.0,0.008503166282127352
724.0,0.008139123469009756
725.0,0.00777203284149376
726.0,0.007406656980209715
727.0,0.0070220422269235295
728.0,0.006618859238652709
729.0,0.006205818897677225
730.0,0.005787645319631593
731.0,0.00540571505684142
732.0,0.005082791455072571
733.0,0.0048102701047374
734.0,0.0045795373926488065
735.0,0.004383031084491098
736.0,0.0042266218895816825
737.0,0.00411293552557011
738.0,0.004035532883553654
739.0,0.0039721726452138645
740.0,0.003914956913902418
741.0,0.0038771094553107094
742.0,0.0038547242028027623
743.0,0.00384338170636678
744.0,0.0038327036034930236
745.0,0.0038181801429254874
746.0,0.003803483946326426
747.0,0.0037927650314077523
748.0,0.00378970233907461
749.0,0.003778592960847858
750.0,0.003763498382878269
751.0,0.003754640226036442
752.0,0.003744702037013719
753.0,0.0037333915842404663
754.0,0.003730484103309478
755.0,0.003727537309995569
756.0,0.0037255334981381024
757.0,0.0037268748684328723
758.0,0.0037333807958062335
759.0,0.003753034548466129
760.0,0.0037706027150728287
761.0,0.0037718362872502043
762.0,0.0037503127555573966
763.0,0.003722073399565727
764.0,0.0037188225127180326
765.0,0.0037230818606764347
766.0,0.0037262400792791315
767.0,0.0037318843018062063
768.0,0.0037396819512397613
769.0,0.003753084027332278
770.0,0.0037667100058558075
771.0,0.0037814799820899128
772.0,0.0038005950477312126
773.0,0.003819916937419196
774.0,0.0038385110499729986
775.0,0.0038657702534089697
776.0,0.0038960692778665595
777.0,0.003922354518339197
778.0,0.003948214261289424
779.0,0.0039749060793079485
780.0,0.004006086159477692
781.0,0.004038742083766935
782.0,0.004078434295458565
783.0,0.004121038180144317
784.0,0.004159068814871896
785.0,0.004190136094875375
786.0,0.004233531622855153
787.0,0.0042830930042409105
788.0,0.004314832323278032
789.0,0.004354616858800584
790.0,0.004411883278889572
791.0,0.00446999045432744
792.0,0.004522814463893925
793.0,0.004566392809791287
794.0,0.004608284951497857
795.0,0.004656542833895981
796.0,0.004708095727183644
797.0,0.004757436805010442
798.0,0.00479498271039602
799.0,0.004825531329144788
800.0,0.004860205948303266
801.0,0.004898539993399417
802.0,0.004928614923815944
803.0,0.004949813518410379
804.0,0.004970335133539693
805.0,0.004983012876649333
806.0,0.004987053302588758
807.0,0.004984780940072748
808.0,0.004976339246939714
809.0,0.0049458759972419355
810.0,0.004913380935366897
811.0,0.004879435227272291
812.0,0.004837550394367932
813.0,0.004790761220384804
814.0,0.004727540873489327
815.0,0.004656658590292001
816.0,0.004581745154297584
817.0,0.004506571122804266
818.0,0.004423356282146301
819.0,0.004332033418274367
820.0,0.00422693345050523
821.0,0.004113261690905832
822.0,0.00397939663539232
823.0,0.003818684406906356
824.0,0.003645470316563728
825.0,0.0034746569426891876
826.0,0.003301136737133547
827.0,0.0031222153805000466
828.0,0.0029357339647034723
829.0,0.0027580126397552846
830.0,0.002588702542772002
831.0,0.0024518637274204987
832.0,0.0023399707161564603
833.0,0.00221918304208817
834.0,0.0021246517511212654
835.0,0.0020677687927215796
836.0,0.0020178270877806506
837.0,0.0019682822247459666
838.0,0.0019253521323419286
839.0,0.0018954329062246624
840.0,0.0018750497261205122
841.0,0.0018400750810166136
842.0,0.0018077600556409338
843.0,0.001788012346102585
844.0,0.0017705649626111367
845.0,0.0017403613686945278
846.0,0.0017067029284788253
847.0,0.0016862116498855642
848.0,0.0016657977870241036
849.0,0.0016379449520271382
850.0,0.0016104738670545446
851.0,0.0015878876617170204
852.0,0.0015662721432607868
853.0,0.0015439521015980914
854.0,0.0015231884395076234
855.0,0.0014984080888753462
856.0,0.0014796746143994522
857.0,0.001467806161221455
858.0,0.0014517712492732706
859.0,0.0014290452413198615
860.0,0.0014002882391737554
861.0,0.0013780883130855052
862.0,0.0013635481500694183
863.0,0.0013490427398870901
864.0,0.0013296907162299687
865.0,0.001312324861667611
866.0,0.0012948231692112345
867.0,0.0012832936558453485
868.0,0.0012570263176452522
869.0,0.0012300681101209123
870.0,0.0012062436208519112
871.0,0.0011776811294595113
872.0,0.0011436561855716813
873.0,0.0011227679252594253
874.0,0.0011037955768238084
875.0,0.0010781114273712626
876.0,0.001047538345394196
877.0,0.0010265013176430603
878.0,0.0010009839375342813
879.0,0.0009660515811810592
880.0,0.0009390270025989289
881.0,0.0009192925911250073
882.0,0.0008957661873334423
883.0,0.0008709007825958619
884.0,0.0008394460160636773
885.0,0.0008066562521700151
886.0,0.0007775559830410046
887.0,0.0007687101157011804
888.0,0.0007575474668450705
889.0,0.0007157961980527707
890.0,0.0006913805845017231
891.0,0.0006805571386034164
892.0,0.0006345874482286981
893.0,0.0006009262286778805
894.0,0.000592327097170004
895.0,0.0005907503456084923
896.0,0.0005708833073462507
897.0,0.0005412317322570558
898.0,0.000498533093463331
899.0,0.0004731918046032039
