/begin_header
/west_longitude=UNKNOWN
/south_latitude=NA
/north_latitude=UNKNOWN
/calibration_files=NA
/cruise=NA
/station=NA
/documents=NA
/data_type=NA
/affiliations=NOAA
/experiment=NA
/units=nm,dl
/start_date=2019-08-01
/end_date=NA
/missing=9999
/start_time=11:02:48
/data_file_name=NA
/cloud_percent=NA
/water_depth=NA
/data_status=NA
/east_longitude=NA
/wind_speed=NA
/secchi=NA
/measurement_depth=NA
/fields=wavelength,rrs
/delimiter=comma
/contact=NA
/end_time=NA
/wave_height=NA
/investigators=NA
/end_header@
325.0,0.017221559830661266
326.0,0.01728073303591126
327.0,0.01723614895247398
328.0,0.01709479507368334
329.0,0.017129629442723865
330.0,0.017095708119316547
331.0,0.016939959060302802
332.0,0.016804595091394182
333.0,0.01671589140745833
334.0,0.01668126121706228
335.0,0.016617162055196415
336.0,0.016517669075216016
337.0,0.01642242680270559
338.0,0.01633246516077541
339.0,0.016259313926616906
340.0,0.016183295471859344
341.0,0.016108486522963802
342.0,0.016015147623146552
343.0,0.015933904662572395
344.0,0.015872629728311816
345.0,0.01581629561185271
346.0,0.015753975498576777
347.0,0.015696573110912236
348.0,0.015601456325059474
349.0,0.015514374383048835
350.0,0.015441502686575478
351.0,0.015387925107544016
352.0,0.015336568894153246
353.0,0.015271380363765154
354.0,0.015216967667551932
355.0,0.015165377816215173
356.0,0.015082433302590962
357.0,0.014995976521167034
358.0,0.014946041259127223
359.0,0.01489727673290062
360.0,0.014841642523871318
361.0,0.014776496393951668
362.0,0.014708768674198448
363.0,0.014653289830890395
364.0,0.014589483861197497
365.0,0.014524036445690008
366.0,0.014471554466133924
367.0,0.014411225563054427
368.0,0.014356896017883414
369.0,0.014309684241748041
370.0,0.014252125745747125
371.0,0.014188069658523947
372.0,0.014134447986957979
373.0,0.014072145215255686
374.0,0.013986469450587296
375.0,0.013922137464906711
376.0,0.013853885373105737
377.0,0.013773860322918764
378.0,0.013703374432935672
379.0,0.013649793638038896
380.0,0.013608450627767471
381.0,0.0135719366246284
382.0,0.013535218902000459
383.0,0.013473565632323136
384.0,0.013412868715267687
385.0,0.01337408446628574
386.0,0.013313834063523067
387.0,0.013237810228666122
388.0,0.013186466707887326
389.0,0.013144906658643965
390.0,0.013108912737008848
391.0,0.013070497203258022
392.0,0.01303291245694349
393.0,0.012974467927869701
394.0,0.012905536325201814
395.0,0.01284208014069994
396.0,0.012771537974377606
397.0,0.01269148570738835
398.0,0.01261744349898029
399.0,0.012557819316601418
400.0,0.012495406757606877
401.0,0.012422211920185219
402.0,0.012359240108731196
403.0,0.012308356977432714
404.0,0.012255699051525898
405.0,0.012191983700881663
406.0,0.012118615445810514
407.0,0.012039290495111769
408.0,0.011961883715717365
409.0,0.01190064231664146
410.0,0.011835557792386786
411.0,0.011765638300145997
412.0,0.011696836564179134
413.0,0.01163097596229103
414.0,0.011573392362897726
415.0,0.011525487081784495
416.0,0.011479338071740463
417.0,0.01143241148455249
418.0,0.011391536455542925
419.0,0.011358162991752067
420.0,0.011325461631149208
421.0,0.011288856814107259
422.0,0.011248932201409989
423.0,0.01121614897139744
424.0,0.01118468587425871
425.0,0.011148979665384605
426.0,0.011119656306065498
427.0,0.01109362932738846
428.0,0.01106202588122825
429.0,0.011026538456732913
430.0,0.010984782666626319
431.0,0.010932354061495585
432.0,0.010882307685717945
433.0,0.01084644114400999
434.0,0.010807234049542737
435.0,0.010770215494931392
436.0,0.010754495787221926
437.0,0.010739354199475706
438.0,0.010714901885503699
439.0,0.010715194401578487
440.0,0.010734169523391079
441.0,0.010753416568875643
442.0,0.010783868486555577
443.0,0.010828778171027363
444.0,0.01088248207158425
445.0,0.010948119138130999
446.0,0.011027879759557812
447.0,0.011110934644356082
448.0,0.011198372016587113
449.0,0.011294857373641184
450.0,0.011386911382387213
451.0,0.011472869879058722
452.0,0.01155796878622562
453.0,0.011642085206305806
454.0,0.011723203365851115
455.0,0.011801365734558422
456.0,0.011870630999617741
457.0,0.01192175993377639
458.0,0.011967107198030316
459.0,0.012014520886105396
460.0,0.012058190413121445
461.0,0.012099059710492233
462.0,0.012142679834566645
463.0,0.012182087957200391
464.0,0.012219817472165953
465.0,0.012262984083115538
466.0,0.012307251011219825
467.0,0.012354046467075473
468.0,0.012402966750554606
469.0,0.012453437455868438
470.0,0.01250585215654032
471.0,0.012558543275644105
472.0,0.012611416052851366
473.0,0.012665665474043419
474.0,0.012721276693433276
475.0,0.012776307576313317
476.0,0.012825836414706882
477.0,0.012874503040437427
478.0,0.012936778016499863
479.0,0.012991754243374629
480.0,0.013038463408414058
481.0,0.013095173539156254
482.0,0.01315311586322119
483.0,0.0132091522443604
484.0,0.013266803916544462
485.0,0.013326917509157394
486.0,0.013386644435440853
487.0,0.013448171204653058
488.0,0.013513923331350885
489.0,0.013574720794150405
490.0,0.01363972625427673
491.0,0.01372158991106033
492.0,0.013812950410394076
493.0,0.013911448442624727
494.0,0.014021757425584685
495.0,0.01414602065233601
496.0,0.014281673579836696
497.0,0.014433183268319055
498.0,0.014602158346308647
499.0,0.01478502784760185
500.0,0.014983788834850085
501.0,0.015196816118477475
502.0,0.015425624559945065
503.0,0.01566869613257921
504.0,0.015922212045645125
505.0,0.016188567827205628
506.0,0.016467582936441814
507.0,0.016760171042355783
508.0,0.017062127015509937
509.0,0.017376052002592724
510.0,0.01770479743989633
511.0,0.018039013217026563
512.0,0.018370312332049478
513.0,0.01871856548659862
514.0,0.019085882820097447
515.0,0.01945556160341863
516.0,0.01984286477626396
517.0,0.020248267365100135
518.0,0.02065624939417341
519.0,0.021059173688589124
520.0,0.02145545164912388
521.0,0.02184390237495209
522.0,0.02222961140428483
523.0,0.0226195381848115
524.0,0.02301563589274002
525.0,0.02340922459209091
526.0,0.023811965021385446
527.0,0.02422040883161762
528.0,0.024615589135705326
529.0,0.02499183113018204
530.0,0.02535370209409498
531.0,0.025720176681085682
532.0,0.02608923696579827
533.0,0.026459019544151974
534.0,0.02682037531663394
535.0,0.027166586394271292
536.0,0.027499346789251505
537.0,0.027825424303468134
538.0,0.02815160437242507
539.0,0.028472602621434768
540.0,0.028787207145227513
541.0,0.029091474614852574
542.0,0.02938440312752682
543.0,0.02966219930552334
544.0,0.029923951932976735
545.0,0.030175092456244952
546.0,0.03041801777126819
547.0,0.0306502817504358
548.0,0.0308736626532911
549.0,0.031085716648927807
550.0,0.03128405797659527
551.0,0.03147009444427022
552.0,0.031645732110851164
553.0,0.03181078038321526
554.0,0.03196037632043819
555.0,0.03208788096358392
556.0,0.032195468029773376
557.0,0.03229070159117942
558.0,0.032362899786166056
559.0,0.0324085319329857
560.0,0.0324429105300731
561.0,0.03246343295150799
562.0,0.032462057987474466
563.0,0.032447806978552395
564.0,0.03242174099177726
565.0,0.03237230275977062
566.0,0.03230631589213226
567.0,0.03223104690596551
568.0,0.032143255575348764
569.0,0.032041763657472355
570.0,0.031926519069205905
571.0,0.03180057025587374
572.0,0.03166819131394459
573.0,0.03152795093553122
574.0,0.03138264413669224
575.0,0.031235415040116937
576.0,0.031082815338828312
577.0,0.0309227057763517
578.0,0.0307509920436057
579.0,0.030570379160261625
580.0,0.030380984293839758
581.0,0.030185590243572296
582.0,0.029984112773700167
583.0,0.02977686309369352
584.0,0.029562151235700156
585.0,0.029339694987640004
586.0,0.02911706049351833
587.0,0.028895106090560552
588.0,0.028671878557238507
589.0,0.028447191126527938
590.0,0.028220865288920975
591.0,0.027992460075089577
592.0,0.02776720206964663
593.0,0.027537181900771174
594.0,0.027283370665658568
595.0,0.026999640014248184
596.0,0.02668379711285952
597.0,0.02633587644307922
598.0,0.02595957331863477
599.0,0.025562889656058428
600.0,0.02516850555939441
601.0,0.024801197939671532
602.0,0.024472368223458024
603.0,0.02418858215647727
604.0,0.023946687510017443
605.0,0.023727199278489486
606.0,0.02351400037782147
607.0,0.023301344481805975
608.0,0.023088922542634588
609.0,0.02287406428336252
610.0,0.022655947380999856
611.0,0.02243885386386132
612.0,0.022223377684695476
613.0,0.022008880559132492
614.0,0.02180369064726264
615.0,0.021609739866083034
616.0,0.02142528210623406
617.0,0.021247929421285984
618.0,0.021081053273693758
619.0,0.020926284865206392
620.0,0.02079706016450198
621.0,0.020687003084666526
622.0,0.020590440952519995
623.0,0.020507540258867238
624.0,0.020434878940514534
625.0,0.02036698627997242
626.0,0.02030903789914154
627.0,0.020260999250128368
628.0,0.02021904066075978
629.0,0.02018968388228543
630.0,0.02017854561484745
631.0,0.020173944420836327
632.0,0.020174078027079368
633.0,0.020180969139791092
634.0,0.020200034669310148
635.0,0.02023543585190303
636.0,0.020281466745744377
637.0,0.02033302674876129
638.0,0.020384179270152205
639.0,0.02044530599737081
640.0,0.020515852140998225
641.0,0.02057183178267157
642.0,0.020616694348063395
643.0,0.020651259964246743
644.0,0.020676676651848712
645.0,0.02069293308559872
646.0,0.0206955929424139
647.0,0.020682835325721474
648.0,0.020656996999570142
649.0,0.02060268180222148
650.0,0.020512475231916745
651.0,0.020378868696241746
652.0,0.020206214300805738
653.0,0.019996802612786864
654.0,0.019767778107064062
655.0,0.01946740932002753
656.0,0.019059061630078884
657.0,0.018528437942459595
658.0,0.017954206859003344
659.0,0.01739976615398344
660.0,0.016850168074403406
661.0,0.01631210479423941
662.0,0.015799576663357927
663.0,0.015311345584848961
664.0,0.014850131959731333
665.0,0.01443744305995318
666.0,0.01407596177967331
667.0,0.013748913075363498
668.0,0.013477704100449161
669.0,0.013274682880944666
670.0,0.013126637623532908
671.0,0.013028235349648953
672.0,0.01297001821176838
673.0,0.012948925443380896
674.0,0.012960864950759276
675.0,0.012998558271908892
676.0,0.013069608781997602
677.0,0.013172839777254447
678.0,0.013309080193735164
679.0,0.013486719124367833
680.0,0.013718936451731672
681.0,0.014001604894885177
682.0,0.014340740036641991
683.0,0.014749228949849669
684.0,0.015249764303100377
685.0,0.01589343889822298
686.0,0.016683156475044696
687.0,0.01757359208903749
688.0,0.018285978783506053
689.0,0.018907484789454466
690.0,0.01957406907168202
691.0,0.020285110835821865
692.0,0.021033117788841003
693.0,0.021812840928247573
694.0,0.02258180259658011
695.0,0.023299227037571858
696.0,0.023949906612952356
697.0,0.024517347584150962
698.0,0.025001419771140777
699.0,0.025401876560844812
700.0,0.02570614892955129
701.0,0.025895584079789556
702.0,0.025977317587515182
703.0,0.025956542531851933
704.0,0.025839916259298636
705.0,0.025633537491658247
706.0,0.02534790931214718
707.0,0.024972600402023832
708.0,0.024515939628116833
709.0,0.023997030361301405
710.0,0.023423186063522686
711.0,0.02279911865990968
712.0,0.02211402696775813
713.0,0.0213881162881675
714.0,0.020649728552879727
715.0,0.01993335115707477
716.0,0.019232419412028252
717.0,0.018548659504527314
718.0,0.017829215881581813
719.0,0.017079527460156053
720.0,0.016334014586934942
721.0,0.01565134568759793
722.0,0.015042307050752542
723.0,0.014444375535817086
724.0,0.013835243850769835
725.0,0.013219511519712984
726.0,0.012609174687796473
727.0,0.011984875222555577
728.0,0.011342283667347432
729.0,0.01068958347905788
730.0,0.010043963447424472
731.0,0.00943860800638661
732.0,0.00890123633600711
733.0,0.008439736909219703
734.0,0.008055387366860461
735.0,0.0077514064297045954
736.0,0.007508823833061872
737.0,0.007314562902385436
738.0,0.0071548591673356405
739.0,0.0070361953698895655
740.0,0.006958753801774025
741.0,0.00689833377314533
742.0,0.006846378416240366
743.0,0.006803059858455732
744.0,0.006764708280995622
745.0,0.006734746129523368
746.0,0.006703809573953387
747.0,0.006675987168684491
748.0,0.006655478428451185
749.0,0.006630774818774154
750.0,0.0065993285832475195
751.0,0.006573185943583959
752.0,0.006553454033763848
753.0,0.006533794408839978
754.0,0.006504251386949744
755.0,0.006476915380215648
756.0,0.006465748697943928
757.0,0.00647017692771743
758.0,0.006494637658577014
759.0,0.006567151549314596
760.0,0.006660718939926589
761.0,0.0066731216504745325
762.0,0.006626223880861401
763.0,0.0065540071529305455
764.0,0.006474807952254533
765.0,0.006414305142358165
766.0,0.006381075157223711
767.0,0.006364046225669476
768.0,0.0063560326262725704
769.0,0.0063619544855298815
770.0,0.006372138420278915
771.0,0.006383515580861853
772.0,0.006395513040657488
773.0,0.006410706886303158
774.0,0.006429189161190607
775.0,0.006457333743082341
776.0,0.006490303967959089
777.0,0.0065157097438877125
778.0,0.006547144022788975
779.0,0.006586550553467341
780.0,0.006627674982581501
781.0,0.006673714207313273
782.0,0.006720331006236117
783.0,0.006765264706822131
784.0,0.0068112746279850615
785.0,0.006862161580090028
786.0,0.006915670803051749
787.0,0.006971852338969467
788.0,0.007041707903671505
789.0,0.007109678670608402
790.0,0.007170345548630106
791.0,0.00723595392211269
792.0,0.007305033696610663
793.0,0.007367939574582351
794.0,0.0074317377008170805
795.0,0.007497566911621456
796.0,0.007563386108619711
797.0,0.007626204765630444
798.0,0.007686276421878867
799.0,0.00774407423494679
800.0,0.007798783830181609
801.0,0.00783820975460649
802.0,0.007879128386757351
803.0,0.007924938058532536
804.0,0.007954654639857317
805.0,0.007965015198264477
806.0,0.007962018240873652
807.0,0.007962271140504767
808.0,0.007956010445790014
809.0,0.007922561486238242
810.0,0.007879490755829544
811.0,0.00783186679736041
812.0,0.007774568873061612
813.0,0.00770727211565083
814.0,0.007626353828245001
815.0,0.007539045012815404
816.0,0.0074378056450274555
817.0,0.00732701587103943
818.0,0.007218101069455106
819.0,0.007103537653637158
820.0,0.00695535095845755
821.0,0.0067789950208053005
822.0,0.006589748017924365
823.0,0.00639111324248212
824.0,0.006172026027260173
825.0,0.005905091953794081
826.0,0.005639002243424321
827.0,0.00538942743950486
828.0,0.005144087790406911
829.0,0.004903968161383931
830.0,0.00467558511351836
831.0,0.004460946958279584
832.0,0.00427389986985552
833.0,0.0041372824232599435
834.0,0.00402704525460474
835.0,0.003925454436033558
836.0,0.0038512834985903444
837.0,0.0037939162935116378
838.0,0.003737932842243826
839.0,0.003692103655188712
840.0,0.0036492673236319514
841.0,0.0035973882535151685
842.0,0.003559355814657031
843.0,0.0035329669127543385
844.0,0.00349985824815349
845.0,0.0034616283929936225
846.0,0.00342578916722084
847.0,0.0033903695848295063
848.0,0.0033513089806031793
849.0,0.0033070714540611125
850.0,0.003279697613018229
851.0,0.0032680986611163887
852.0,0.003238790947449155
853.0,0.003199913433049523
854.0,0.0031724086827043586
855.0,0.003139967896709834
856.0,0.003107977143091898
857.0,0.0030828488288064805
858.0,0.003062145727483609
859.0,0.0030435588779874683
860.0,0.0030285985769207937
861.0,0.003002297889246543
862.0,0.0029570139416392528
863.0,0.0029271344501290006
864.0,0.0029077318904327785
865.0,0.0028664023806050346
866.0,0.002827286459301382
867.0,0.0028051258103420837
868.0,0.0028037392592194185
869.0,0.00278382961676564
870.0,0.0027382039734379217
871.0,0.0026906516684992916
872.0,0.002653029464835172
873.0,0.002630668050986741
874.0,0.002607448196939652
875.0,0.0025734165892051302
876.0,0.0025384466258116167
877.0,0.002503444613850605
878.0,0.002454274239073251
879.0,0.002420098207978113
880.0,0.002393711620058453
881.0,0.0023416684958133625
882.0,0.002304145788430461
883.0,0.002278867877088408
884.0,0.002248789411711462
885.0,0.0022096373625435854
886.0,0.0021523780620394083
887.0,0.0021258915456839537
888.0,0.002108196976876797
889.0,0.0020791319424141533
890.0,0.002067384118091617
891.0,0.0020690019600209776
892.0,0.002020031539243967
893.0,0.0019832611402057906
894.0,0.0019662932136166075
895.0,0.0019255502971145325
896.0,0.0018853854008028061
897.0,0.001850865093677371
898.0,0.001850534847949854
899.0,0.0018506602287363977
