/begin_header
/west_longitude=UNKNOWN
/south_latitude=NA
/north_latitude=UNKNOWN
/calibration_files=NA
/cruise=NA
/station=NA
/documents=NA
/data_type=NA
/affiliations=NOAA
/experiment=NA
/units=nm,dl
/start_date=2019-08-01
/end_date=NA
/missing=9999
/start_time=11:19:54
/data_file_name=NA
/cloud_percent=NA
/water_depth=NA
/data_status=NA
/east_longitude=NA
/wind_speed=NA
/secchi=NA
/measurement_depth=NA
/fields=wavelength,rrs
/delimiter=comma
/contact=NA
/end_time=NA
/wave_height=NA
/investigators=NA
/end_header@
325.0,0.020786042376735144
326.0,0.02067755961065075
327.0,0.02051555660564556
328.0,0.020399515626386235
329.0,0.020370317911788328
330.0,0.020374072631164745
331.0,0.020286491444769406
332.0,0.020168570047109535
333.0,0.020069084736232645
334.0,0.01996714737827388
335.0,0.019847911281016813
336.0,0.019737834434899536
337.0,0.019669946859397366
338.0,0.01957141391070504
339.0,0.019469880647446584
340.0,0.019372031195223037
341.0,0.019255966433871934
342.0,0.01919520140540785
343.0,0.019107103895827173
344.0,0.01896706924776912
345.0,0.018841694945021793
346.0,0.018732228205041196
347.0,0.018638590298990933
348.0,0.018576415519536215
349.0,0.01849091100584246
350.0,0.018386622109672016
351.0,0.018297847666989678
352.0,0.01822903901770936
353.0,0.018175833147462052
354.0,0.018088577840815995
355.0,0.017972037672879505
356.0,0.0179203551565904
357.0,0.017850776575815346
358.0,0.017727341580824292
359.0,0.0176278412644269
360.0,0.017559685913712986
361.0,0.01748076670564064
362.0,0.01737864305288906
363.0,0.017271369423326063
364.0,0.017197508795314127
365.0,0.017143824795822903
366.0,0.017073752563019583
367.0,0.0169874150509415
368.0,0.016906076948275818
369.0,0.016868020175006188
370.0,0.016803816860989935
371.0,0.01670421946421597
372.0,0.016617133399154386
373.0,0.01653567171830212
374.0,0.016463997129144918
375.0,0.016396252621423323
376.0,0.0163217892767487
377.0,0.016206029342807696
378.0,0.016127912514511827
379.0,0.01608943963435673
380.0,0.016031601154851548
381.0,0.01596719250326132
382.0,0.015901322368554866
383.0,0.01583846851710098
384.0,0.015778928955303494
385.0,0.01570814350575193
386.0,0.01563100447462209
387.0,0.015553953471793367
388.0,0.015475793432711738
389.0,0.01540085916853914
390.0,0.015344776101341212
391.0,0.015302207896114578
392.0,0.015255338049614181
393.0,0.015197002428964152
394.0,0.015139238311892244
395.0,0.015075038475700723
396.0,0.0149898200209963
397.0,0.014891939382558363
398.0,0.01479810838107109
399.0,0.014716840206012707
400.0,0.014653897473399735
401.0,0.014600663760171866
402.0,0.014539931219150815
403.0,0.014468329062059531
404.0,0.01439634795539059
405.0,0.014329233244198042
406.0,0.014255024546413305
407.0,0.014172996067022431
408.0,0.014089480287828953
409.0,0.014013987942226816
410.0,0.01393996081135102
411.0,0.01386634457511999
412.0,0.013794988401470809
413.0,0.013734563146123008
414.0,0.013682106981880288
415.0,0.01363087988587602
416.0,0.013582908193774354
417.0,0.013532663655657648
418.0,0.013479881685426135
419.0,0.013430189012876459
420.0,0.013393983837695614
421.0,0.013359918151860582
422.0,0.013322357352457959
423.0,0.013288092671729751
424.0,0.013252801675927467
425.0,0.013217285872113219
426.0,0.013189071861953772
427.0,0.01316321758916666
428.0,0.013125343830789508
429.0,0.013080452007120413
430.0,0.013033691358262938
431.0,0.012985249851746778
432.0,0.012934548566155456
433.0,0.012883334836603219
434.0,0.012839580154957009
435.0,0.012803446980803795
436.0,0.012777079005306977
437.0,0.012761121957084665
438.0,0.012753255156913921
439.0,0.012748036821205132
440.0,0.012751133852683403
441.0,0.012767796370078428
442.0,0.012798909219823126
443.0,0.012841844913583672
444.0,0.01289163372908094
445.0,0.012955759539791
446.0,0.0130354258998192
447.0,0.013121036366667092
448.0,0.01320686510284535
449.0,0.013295142564647259
450.0,0.013387583553810034
451.0,0.013483378774708132
452.0,0.013573396148169154
453.0,0.01365722399576005
454.0,0.013735125266981629
455.0,0.013812175240857085
456.0,0.013883817551753991
457.0,0.013936768633338573
458.0,0.0139817448682573
459.0,0.014023836129085376
460.0,0.014069800734662935
461.0,0.014112151984535744
462.0,0.014143515844678722
463.0,0.014176841178760302
464.0,0.014216461422509633
465.0,0.01426270380790741
466.0,0.01431194795951069
467.0,0.014358114734903189
468.0,0.014402753460297357
469.0,0.01444890234109997
470.0,0.014496593961863355
471.0,0.014544312075453966
472.0,0.014591264997086767
473.0,0.014642489675553243
474.0,0.01468935300995301
475.0,0.014729113567940651
476.0,0.014775254494271339
477.0,0.014824203770543751
478.0,0.014879507410201184
479.0,0.014929285731059807
480.0,0.014972131981412281
481.0,0.015017485352467108
482.0,0.015067257965912018
483.0,0.015121363074047645
484.0,0.01518201497886942
485.0,0.015243218184439165
486.0,0.015298884357366404
487.0,0.015355747654976238
488.0,0.015418919154542155
489.0,0.015484544426992519
490.0,0.01555405608103173
491.0,0.015632231870452543
492.0,0.01571818566946249
493.0,0.01581680644867691
494.0,0.01592343799224409
495.0,0.01603862153382348
496.0,0.016167704934061097
497.0,0.016311237237331758
498.0,0.016467773898693853
499.0,0.016643701868995935
500.0,0.016836405242841267
501.0,0.017043779326447676
502.0,0.01726182386779049
503.0,0.017486928554004823
504.0,0.017718697658939648
505.0,0.01796474306783734
506.0,0.018224691734132693
507.0,0.018499404364166003
508.0,0.018787070733526694
509.0,0.019086708097436254
510.0,0.019393305966506933
511.0,0.019707774142010876
512.0,0.02003548258053032
513.0,0.020369377358222862
514.0,0.020714397261047027
515.0,0.02108335149431815
516.0,0.02146831116752705
517.0,0.021859304894758753
518.0,0.02226547068269407
519.0,0.02267078382013981
520.0,0.023045736769490892
521.0,0.023422950845585103
522.0,0.02381386764946446
523.0,0.02420272012526057
524.0,0.0245948844068106
525.0,0.024987860972145802
526.0,0.025389929951781076
527.0,0.025799237513490104
528.0,0.0261971050502277
529.0,0.026576990120483184
530.0,0.026942266999583943
531.0,0.02731957914694343
532.0,0.027701257301299454
533.0,0.02807337316287522
534.0,0.028441611411038764
535.0,0.028798437746791007
536.0,0.029143714632079203
537.0,0.029477452445180526
538.0,0.02980209115272926
539.0,0.030132231995052394
540.0,0.030458144118485093
541.0,0.030759329445481338
542.0,0.031052415587414346
543.0,0.031339906679510574
544.0,0.03161313680652367
545.0,0.031872181177336825
546.0,0.03212128665109175
547.0,0.032353391699991595
548.0,0.03256983023319419
549.0,0.03277966821375083
550.0,0.03298149283957073
551.0,0.03317563832680618
552.0,0.033360368428353396
553.0,0.03353381192078962
554.0,0.03369328771358597
555.0,0.03383685930681089
556.0,0.033960768974510655
557.0,0.034063742680893176
558.0,0.03415030735676311
559.0,0.03421787318835488
560.0,0.034258837804423875
561.0,0.0342779554387041
562.0,0.03428531182559113
563.0,0.03427587986467297
564.0,0.03424767097801271
565.0,0.03421127886149875
566.0,0.03415677218263325
567.0,0.0340800703717483
568.0,0.03399451843601437
569.0,0.03389962618160712
570.0,0.03378881403274505
571.0,0.03367094932787124
572.0,0.03354660217554426
573.0,0.03340953609302152
574.0,0.03326535590000625
575.0,0.03312162801247755
576.0,0.03297081839556891
577.0,0.032814417902330015
578.0,0.03265082794862587
579.0,0.032473934633821366
580.0,0.03228313458569018
581.0,0.03208370925756151
582.0,0.03187847363014849
583.0,0.03166874079820318
584.0,0.0314577373302154
585.0,0.031243665760392315
586.0,0.03102165669104346
587.0,0.030795505392385604
588.0,0.030561360791714787
589.0,0.03032009996594136
590.0,0.030078522490636066
591.0,0.029848732108559584
592.0,0.02961762746575053
593.0,0.029373526761571612
594.0,0.02911438144946424
595.0,0.028826000287556598
596.0,0.02850120833284761
597.0,0.0281350266805032
598.0,0.02773442888088788
599.0,0.02732007438300239
600.0,0.026917455915713883
601.0,0.026548823836854613
602.0,0.026212491573860415
603.0,0.025915679137391717
604.0,0.025670154133988272
605.0,0.025446970548449667
606.0,0.025232606447719824
607.0,0.025033060346830872
608.0,0.0248361159244786
609.0,0.024625294502090934
610.0,0.024411159239844334
611.0,0.024195887575490894
612.0,0.023976959033197208
613.0,0.023760434486864043
614.0,0.023552491172777718
615.0,0.023355609273739503
616.0,0.023169902124190924
617.0,0.022987997492104416
618.0,0.022819948196843087
619.0,0.02267068884780431
620.0,0.02253861176280315
621.0,0.022421927131832515
622.0,0.02232643809338488
623.0,0.022247336554341433
624.0,0.022176035592182276
625.0,0.022102736683004588
626.0,0.022036509746243615
627.0,0.02198519698431652
628.0,0.021949379490642528
629.0,0.021924392772727917
630.0,0.021903819209842978
631.0,0.02189420382750953
632.0,0.021894582107057515
633.0,0.021905776776754572
634.0,0.02193073203713572
635.0,0.021965385121872707
636.0,0.022011919730001155
637.0,0.022069386423279613
638.0,0.022123437709570617
639.0,0.02218429223424939
640.0,0.02225067741359698
641.0,0.02231168629328678
642.0,0.022361818244745528
643.0,0.02239566420770226
644.0,0.02242555937835042
645.0,0.02244642735506898
646.0,0.022442710257849607
647.0,0.022420628318268507
648.0,0.02237692815534741
649.0,0.022310239772874385
650.0,0.022210328220404425
651.0,0.022066795735020628
652.0,0.02188797676998023
653.0,0.021673278585466436
654.0,0.0214366790957654
655.0,0.021108839047485194
656.0,0.02065270401843669
657.0,0.020092005127170874
658.0,0.019506361679794505
659.0,0.018936324629393333
660.0,0.018373204902175082
661.0,0.017821153595574617
662.0,0.0172943188886584
663.0,0.01679142874822823
664.0,0.01632359094295845
665.0,0.015899356127821587
666.0,0.015519994692889689
667.0,0.015187102794679424
668.0,0.014912084095842899
669.0,0.014692021976608256
670.0,0.01452083273004163
671.0,0.014395932407118442
672.0,0.014311939580059243
673.0,0.014262692835809745
674.0,0.014247231350250012
675.0,0.014267143666904143
676.0,0.01431592836536619
677.0,0.014386222084571765
678.0,0.014493887178431905
679.0,0.014645927108643982
680.0,0.014849206925964573
681.0,0.01511016041489124
682.0,0.015440608595761527
683.0,0.015836806297695693
684.0,0.016316218289585994
685.0,0.016937668093587776
686.0,0.017695610794693263
687.0,0.01854631939968256
688.0,0.019251164237584707
689.0,0.019895157270243158
690.0,0.020590548777893253
691.0,0.02132960318279304
692.0,0.02211201498594155
693.0,0.0229158512561907
694.0,0.023708616781512516
695.0,0.024449957631376296
696.0,0.0251087386170895
697.0,0.025683167276166086
698.0,0.026183262810879994
699.0,0.026595005638714662
700.0,0.026909301842943472
701.0,0.027116937941724095
702.0,0.027192350829370028
703.0,0.02713553735749464
704.0,0.026992906644307806
705.0,0.026769793635561014
706.0,0.026450276363761842
707.0,0.026048419718913064
708.0,0.025572645334390187
709.0,0.025026830123545646
710.0,0.02440411177119317
711.0,0.02371056348715862
712.0,0.022967393793929352
713.0,0.022197685420571666
714.0,0.021410926375414002
715.0,0.020642993424567664
716.0,0.019881900869438345
717.0,0.019127045317882195
718.0,0.018340814856270475
719.0,0.017539053935855826
720.0,0.01676087603423847
721.0,0.016054679939430404
722.0,0.015414334900424006
723.0,0.014782237726113992
724.0,0.014140978154618563
725.0,0.013499472203676888
726.0,0.012867421814359455
727.0,0.01222726387531216
728.0,0.011564149017578006
729.0,0.010887219486665854
730.0,0.010238724988928853
731.0,0.009642923969046388
732.0,0.009113702373246522
733.0,0.008671115097531412
734.0,0.008307276109500439
735.0,0.008010491077841887
736.0,0.0077689205768332
737.0,0.007578210139675967
738.0,0.007439250332346473
739.0,0.007335404265913133
740.0,0.007249793197063209
741.0,0.0071808653300403395
742.0,0.007126601014946202
743.0,0.007085234213823476
744.0,0.007055322582878214
745.0,0.007033270831382718
746.0,0.007002423380748339
747.0,0.0069697004424866885
748.0,0.006952372337738662
749.0,0.006933476040004103
750.0,0.006913750887839199
751.0,0.0068905819745617505
752.0,0.006868287369197643
753.0,0.0068470167856359955
754.0,0.006824100768893832
755.0,0.006804405502577565
756.0,0.006801875710978636
757.0,0.006811485137298718
758.0,0.006837485616192465
759.0,0.006898273527654162
760.0,0.006960858816338847
761.0,0.006959130321531111
762.0,0.00690246175295548
763.0,0.00683351329377929
764.0,0.006787333721433389
765.0,0.00674888554037083
766.0,0.006722721908893371
767.0,0.006715290268351559
768.0,0.006718418792388631
769.0,0.006731216054174876
770.0,0.006745556669706899
771.0,0.006758690628667803
772.0,0.006778217692570425
773.0,0.006798733565000226
774.0,0.006820658142817617
775.0,0.006841942966643503
776.0,0.006864322541671667
777.0,0.00688828381001549
778.0,0.0069242121067761035
779.0,0.006968092860383482
780.0,0.007005534565845373
781.0,0.007045914097011966
782.0,0.00709191097687024
783.0,0.007147498203504079
784.0,0.007202275729125117
785.0,0.007255002048103726
786.0,0.0073148807812339735
787.0,0.007376595803734504
788.0,0.007432527112959783
789.0,0.007486186813794457
790.0,0.00754049240317724
791.0,0.0076153064436462175
792.0,0.007695153714217366
793.0,0.00775645207185937
794.0,0.007820048354755707
795.0,0.007889836165907183
796.0,0.007953651361536777
797.0,0.008017892959932006
798.0,0.008083862038112788
799.0,0.008141328774101527
800.0,0.008196126458291689
801.0,0.008246325176637839
802.0,0.008285264300318725
803.0,0.008314686007971422
804.0,0.008343871253040968
805.0,0.008364079168083528
806.0,0.008366377619787962
807.0,0.008354485794574004
808.0,0.00833431154187758
809.0,0.008307045161643057
810.0,0.008270874499254259
811.0,0.008224749803044511
812.0,0.008156901071790687
813.0,0.008082019867485793
814.0,0.00800357067259461
815.0,0.00791150712899872
816.0,0.007812738109312094
817.0,0.007709714686686917
818.0,0.007593012223947544
819.0,0.007463572234132682
820.0,0.007317956568628155
821.0,0.007144427418637399
822.0,0.006951136554810468
823.0,0.006737124171517303
824.0,0.006509450748583313
825.0,0.0062697679309173405
826.0,0.006026532381518491
827.0,0.005784160844302085
828.0,0.005530922992614212
829.0,0.005284786439701553
830.0,0.005064254771551643
831.0,0.004883085376865788
832.0,0.004733057567351087
833.0,0.004586433324317963
834.0,0.004463263183753696
835.0,0.004372472111929087
836.0,0.0043035452388515225
837.0,0.004246285541762834
838.0,0.004191651885983552
839.0,0.004150289664037672
840.0,0.004113498603564553
841.0,0.00408886878080759
842.0,0.00405767561899507
843.0,0.00402169346297879
844.0,0.003986529941578107
845.0,0.003946001160341559
846.0,0.0038986520696307585
847.0,0.0038729565804506427
848.0,0.0038617886915558917
849.0,0.0038358880362448214
850.0,0.0038032437744218556
851.0,0.003765984455978366
852.0,0.003732318325570856
853.0,0.003708004575826126
854.0,0.003685194486822318
855.0,0.0036545021113178083
856.0,0.0036225165160636104
857.0,0.003611866299561005
858.0,0.0035932333209483143
859.0,0.0035619319133472042
860.0,0.003528716305546227
861.0,0.003498845928847047
862.0,0.0034937485161235953
863.0,0.0034760040458330353
864.0,0.0034379353555880733
865.0,0.0034284462973573613
866.0,0.0034100986308021166
867.0,0.0033738390362389606
868.0,0.00335371504578479
869.0,0.003321545625899471
870.0,0.0032698850096550694
871.0,0.00324474060922098
872.0,0.0032315608563654777
873.0,0.003202478525135942
874.0,0.0031757315003125485
875.0,0.003146525918774217
876.0,0.003105290073288272
877.0,0.003062499197084946
878.0,0.0030231100763206922
879.0,0.0030003905237396896
880.0,0.002982686013776893
881.0,0.0029460657515269404
882.0,0.0029256004891352405
883.0,0.002910433460465776
884.0,0.0028581536137701974
885.0,0.0028162015738964433
886.0,0.002791273558009808
887.0,0.00276068970729178
888.0,0.0027415411044462755
889.0,0.0027210846624988725
890.0,0.0026944609429254258
891.0,0.002668855729830117
892.0,0.002620047548636796
893.0,0.0025752595323469624
894.0,0.00254799881883077
895.0,0.00254241396386633
896.0,0.0025272707910506047
897.0,0.002493614830874861
898.0,0.002456847033926083
899.0,0.0024150464224079364
