/begin_header
/west_longitude=UNKNOWN
/south_latitude=NA
/north_latitude=UNKNOWN
/calibration_files=NA
/cruise=NA
/station=NA
/documents=NA
/data_type=NA
/affiliations=NOAA
/experiment=NA
/units=nm,dl
/start_date=2019-08-12
/end_date=NA
/missing=9999
/start_time=10:56:36
/data_file_name=NA
/cloud_percent=NA
/water_depth=NA
/data_status=NA
/east_longitude=NA
/wind_speed=NA
/secchi=NA
/measurement_depth=NA
/fields=wavelength,rrs
/delimiter=comma
/contact=NA
/end_time=NA
/wave_height=NA
/investigators=NA
/end_header@
325.0,0.014462730385027867
326.0,0.014546676112172908
327.0,0.014664769517384556
328.0,0.01458313103122325
329.0,0.014346859217907367
330.0,0.014039474474809868
331.0,0.01379434994770023
332.0,0.013807215417741736
333.0,0.01388325274075614
334.0,0.013501822791698263
335.0,0.013305022994656312
336.0,0.013347108943944752
337.0,0.013256232480951407
338.0,0.013102394253093666
339.0,0.013082672575701244
340.0,0.013024452557762717
341.0,0.012873803063898293
342.0,0.012754491085981045
343.0,0.012739375586976336
344.0,0.012711108800500156
345.0,0.01260289316734888
346.0,0.01241760368538271
347.0,0.012263612555655628
348.0,0.012159155103089354
349.0,0.012080073971863522
350.0,0.011979641385581849
351.0,0.01193971999264457
352.0,0.011953522123549453
353.0,0.011869750137146029
354.0,0.011812436073123
355.0,0.011821982226480515
356.0,0.011746327329827428
357.0,0.011641664056191442
358.0,0.011548824029994543
359.0,0.011476983134575437
360.0,0.01142125204370061
361.0,0.011326168583610635
362.0,0.01127023704502845
363.0,0.01125322313542712
364.0,0.011146454620930165
365.0,0.01103331001795349
366.0,0.011016303944458536
367.0,0.010958319223996555
368.0,0.010879765943043454
369.0,0.010791207351448527
370.0,0.01073786938085784
371.0,0.010720620469253435
372.0,0.010641432540243367
373.0,0.010570735482909998
374.0,0.01054795961650242
375.0,0.010535382103097391
376.0,0.010515748264675306
377.0,0.010405650548694172
378.0,0.010338726178814766
379.0,0.010320909585639977
380.0,0.01022720462046668
381.0,0.010149427875221087
382.0,0.01014164834452332
383.0,0.010086249027444361
384.0,0.0100384803142058
385.0,0.010018315286672205
386.0,0.009954293952486773
387.0,0.009868279852478349
388.0,0.009843069299773532
389.0,0.009789531722904792
390.0,0.009713590636728388
391.0,0.009693081109516577
392.0,0.009684913529202538
393.0,0.009637794728423552
394.0,0.009567171681360929
395.0,0.009494755323645038
396.0,0.009426277586264116
397.0,0.00934228382466667
398.0,0.009261893824864129
399.0,0.00921955921430938
400.0,0.009191912668890079
401.0,0.009132759981049576
402.0,0.009072676642622427
403.0,0.009020807630808002
404.0,0.008993533484238429
405.0,0.008952673283306272
406.0,0.008880716837522604
407.0,0.008845919422016024
408.0,0.008824261666771875
409.0,0.008765937435943115
410.0,0.008713054511129196
411.0,0.008678466472337528
412.0,0.008638536987345995
413.0,0.008602920990817886
414.0,0.008579584937758084
415.0,0.008574526862648802
416.0,0.008561360110956696
417.0,0.008525462298662733
418.0,0.008497960888539222
419.0,0.008485383708603689
420.0,0.008466064478278896
421.0,0.008452523899154477
422.0,0.008442673247588166
423.0,0.008428459828579319
424.0,0.008421201927446895
425.0,0.008418076375729902
426.0,0.008416009119186836
427.0,0.008414220649275416
428.0,0.008417479614427537
429.0,0.008420886333482163
430.0,0.008409845430794321
431.0,0.008390018088730872
432.0,0.008374907893851855
433.0,0.008376278495442941
434.0,0.008370097435133674
435.0,0.008350211104889043
436.0,0.008356046850802382
437.0,0.008373148851255193
438.0,0.008377144393241704
439.0,0.008394987153514985
440.0,0.008418911434569269
441.0,0.008428027526041578
442.0,0.00846183439704105
443.0,0.008516641744878728
444.0,0.008558322634762175
445.0,0.008598395249452915
446.0,0.008652536978799537
447.0,0.008718756167056722
448.0,0.008787784677285231
449.0,0.008847984246341728
450.0,0.008914119370287351
451.0,0.008987856443546528
452.0,0.009047880128646544
453.0,0.009107769208335533
454.0,0.009169665007872283
455.0,0.009221256541825828
456.0,0.009269711352836852
457.0,0.009319347652879131
458.0,0.009365813783084046
459.0,0.00940817266130163
460.0,0.009451043868027446
461.0,0.009502408375192065
462.0,0.009551467781547553
463.0,0.00958795946508011
464.0,0.009622221878872673
465.0,0.009677728039732133
466.0,0.009731733856728226
467.0,0.009775146016892906
468.0,0.009827764673867555
469.0,0.009890738199887474
470.0,0.009941584421902353
471.0,0.009994979410845805
472.0,0.010058584426786074
473.0,0.010108150762882831
474.0,0.010154761113790562
475.0,0.01020611420857344
476.0,0.010262726507507097
477.0,0.010320113390085598
478.0,0.010375297607635663
479.0,0.010427007883194462
480.0,0.010477802192585362
481.0,0.010536904498174864
482.0,0.010597769315332274
483.0,0.010645725020217458
484.0,0.010707672250433694
485.0,0.010778180439550453
486.0,0.010818336734039416
487.0,0.010860560635025216
488.0,0.010918234927290011
489.0,0.010971358259896993
490.0,0.011023166599515808
491.0,0.011075342111462837
492.0,0.011147578572933468
493.0,0.011235651460140456
494.0,0.01131579105764457
495.0,0.011403653452548566
496.0,0.01149694510270222
497.0,0.01159879604915465
498.0,0.011712777061680816
499.0,0.011823984914232298
500.0,0.011953894490201001
501.0,0.012103576408880849
502.0,0.012242037272288129
503.0,0.012387714249832482
504.0,0.012558386565117246
505.0,0.012725375789068275
506.0,0.012886382868930842
507.0,0.01306965934764566
508.0,0.013254335793674143
509.0,0.013437854215562603
510.0,0.013613484050253376
511.0,0.013798526959074695
512.0,0.014009899082107582
513.0,0.014211377456284957
514.0,0.01440932135127004
515.0,0.014633351954667176
516.0,0.014859064318865547
517.0,0.015084469945276503
518.0,0.015319640586561415
519.0,0.015550337608681006
520.0,0.015756521222491833
521.0,0.015963565704785306
522.0,0.01617913313954087
523.0,0.016402005407914054
524.0,0.01661860805480581
525.0,0.01681712836924231
526.0,0.017022068140076934
527.0,0.017229778199573297
528.0,0.01743519555497494
529.0,0.017637866234381374
530.0,0.01783651802207669
531.0,0.01802180298312719
532.0,0.01820459618217491
533.0,0.018391261149870934
534.0,0.0185802435959422
535.0,0.018760727678106624
536.0,0.018922824504545552
537.0,0.019088899082794895
538.0,0.019265110650579315
539.0,0.019432833923495815
540.0,0.01959360065575849
541.0,0.019754183934751104
542.0,0.01990563640058463
543.0,0.020046512957098656
544.0,0.02018675866367007
545.0,0.020321199278909265
546.0,0.0204504525104639
547.0,0.020579474499263416
548.0,0.020701907103001523
549.0,0.02081645830400545
550.0,0.02093170768427302
551.0,0.02105103370651746
552.0,0.02117251360969422
553.0,0.02129151262209756
554.0,0.021404715949396313
555.0,0.021513334688673915
556.0,0.021619770479279665
557.0,0.02173076251160437
558.0,0.02183589138386404
559.0,0.02192762983322069
560.0,0.02199958858698215
561.0,0.022062701818762152
562.0,0.022121474776966833
563.0,0.022172818533268794
564.0,0.022214807992953826
565.0,0.022246275796507835
566.0,0.022265648241157128
567.0,0.022264698963855956
568.0,0.022263189906642254
569.0,0.022258559078877815
570.0,0.022233628423007048
571.0,0.02220356007265299
572.0,0.02217050129046674
573.0,0.02212033973635345
574.0,0.022055935498288146
575.0,0.02198443212679464
576.0,0.021910672042679217
577.0,0.02183080347458513
578.0,0.021731184341319966
579.0,0.021612287159081034
580.0,0.021483980589452552
581.0,0.02135988895996892
582.0,0.021225361182512066
583.0,0.02105507054669239
584.0,0.02087813999982991
585.0,0.020703782908526872
586.0,0.020522156222672804
587.0,0.02033092712672303
588.0,0.02013052486152546
589.0,0.019915449596936564
590.0,0.019685571837200287
591.0,0.01945206031497978
592.0,0.01921831135396513
593.0,0.018970201229006008
594.0,0.01870559542932774
595.0,0.018410747432353002
596.0,0.018070702774689817
597.0,0.017700040274945858
598.0,0.01730797099333025
599.0,0.016918214929071838
600.0,0.01655022468652489
601.0,0.016225122633863186
602.0,0.0159427674329952
603.0,0.015717598509603904
604.0,0.015555964171642955
605.0,0.015428664264725892
606.0,0.015319703794293326
607.0,0.015213503948621091
608.0,0.015112228009226009
609.0,0.015012400686268811
610.0,0.014916796070525432
611.0,0.014821176161461202
612.0,0.014724075575117382
613.0,0.014627420964861276
614.0,0.014536103471242536
615.0,0.014432915841788074
616.0,0.014322295396357598
617.0,0.014238654894841182
618.0,0.014155664224647379
619.0,0.014068010642642678
620.0,0.013994101827916638
621.0,0.01393141923738701
622.0,0.013880072585002243
623.0,0.01383479342244107
624.0,0.013790206816654351
625.0,0.013744229312105258
626.0,0.013704691441415442
627.0,0.013669059522331665
628.0,0.013630129683001299
629.0,0.013601436949396709
630.0,0.013582592836207701
631.0,0.013569473077563588
632.0,0.01356176549029946
633.0,0.013561393693609827
634.0,0.01356007182268179
635.0,0.013550811966579066
636.0,0.013551359849839031
637.0,0.013563140282849112
638.0,0.013567974939466348
639.0,0.013569288478065437
640.0,0.013568100920429335
641.0,0.013565406863091642
642.0,0.01355902957536187
643.0,0.01353142226547743
644.0,0.013503295949734697
645.0,0.013478707801778757
646.0,0.013457743648797987
647.0,0.013425423696105606
648.0,0.01337577360978999
649.0,0.013325444662721203
650.0,0.013262717689333615
651.0,0.013164741367945107
652.0,0.013053803376212179
653.0,0.012931135973053754
654.0,0.01279693430743171
655.0,0.012614660052899318
656.0,0.012359912448773554
657.0,0.012069380864278232
658.0,0.011784628844677493
659.0,0.011505423335560197
660.0,0.011240495189739887
661.0,0.01099146616831519
662.0,0.010778369460491091
663.0,0.010568586134733167
664.0,0.010335362462082848
665.0,0.010138793857888777
666.0,0.009983210116085408
667.0,0.009837415130157475
668.0,0.009711364562238037
669.0,0.009603893127240906
670.0,0.009521959876980454
671.0,0.009459487773185931
672.0,0.009433097668890169
673.0,0.009414395474443808
674.0,0.009394729864972005
675.0,0.00938567393394084
676.0,0.009399881984451176
677.0,0.009444844766275995
678.0,0.009490867244990838
679.0,0.009541826674149434
680.0,0.009624934610789965
681.0,0.009743928440622296
682.0,0.009900463776552336
683.0,0.010066062072495597
684.0,0.010252273074216176
685.0,0.010502713654826867
686.0,0.01078650105233089
687.0,0.011073809382226362
688.0,0.01126810914161885
689.0,0.011393464832664601
690.0,0.011490248930228538
691.0,0.011597642022334747
692.0,0.011708080613558205
693.0,0.011786300636717293
694.0,0.011842878881616278
695.0,0.011872311633165844
696.0,0.011857728019069577
697.0,0.011808789760672152
698.0,0.011733378226702045
699.0,0.011635753965760552
700.0,0.011510091709625447
701.0,0.011351296648926673
702.0,0.011161043179759134
703.0,0.010944808505081153
704.0,0.010720071943823063
705.0,0.010479486683950873
706.0,0.010216483879377423
707.0,0.009943586805264033
708.0,0.009664259538840791
709.0,0.009383598428274468
710.0,0.009078985262863114
711.0,0.0087431076288747
712.0,0.00840310897904463
713.0,0.008080887681166006
714.0,0.007769841637392442
715.0,0.007472018998526103
716.0,0.0071798349621436195
717.0,0.006897564206685375
718.0,0.006598292393725995
719.0,0.006303593866887126
720.0,0.006001942559372911
721.0,0.0057221124684720265
722.0,0.005502286464690974
723.0,0.005297984207811074
724.0,0.005074948433725988
725.0,0.0048445389791917145
726.0,0.004621947559235626
727.0,0.004405080305039203
728.0,0.004183253247417171
729.0,0.003963449190407212
730.0,0.00374001505155653
731.0,0.003526541919677039
732.0,0.0033408098009296895
733.0,0.003185243156619474
734.0,0.0030627446187794977
735.0,0.0029638988385816503
736.0,0.002877066314382677
737.0,0.002806143950017429
738.0,0.002759742079931758
739.0,0.0027285716195047205
740.0,0.002706142961578218
741.0,0.002667038489717469
742.0,0.0026307310964491116
743.0,0.002631290587135438
744.0,0.002626609492403915
745.0,0.0025990406469249003
746.0,0.002581358241212872
747.0,0.0025699508634802184
748.0,0.002560313317843322
749.0,0.002550903753016024
750.0,0.0025423828540904886
751.0,0.002526935312533922
752.0,0.0025084341814214403
753.0,0.0025028043628060872
754.0,0.0024894818274298876
755.0,0.002471957358855517
756.0,0.002471494393734652
757.0,0.0024801841472688302
758.0,0.002492359788749496
759.0,0.0025093131554718073
760.0,0.0025343951743890154
761.0,0.0025421683109003806
762.0,0.002513779773154095
763.0,0.00247880856781072
764.0,0.002468378643668391
765.0,0.002450824020740399
766.0,0.0024241378499971827
767.0,0.0024114994990664116
768.0,0.0024148650348268835
769.0,0.002421816880272739
770.0,0.0024222071720480334
771.0,0.0024166609326492505
772.0,0.002419023408982422
773.0,0.002429864731062611
774.0,0.002437317137688892
775.0,0.002429802575420066
776.0,0.0024296473156944307
777.0,0.002464362136655052
778.0,0.0024808388997288305
779.0,0.002469769128772405
780.0,0.002472226590384273
781.0,0.0024895286799715296
782.0,0.002507250240836776
783.0,0.002513800625925886
784.0,0.0025262395316447196
785.0,0.0025393340190153525
786.0,0.002551969463233562
787.0,0.0025698078439131537
788.0,0.002584343989067345
789.0,0.0026073392841540937
790.0,0.002636536565540754
791.0,0.002660553454200849
792.0,0.002672116168470351
793.0,0.002680330200214281
794.0,0.002694164999920351
795.0,0.002717476040162765
796.0,0.0027469036418883916
797.0,0.002769172386486275
798.0,0.002786596103060895
799.0,0.0027912790517282235
800.0,0.0028086940155926327
801.0,0.0028296674862029005
802.0,0.002844694465720843
803.0,0.0028522638418254634
804.0,0.0028520730274805522
805.0,0.0028654811712101494
806.0,0.002890698621922638
807.0,0.002888299860241834
808.0,0.0028644815767133276
809.0,0.0028509840210954895
810.0,0.0028402501280839266
811.0,0.0028341731755894967
812.0,0.0028179492172175453
813.0,0.0027930372805247176
814.0,0.0027843513268382253
815.0,0.0027586968410286223
816.0,0.0027129891281678455
817.0,0.002658468205951348
818.0,0.0026263095366038758
819.0,0.002613755596592881
820.0,0.0025662239902037825
821.0,0.002500088774277577
822.0,0.0024598295665372925
823.0,0.0023974007683778076
824.0,0.00231403024436714
825.0,0.0022229007663387723
826.0,0.002147120388005617
827.0,0.0020869589419620417
828.0,0.0020000897015616265
829.0,0.0019027304038329086
830.0,0.0018220421186413791
831.0,0.0017672267907739396
832.0,0.0017398015202857928
833.0,0.0016788440947633914
834.0,0.0016246214860247735
835.0,0.001604470198890633
836.0,0.0015952961765043614
837.0,0.0015771724408254703
838.0,0.0015275004579733125
839.0,0.0015105802866651106
840.0,0.0015231151857441937
841.0,0.0015087083729195924
842.0,0.001483992773784719
843.0,0.0014721458014983414
844.0,0.0014729869801586221
845.0,0.0014561877150795894
846.0,0.0014076752312376045
847.0,0.0014011157292076251
848.0,0.001401123102766237
849.0,0.0013818275877865653
850.0,0.0013711333573389315
851.0,0.0013658240183900055
852.0,0.0013696202866409842
853.0,0.0013532598879968968
854.0,0.0013330564531194892
855.0,0.001318982254312708
856.0,0.0013174623896432768
857.0,0.001315845661433161
858.0,0.001303345652482504
859.0,0.0012738444468307444
860.0,0.0012556385224435594
861.0,0.0012526839036149746
862.0,0.0012606797545653837
863.0,0.001260909515283701
864.0,0.001252459544922225
865.0,0.0012438270858592256
866.0,0.0012256814992430095
867.0,0.0012051168913517307
868.0,0.0012075147006449204
869.0,0.0011961883032939867
870.0,0.0011574941020946865
871.0,0.0011454810596252252
872.0,0.0011566592549072216
873.0,0.001134197915074335
874.0,0.0011173336899649466
875.0,0.0011052910645200603
876.0,0.001095572767557221
877.0,0.0010928831495885243
878.0,0.0010987072728583457
879.0,0.001091400000874076
880.0,0.001079891986363084
881.0,0.0010483684115783832
882.0,0.0010205967334150274
883.0,0.0009998063081564606
884.0,0.000976085655071354
885.0,0.0009810829714404072
886.0,0.0009836079953360055
887.0,0.0009930118619246935
888.0,0.000990116152191245
889.0,0.0009645296584938756
890.0,0.0009182095856916286
891.0,0.0008861082163278648
892.0,0.0009414729391710815
893.0,0.0009562787175813294
894.0,0.0008908854297908131
895.0,0.0008381017274132398
896.0,0.0008238133190378522
897.0,0.0008681514902988159
898.0,0.0008197037562109684
899.0,0.0007629490328463419
