/begin_header
/west_longitude=UNKNOWN
/south_latitude=NA
/north_latitude=UNKNOWN
/calibration_files=NA
/cruise=NA
/station=NA
/documents=NA
/data_type=NA
/affiliations=NOAA
/experiment=NA
/units=nm,dl
/start_date=2019-08-01
/end_date=NA
/missing=9999
/start_time=13:23:23
/data_file_name=NA
/cloud_percent=NA
/water_depth=NA
/data_status=NA
/east_longitude=NA
/wind_speed=NA
/secchi=NA
/measurement_depth=NA
/fields=wavelength,rrs
/delimiter=comma
/contact=NA
/end_time=NA
/wave_height=NA
/investigators=NA
/end_header@
325.0,0.018283843160685032
326.0,0.018200522235278127
327.0,0.018139363885446267
328.0,0.01810827466991442
329.0,0.018052593252379578
330.0,0.017926540012480695
331.0,0.01777650512296316
332.0,0.0177481696060182
333.0,0.017733492296707867
334.0,0.017619450134276116
335.0,0.017511826617205902
336.0,0.017430748602508365
337.0,0.017359918355533587
338.0,0.017263611913866536
339.0,0.01709110538376323
340.0,0.0170075073035645
341.0,0.016961789159736528
342.0,0.016881396231458665
343.0,0.01674800414191726
344.0,0.016610428957424046
345.0,0.016549534884311528
346.0,0.016494071361941982
347.0,0.01640671022416934
348.0,0.016317771725024063
349.0,0.01622360114876468
350.0,0.016121254575190043
351.0,0.016061696615875542
352.0,0.016008630405354187
353.0,0.015952990146557215
354.0,0.015864764691478926
355.0,0.015753544778525346
356.0,0.015685639044737174
357.0,0.015627027807875754
358.0,0.015550328012433603
359.0,0.01545854030708293
360.0,0.015366423884275874
361.0,0.015314191863292104
362.0,0.015247496694588636
363.0,0.015153614605297423
364.0,0.015060592686918011
365.0,0.014991097774598266
366.0,0.014945814598269606
367.0,0.014886853264534431
368.0,0.014813405476302843
369.0,0.014747632422498843
370.0,0.014692423218659042
371.0,0.01463917928942957
372.0,0.014577586189582029
373.0,0.014501029881323315
374.0,0.014417563332133083
375.0,0.014340302300169333
376.0,0.014267551793107278
377.0,0.01418823016713737
378.0,0.014126159685876997
379.0,0.014080682786621487
380.0,0.014034174137612598
381.0,0.013977326311281471
382.0,0.013920646178288509
383.0,0.013856021235766116
384.0,0.013798433535675924
385.0,0.01375918991906509
386.0,0.013697643985578939
387.0,0.013615866721665117
388.0,0.013568726950504045
389.0,0.013523281628924097
390.0,0.01347047583566747
391.0,0.013426349335076148
392.0,0.013383426155407196
393.0,0.013333741096027318
394.0,0.013269872820633652
395.0,0.013202498486396777
396.0,0.013143395508319024
397.0,0.013067757723421567
398.0,0.01298191455877673
399.0,0.012921307735317073
400.0,0.012870566217478865
401.0,0.012818806596036625
402.0,0.01277185616894894
403.0,0.01272402609627323
404.0,0.012660032038676957
405.0,0.012599797684501613
406.0,0.012545055139491954
407.0,0.01248214378293402
408.0,0.012416339963885855
409.0,0.012353458307590345
410.0,0.012292267285109439
411.0,0.01223227780360554
412.0,0.012176258091624375
413.0,0.01212455093807015
414.0,0.012075050374522939
415.0,0.012027007514398983
416.0,0.011983730759647444
417.0,0.011943190225670666
418.0,0.011907682852239813
419.0,0.011874039650532811
420.0,0.0118370868138161
421.0,0.01180340177324346
422.0,0.011770871291150906
423.0,0.011737190899395176
424.0,0.011703325291826551
425.0,0.011678519315495153
426.0,0.011649463601439963
427.0,0.011616028347696358
428.0,0.011586883292456508
429.0,0.011550884851228975
430.0,0.011507385151032617
431.0,0.01146026160752376
432.0,0.011416358047177125
433.0,0.011371605532552924
434.0,0.011333157117428326
435.0,0.011304139232940253
436.0,0.011280336437929108
437.0,0.011258243056680125
438.0,0.011243056041834558
439.0,0.011239695372959846
440.0,0.01124505267376911
441.0,0.011251198964661657
442.0,0.01126180897968163
443.0,0.011283167396207902
444.0,0.011320698558331252
445.0,0.011368569158066194
446.0,0.01142011738001807
447.0,0.011475344512882797
448.0,0.011532113776947343
449.0,0.011586963497444333
450.0,0.01164495862233187
451.0,0.011708956321125499
452.0,0.011766981998266266
453.0,0.011821180896407855
454.0,0.011870768224320863
455.0,0.01191257627173485
456.0,0.011950220213139776
457.0,0.011984899926498802
458.0,0.012012152051936368
459.0,0.012037199309539068
460.0,0.01206267671384054
461.0,0.012088797569734314
462.0,0.012118123033681141
463.0,0.012148224705182323
464.0,0.012178222369050942
465.0,0.012206633570686513
466.0,0.012237537083318298
467.0,0.01227238814502107
468.0,0.012302906403482047
469.0,0.012334659746457274
470.0,0.012375493151070588
471.0,0.012416215169884734
472.0,0.012454525300875157
473.0,0.0124862011422367
474.0,0.012520372527695372
475.0,0.012560310104588985
476.0,0.01260020357094559
477.0,0.012636247965814895
478.0,0.012674395106462264
479.0,0.012711678233732527
480.0,0.012749389421503447
481.0,0.01279804155118253
482.0,0.012847566491779682
483.0,0.012884002321041171
484.0,0.01292469967396187
485.0,0.012972157514752045
486.0,0.013024537944559081
487.0,0.013072563069832505
488.0,0.013114003139292887
489.0,0.013157418221247792
490.0,0.013206341365153243
491.0,0.013265740954734272
492.0,0.01333296296502141
493.0,0.013409708419526486
494.0,0.013494811240378629
495.0,0.013587854166108058
496.0,0.013691062235654236
497.0,0.013804268622009817
498.0,0.01393362029564688
499.0,0.014082507680077313
500.0,0.014238316866907463
501.0,0.014399958513691774
502.0,0.014574978201293215
503.0,0.014760107252319871
504.0,0.014957510080412423
505.0,0.015160576969094319
506.0,0.015370532772647777
507.0,0.015599215032744616
508.0,0.015836979019381928
509.0,0.01608175779590463
510.0,0.016332235486187185
511.0,0.016592336728547173
512.0,0.016863165525626594
513.0,0.01714296770915381
514.0,0.017434831486510833
515.0,0.017734889721285056
516.0,0.018049869495126186
517.0,0.018376956128290038
518.0,0.018705389698133686
519.0,0.019027201057546055
520.0,0.01933744762801675
521.0,0.019647797024554384
522.0,0.01996318349273955
523.0,0.02027765098781075
524.0,0.020599826109630896
525.0,0.020926478359558846
526.0,0.02125557180245814
527.0,0.02158551089637125
528.0,0.021908792646957085
529.0,0.022216349536606506
530.0,0.022511462679904955
531.0,0.022814489332259002
532.0,0.02312060196081652
533.0,0.023418677142077644
534.0,0.02371516163940269
535.0,0.024004954737705995
536.0,0.024279050361231447
537.0,0.02454934999963575
538.0,0.02482242220469762
539.0,0.02508195752490981
540.0,0.025332882907274822
541.0,0.025584027224004414
542.0,0.025822561412988297
543.0,0.026045383152718378
544.0,0.02626162517919356
545.0,0.02647039700152191
546.0,0.0266705321693883
547.0,0.026859854359589836
548.0,0.02703969877304732
549.0,0.02720515549597719
550.0,0.02736696634953385
551.0,0.02752949394288637
552.0,0.027681373783096902
553.0,0.027824995400849328
554.0,0.027963484285586808
555.0,0.028086949087146117
556.0,0.028195194978191333
557.0,0.02829210497754463
558.0,0.028372487279830168
559.0,0.028434215706869652
560.0,0.02848338907036001
561.0,0.028519093853523008
562.0,0.028541024611052884
563.0,0.028550043429632733
564.0,0.02854720702709323
565.0,0.028528901984481013
566.0,0.028497742172808448
567.0,0.02845537885482418
568.0,0.028399797663436987
569.0,0.028331762171215875
570.0,0.02825326435126762
571.0,0.028158099019602346
572.0,0.028048170393235632
573.0,0.02793979841672641
574.0,0.02782976538517804
575.0,0.02771228685551186
576.0,0.027583975554503093
577.0,0.027443604379491476
578.0,0.027288198032939914
579.0,0.027121694245215832
580.0,0.026944659755447076
581.0,0.02675513578079309
582.0,0.026555780138998723
583.0,0.026353969025853612
584.0,0.026139062878137283
585.0,0.025911202736889204
586.0,0.025686800259963467
587.0,0.025461112810495668
588.0,0.02522399717309059
589.0,0.024977904398108618
590.0,0.02472729390224346
591.0,0.024477375698776952
592.0,0.02422847917448716
593.0,0.0239674795402314
594.0,0.023675056528072447
595.0,0.023345235171305725
596.0,0.022980774829520885
597.0,0.022581109251717725
598.0,0.02215411089807593
599.0,0.021717678772031436
600.0,0.02130141357760688
601.0,0.020932556416055476
602.0,0.020614294093954093
603.0,0.02035195261257047
604.0,0.020144908102357233
605.0,0.019968925202176153
606.0,0.01980873885400048
607.0,0.019656331438749113
608.0,0.0195054911158417
609.0,0.019355888565785982
610.0,0.019199520064692426
611.0,0.01903958175948988
612.0,0.018888235647015396
613.0,0.01873985554111351
614.0,0.018589086471880303
615.0,0.018440150548349493
616.0,0.01829329384525226
617.0,0.018150033271256964
618.0,0.018021273907997924
619.0,0.01791162881198413
620.0,0.017814501948084614
621.0,0.017726501044821236
622.0,0.01765140770016959
623.0,0.017578469902256835
624.0,0.017506692105263347
625.0,0.017447582927833306
626.0,0.01739655703026499
627.0,0.0173460471690477
628.0,0.01729627544659728
629.0,0.01725265275458631
630.0,0.017230102517006567
631.0,0.017215912683988498
632.0,0.0172065777154908
633.0,0.01720408726821986
634.0,0.01720735778353053
635.0,0.01721142509186351
636.0,0.0172180929737412
637.0,0.0172301610137515
638.0,0.01725373281809934
639.0,0.017277999763060707
640.0,0.017294558157829334
641.0,0.017293957153801456
642.0,0.017284605477294532
643.0,0.01727266895249089
644.0,0.017250840180198148
645.0,0.017216480371685678
646.0,0.01717222720266957
647.0,0.01711839043115234
648.0,0.017051167666850938
649.0,0.016968627098612285
650.0,0.016861645785676213
651.0,0.016721173665044393
652.0,0.01654642392782637
653.0,0.016339535004577813
654.0,0.0161264157662871
655.0,0.015852737696400335
656.0,0.015482761578349134
657.0,0.015047148088989357
658.0,0.014606224864835513
659.0,0.014183296313378621
660.0,0.013773111388455736
661.0,0.013384710636982152
662.0,0.013027751949014532
663.0,0.012692204759523904
664.0,0.012372034158106398
665.0,0.012083748788365442
666.0,0.011835387139510416
667.0,0.011626845471360817
668.0,0.011452346318416106
669.0,0.011312688674952345
670.0,0.011217721844480989
671.0,0.011158282057357683
672.0,0.01112423959607203
673.0,0.011114621821193256
674.0,0.011126806514543352
675.0,0.011160304458338634
676.0,0.011215343664994744
677.0,0.011292646922533902
678.0,0.011395616795121221
679.0,0.011525675284270119
680.0,0.011684650998958305
681.0,0.011880911750458217
682.0,0.012118538144857947
683.0,0.012394429389795474
684.0,0.01272864222240433
685.0,0.013170577978999431
686.0,0.013676620085078844
687.0,0.01419188024675581
688.0,0.014566150175533471
689.0,0.014877447191974416
690.0,0.015215408119302828
691.0,0.015556261988538012
692.0,0.01589955967145424
693.0,0.016246238679330664
694.0,0.01656020327689787
695.0,0.016821813508868865
696.0,0.017034298200439876
697.0,0.017194908541564517
698.0,0.017305881223173898
699.0,0.017358028412990945
700.0,0.017344485168752272
701.0,0.017268237897590962
702.0,0.01713234342247299
703.0,0.016943322166414
704.0,0.016699097767780457
705.0,0.016414437182326578
706.0,0.016102220141188534
707.0,0.015748949015895495
708.0,0.015357472442432196
709.0,0.014931894322037642
710.0,0.014475817300653315
711.0,0.01399289918062425
712.0,0.013486439275188718
713.0,0.012970545276570183
714.0,0.01246750088725854
715.0,0.011982953655220022
716.0,0.01150601294054988
717.0,0.011039506154766832
718.0,0.010559716529981762
719.0,0.010084877673143037
720.0,0.009636543818414615
721.0,0.009229098449900953
722.0,0.008849553786405225
723.0,0.00847870573490452
724.0,0.008112666312695724
725.0,0.0077443069840241584
726.0,0.007382236082778958
727.0,0.007025551353765223
728.0,0.006658111173863781
729.0,0.0062874187657233445
730.0,0.005933388447839372
731.0,0.005609651988919008
732.0,0.005325986013912696
733.0,0.005083773457300955
734.0,0.004884513292654646
735.0,0.004723048972672681
736.0,0.004595697118993212
737.0,0.004499737246498448
738.0,0.004417699349704227
739.0,0.0043519315887267885
740.0,0.004306680026924789
741.0,0.004271340364601714
742.0,0.004240632767971217
743.0,0.004212751347149114
744.0,0.004191622319578229
745.0,0.004169468156128277
746.0,0.0041501993383416015
747.0,0.004133079232778055
748.0,0.00411187054928363
749.0,0.004094701291644173
750.0,0.004081913896311977
751.0,0.004065276187000913
752.0,0.004047634218052903
753.0,0.004031621406311138
754.0,0.004016348903145355
755.0,0.004002407528738136
756.0,0.003991094707600286
757.0,0.003990733374119896
758.0,0.004001213593700296
759.0,0.0040170518710714535
760.0,0.004024020012684226
761.0,0.004003487066440982
762.0,0.003957240055986306
763.0,0.003914421505674124
764.0,0.0038965583480724047
765.0,0.003882140843852775
766.0,0.003872261874385185
767.0,0.0038749670176983484
768.0,0.003883778012701629
769.0,0.0038857868951573315
770.0,0.0038852718639867576
771.0,0.0038867931340220707
772.0,0.0038935488267770194
773.0,0.0039019168755710975
774.0,0.0039081992392841665
775.0,0.003912591088196351
776.0,0.0039204543571316215
777.0,0.003941817708913711
778.0,0.003960939306384482
779.0,0.0039755979793440815
780.0,0.003989082301068072
781.0,0.004008110692808826
782.0,0.004030373227259886
783.0,0.004053593007236267
784.0,0.004077424715041427
785.0,0.004105688092788499
786.0,0.004127497907316096
787.0,0.004144633418952003
788.0,0.004167829193178133
789.0,0.004196413238517929
790.0,0.004230377749380917
791.0,0.00426446917957349
792.0,0.004299757194960003
793.0,0.004336516024568049
794.0,0.00436791505093455
795.0,0.0043963255617052105
796.0,0.004430288278383962
797.0,0.004458992624350122
798.0,0.0044836018015458655
799.0,0.0045087263667251045
800.0,0.004533013300079145
801.0,0.00455615389440478
802.0,0.004574087835305537
803.0,0.004590070304473291
804.0,0.004596883947884998
805.0,0.004599480128895546
806.0,0.00460856909516546
807.0,0.004608182309697869
808.0,0.004590496982247137
809.0,0.004561702874347612
810.0,0.004534050200040338
811.0,0.004509024638656899
812.0,0.004469414540452495
813.0,0.0044235611463362585
814.0,0.004374983469295714
815.0,0.00432239542785594
816.0,0.004270048092883116
817.0,0.004217778198436889
818.0,0.004157079031704548
819.0,0.004083121801083414
820.0,0.004006230396969452
821.0,0.003917134259115071
822.0,0.0038077838475624225
823.0,0.003694617463495093
824.0,0.003579519210788323
825.0,0.00346074109739303
826.0,0.0033363160952272577
827.0,0.003205485557597236
828.0,0.0030712996510569865
829.0,0.0029439222481825408
830.0,0.0028276218585353784
831.0,0.0027299553257278696
832.0,0.002650601613317556
833.0,0.0025847000162020108
834.0,0.002532514189670299
835.0,0.00248509453807291
836.0,0.002433923314502315
837.0,0.002391464731070312
838.0,0.002375710651828146
839.0,0.002369542002114887
840.0,0.002356789725961467
841.0,0.002322116794836851
842.0,0.0022840578884137613
843.0,0.002254695475483116
844.0,0.0022505300470546663
845.0,0.0022481042291264456
846.0,0.002230053650113026
847.0,0.002205569452441356
848.0,0.0021795366836247754
849.0,0.0021793193838884548
850.0,0.0021652413857055864
851.0,0.0021323013219345945
852.0,0.0021150102443261137
853.0,0.0021079381673706266
854.0,0.0021040827768294746
855.0,0.0020757713117269478
856.0,0.002049237551653731
857.0,0.0020436671595938623
858.0,0.0020320509840818348
859.0,0.0020163373988263096
860.0,0.0020162355550608926
861.0,0.0020085484097083282
862.0,0.001992999930204658
863.0,0.0019763504654357307
864.0,0.001959320880092246
865.0,0.0019500748668773659
866.0,0.0019389952761709455
867.0,0.001918740794255868
868.0,0.0019071984995005376
869.0,0.001891539049647084
870.0,0.0018702195460434785
871.0,0.0018559846086578864
872.0,0.0018413756510339632
873.0,0.0018141593926221191
874.0,0.00179885691339465
875.0,0.0017888218238279734
876.0,0.001758617596322325
877.0,0.0017357277752275643
878.0,0.001729808533928626
879.0,0.0016985281479838115
880.0,0.001670151064578154
881.0,0.0016645563884108532
882.0,0.0016338380816810591
883.0,0.0015918750833474678
884.0,0.0015988634000834068
885.0,0.001593663836010483
886.0,0.0015736689113446146
887.0,0.001557569738454076
888.0,0.0015411834285533163
889.0,0.0015203910532411526
890.0,0.0014961983252357457
891.0,0.0014737388603764884
892.0,0.0014616650326217744
893.0,0.0014529759684419447
894.0,0.0014362456201320582
895.0,0.0013914325263229093
896.0,0.0013486527077332523
897.0,0.0013502037508237856
898.0,0.0013435740146155364
899.0,0.001335560765838055
