/begin_header
/west_longitude=UNKNOWN
/south_latitude=NA
/north_latitude=UNKNOWN
/calibration_files=NA
/cruise=NA
/station=NA
/documents=NA
/data_type=NA
/affiliations=NOAA
/experiment=NA
/units=nm,dl
/start_date=2019-08-07
/end_date=NA
/missing=9999
/start_time=14:56:35
/data_file_name=NA
/cloud_percent=NA
/water_depth=NA
/data_status=NA
/east_longitude=NA
/wind_speed=NA
/secchi=NA
/measurement_depth=NA
/fields=wavelength,rrs
/delimiter=comma
/contact=NA
/end_time=NA
/wave_height=NA
/investigators=NA
/end_header@
325.0,0.013916324738772615
326.0,0.013981928288772538
327.0,0.014030243188816275
328.0,0.01402685463404672
329.0,0.01402479079856768
330.0,0.014036459174406579
331.0,0.01406805609650976
332.0,0.014038329328581844
333.0,0.014008795078365336
334.0,0.014035105517638657
335.0,0.014042150283617855
336.0,0.01401806922285733
337.0,0.014009073524927421
338.0,0.014009632618085188
339.0,0.014027849961791466
340.0,0.014044943367969884
341.0,0.014049306659488617
342.0,0.014018953969509845
343.0,0.01406554529821793
344.0,0.014139290330744578
345.0,0.014100330875197917
346.0,0.014087870268521017
347.0,0.014125068660001846
348.0,0.014154811725177158
349.0,0.014171132591061033
350.0,0.014187416709443939
351.0,0.014244833721560223
352.0,0.014306442737804237
353.0,0.014317350821548874
354.0,0.014302540097786786
355.0,0.01428980994315357
356.0,0.014288032486014226
357.0,0.01428939163860408
358.0,0.01430066757830437
359.0,0.014292822307907353
360.0,0.01427931918027441
361.0,0.014288642320620845
362.0,0.01428579677569598
363.0,0.014271030727690228
364.0,0.014272241055829952
365.0,0.014276905984920365
366.0,0.014275388126464372
367.0,0.014237102177059785
368.0,0.014195064368334195
369.0,0.014192664204347316
370.0,0.014192772612249794
371.0,0.014177400566181326
372.0,0.014142427151489658
373.0,0.014109358936599592
374.0,0.014083557004990688
375.0,0.014053836230566066
376.0,0.014021975745770654
377.0,0.01400885061589916
378.0,0.01397293612614726
379.0,0.013921329698499916
380.0,0.013911484487414888
381.0,0.013906846122199081
382.0,0.013896301703433811
383.0,0.013884267553070765
384.0,0.013873580151929844
385.0,0.013855432142633956
386.0,0.013838306631055342
387.0,0.013822093385008016
388.0,0.013817118958806704
389.0,0.013787411481998121
390.0,0.013743705876019027
391.0,0.013732868754634225
392.0,0.013723674355322476
393.0,0.013696881158367747
394.0,0.013670410740011666
395.0,0.013643179893776803
396.0,0.013590268045952864
397.0,0.013532579156239042
398.0,0.013493592521177728
399.0,0.013447779547564969
400.0,0.013395318715225795
401.0,0.013354981555918095
402.0,0.01331875720159204
403.0,0.013280878355875686
404.0,0.013238714067221723
405.0,0.013188898973461474
406.0,0.013135206924186571
407.0,0.013075742480750932
408.0,0.013016925013857539
409.0,0.012957286353394774
410.0,0.012898821170162136
411.0,0.012846713891911988
412.0,0.012796258237224096
413.0,0.012751210343919392
414.0,0.012715734933734988
415.0,0.012680539454121642
416.0,0.01264953646686565
417.0,0.012627797762160869
418.0,0.01260310310598656
419.0,0.012578075317551118
420.0,0.012554518114245688
421.0,0.012537971530839164
422.0,0.012525383562382236
423.0,0.012513154341632419
424.0,0.01249864110328309
425.0,0.012479108146651706
426.0,0.012465947127719448
427.0,0.012458576304323161
428.0,0.012442617109011327
429.0,0.012415684308702627
430.0,0.012383214698946265
431.0,0.012348631448943919
432.0,0.012310759689995992
433.0,0.012276841129251748
434.0,0.012244829988883776
435.0,0.0122171471958626
436.0,0.012200599395749245
437.0,0.012190284656845119
438.0,0.012189034571602465
439.0,0.012204912519941593
440.0,0.012230981038729988
441.0,0.012265045180671074
442.0,0.012316759177801057
443.0,0.012385977496858802
444.0,0.012466837846437467
445.0,0.01256640220338115
446.0,0.012686808913566428
447.0,0.012812631182814033
448.0,0.012943570214754405
449.0,0.013078782449010031
450.0,0.013216174314857535
451.0,0.013355549225969088
452.0,0.013494652380034259
453.0,0.013628073000366345
454.0,0.013751036079661485
455.0,0.013870651875788098
456.0,0.013981861245028305
457.0,0.014073631268753217
458.0,0.014153893088672686
459.0,0.01422833812937987
460.0,0.014297248238490438
461.0,0.014367003415665769
462.0,0.014436988395025885
463.0,0.0145022197754758
464.0,0.01456390682310817
465.0,0.014627507419588062
466.0,0.014694207574177285
467.0,0.014761504748607037
468.0,0.014827739305682949
469.0,0.014889366945679489
470.0,0.014945673322455902
471.0,0.014996351456838924
472.0,0.015044309340158515
473.0,0.015094860808178078
474.0,0.015141656627786946
475.0,0.015185027454578582
476.0,0.01523091622244383
477.0,0.015276683252913295
478.0,0.015312516027012677
479.0,0.015353063099538896
480.0,0.015403824803702676
481.0,0.015462098812681454
482.0,0.015516992150188813
483.0,0.01556803894599206
484.0,0.015624187764470786
485.0,0.01568644845666218
486.0,0.015750450708398027
487.0,0.015813440282866117
488.0,0.01587766921126121
489.0,0.015943526744918952
490.0,0.016014750420722635
491.0,0.016095041935779618
492.0,0.01618958032223914
493.0,0.016297659509774888
494.0,0.016411999276601592
495.0,0.01653367506875979
496.0,0.016665119915208464
497.0,0.016812746545312222
498.0,0.016972651422610396
499.0,0.017131260615041277
500.0,0.017301715950761548
501.0,0.017486614492984266
502.0,0.017677225753807375
503.0,0.01786821022583065
504.0,0.018055308561450042
505.0,0.01825431057937769
506.0,0.018459971005976683
507.0,0.01867162853883416
508.0,0.01887601846055894
509.0,0.019069654158065795
510.0,0.019276149185081186
511.0,0.019490155463251644
512.0,0.019702459565547427
513.0,0.019921267498444632
514.0,0.020156869564520723
515.0,0.020412878312821035
516.0,0.020691508113936365
517.0,0.020988731111891885
518.0,0.0212911877086086
519.0,0.021592063463836544
520.0,0.021893793291434017
521.0,0.02220524066033351
522.0,0.022533929996599297
523.0,0.022882625633012504
524.0,0.023247491040639327
525.0,0.023626804480120188
526.0,0.02403181003686966
527.0,0.02445677012783639
528.0,0.02488137488843592
529.0,0.025303502103349508
530.0,0.025728682755542055
531.0,0.026169149125860963
532.0,0.026624371541762983
533.0,0.02709040301669306
534.0,0.027552611037369952
535.0,0.028000083198325327
536.0,0.028443178774835858
537.0,0.02887519846584316
538.0,0.029296072684361008
539.0,0.029712385948592823
540.0,0.03011590350998932
541.0,0.030493048360308188
542.0,0.030845426360985022
543.0,0.03116820564372865
544.0,0.03145443681369061
545.0,0.03171174998532154
546.0,0.03194427434591954
547.0,0.032146038917584656
548.0,0.03231600991642118
549.0,0.03246373746720641
550.0,0.032588059047176085
551.0,0.03269180524547059
552.0,0.03278278244854033
553.0,0.03285790013196713
554.0,0.03291160584294875
555.0,0.03294330503472352
556.0,0.032952525676204644
557.0,0.03293890995992579
558.0,0.032898382047719214
559.0,0.0328325590241703
560.0,0.03274463241368975
561.0,0.032633441145518166
562.0,0.03249589746334079
563.0,0.03233615484927647
564.0,0.03215512527293437
565.0,0.03195051052840684
566.0,0.03171842761720098
567.0,0.03145688658612068
568.0,0.03117397818540884
569.0,0.030871222453997916
570.0,0.030550413687837973
571.0,0.03021675937708364
572.0,0.029872769467918513
573.0,0.029515256246254534
574.0,0.02914874230910728
575.0,0.028778399974651946
576.0,0.028402586888429827
577.0,0.028019622677161272
578.0,0.027622218584373564
579.0,0.027212809311589696
580.0,0.02679170788457843
581.0,0.02636247461899846
582.0,0.02592278330443253
583.0,0.0254688775549164
584.0,0.025006674587725854
585.0,0.02453663774793536
586.0,0.024050045468954208
587.0,0.023548829626161328
588.0,0.023035657342293427
589.0,0.022515389843820066
590.0,0.02200376304658393
591.0,0.02152026396626634
592.0,0.021046565939351343
593.0,0.02055273101672142
594.0,0.02003370684322514
595.0,0.019486944772306024
596.0,0.018910535211309844
597.0,0.01831582009670915
598.0,0.017715922344469226
599.0,0.01712959308556069
600.0,0.016594388374122967
601.0,0.016141370610691246
602.0,0.015760775093839722
603.0,0.015452512149763944
604.0,0.015219398001005274
605.0,0.015024788679161568
606.0,0.014849172332525104
607.0,0.014692145131535361
608.0,0.014546890040849358
609.0,0.014401868264655667
610.0,0.014261245683540568
611.0,0.014125693188668426
612.0,0.013979744537305753
613.0,0.013839448321302916
614.0,0.013712219710377897
615.0,0.013581247288032713
616.0,0.013451629767963973
617.0,0.013332291510212441
618.0,0.013217805231377782
619.0,0.013109643391272052
620.0,0.01301563241055079
621.0,0.012929746727435654
622.0,0.01284745693278867
623.0,0.012768417043984754
624.0,0.012690710532475525
625.0,0.012612169802775996
626.0,0.012532951942994475
627.0,0.01245209513168211
628.0,0.01240091632471576
629.0,0.012373408135272764
630.0,0.012355431424273072
631.0,0.012347086634305322
632.0,0.012346569734743632
633.0,0.012350844537164571
634.0,0.012355370480627743
635.0,0.012366073692550234
636.0,0.012385213836305128
637.0,0.012404712556092885
638.0,0.01242403447767315
639.0,0.012449387643484059
640.0,0.012474292072802465
641.0,0.012480542879178672
642.0,0.01247757792687632
643.0,0.012474674074878036
644.0,0.012452796838409375
645.0,0.012409996729052268
646.0,0.012352273135241596
647.0,0.012294599812300981
648.0,0.012252199279440925
649.0,0.012204428402626099
650.0,0.012133549452518164
651.0,0.012025118779027013
652.0,0.011896479410244316
653.0,0.011754064198607788
654.0,0.011609807488992385
655.0,0.011422591919173865
656.0,0.011176684735144665
657.0,0.010890259406752357
658.0,0.010603238171435943
659.0,0.010350430262802728
660.0,0.010102162156601337
661.0,0.00985116213524848
662.0,0.009611475644955361
663.0,0.009381042323978328
664.0,0.009151371810324754
665.0,0.008930366993379646
666.0,0.008723223787320877
667.0,0.00854413835906092
668.0,0.008383809237398865
669.0,0.008237919291985446
670.0,0.008108282400625482
671.0,0.007997722317104876
672.0,0.007903614742165119
673.0,0.007827221431370518
674.0,0.007767342029507238
675.0,0.007715834036412327
676.0,0.007678962650663699
677.0,0.007659979799521826
678.0,0.007665218027917422
679.0,0.0076938001774119955
680.0,0.007739066017909059
681.0,0.007814341109700411
682.0,0.007923828145044127
683.0,0.008068382719995288
684.0,0.008234565165905735
685.0,0.008416635194666875
686.0,0.008619003279103156
687.0,0.008844427869257453
688.0,0.009075706621649155
689.0,0.009306255692449559
690.0,0.009549905906944102
691.0,0.009773827507353106
692.0,0.009988285818062177
693.0,0.01019647467480177
694.0,0.010408400059625563
695.0,0.010612126481511362
696.0,0.01077124222532604
697.0,0.010883076007609039
698.0,0.010938603428735197
699.0,0.01096316176517676
700.0,0.010964710809632017
701.0,0.01094536349391036
702.0,0.010896843746916952
703.0,0.01081459744408645
704.0,0.010703370275892427
705.0,0.010565723379275105
706.0,0.010399337718913238
707.0,0.010208134163602804
708.0,0.00999566129678138
709.0,0.009762102219031624
710.0,0.009508045599700617
711.0,0.009228148953955328
712.0,0.008925934012780965
713.0,0.008603653485545495
714.0,0.008266804684950928
715.0,0.007911390422228656
716.0,0.007528877675698905
717.0,0.007159615520820771
718.0,0.0068140627706994835
719.0,0.0065271765314176295
720.0,0.006291615599671843
721.0,0.006084881362144712
722.0,0.0058415538192472085
723.0,0.005575613192193482
724.0,0.005300422516519244
725.0,0.005031269776895795
726.0,0.00477862104370229
727.0,0.004531867153423262
728.0,0.0042752020837205935
729.0,0.004013984900585208
730.0,0.0037859934026846934
731.0,0.0035914553467970172
732.0,0.003434848446782849
733.0,0.003296390738932118
734.0,0.0031739652128626094
735.0,0.0030656004135354905
736.0,0.0029784620441923406
737.0,0.002919062584490658
738.0,0.0028818896391828355
739.0,0.0028576348118836098
740.0,0.0028435104029796605
741.0,0.0028332376828157113
742.0,0.002827258524627251
743.0,0.0028203574202579386
744.0,0.002811399377000259
745.0,0.0028010082338715088
746.0,0.002794502866584348
747.0,0.002787301302862047
748.0,0.002771422535210606
749.0,0.002757157186144377
750.0,0.0027483087681186335
751.0,0.0027396041386417813
752.0,0.00273023241919691
753.0,0.0027191289578795555
754.0,0.0027049560550301078
755.0,0.0026920478713991945
756.0,0.0026795276486453142
757.0,0.002643793406244942
758.0,0.0025691438343119935
759.0,0.002450638981216013
760.0,0.0022813914922687082
761.0,0.002133132227306754
762.0,0.002091952977055914
763.0,0.002139914015755748
764.0,0.002219793126844715
765.0,0.002325332500219167
766.0,0.002428118416012563
767.0,0.0024931168287026587
768.0,0.0025420794789963682
769.0,0.002582623983450058
770.0,0.002611478812327328
771.0,0.0026337260593519104
772.0,0.0026537598480545935
773.0,0.0026646273793291195
774.0,0.0026661162712392204
775.0,0.0026752033444795388
776.0,0.00269005722000568
777.0,0.002701527177712315
778.0,0.0027109686348874285
779.0,0.0027215968238418872
780.0,0.0027351211827455176
781.0,0.0027512222965835604
782.0,0.0027683853476669095
783.0,0.002779978620651278
784.0,0.002788703983252602
785.0,0.002798237899555676
786.0,0.002802529523339935
787.0,0.0028070755829756595
788.0,0.002812938035096404
789.0,0.0028249587993793394
790.0,0.002846247464233917
791.0,0.0028768673227782286
792.0,0.002912541119160431
793.0,0.002940514933549985
794.0,0.0029661614017844995
795.0,0.002992847623281411
796.0,0.0030056935210119036
797.0,0.0030151954000482675
798.0,0.0030358402769557697
799.0,0.003051339154252906
800.0,0.0030655986495216436
801.0,0.0030783288705964053
802.0,0.0030911580979864745
803.0,0.003104529544462211
804.0,0.0031204438661869968
805.0,0.003131111390395844
806.0,0.003126667321221482
807.0,0.0031150427245744726
808.0,0.0030945031539253254
809.0,0.0030609514247455956
810.0,0.003003726091452789
811.0,0.0029234813016581723
812.0,0.0028586092430568874
813.0,0.0027904437767912013
814.0,0.002714237840952001
815.0,0.0026616977745534853
816.0,0.0026248464504087894
817.0,0.0025814457703733735
818.0,0.0025391053987064796
819.0,0.0024897487204079334
820.0,0.002428995848198313
821.0,0.0023661775106843703
822.0,0.0022978735958173705
823.0,0.002211525918469287
824.0,0.0021082882988430205
825.0,0.0020184022419507414
826.0,0.0019221237188382552
827.0,0.0018129612575557125
828.0,0.0017025985400929994
829.0,0.0016029477679150427
830.0,0.001524841270141539
831.0,0.0014547889192133736
832.0,0.0013900615142058946
833.0,0.0013290230534173041
834.0,0.0012884286740059937
835.0,0.001263597142245675
836.0,0.0012522799800438887
837.0,0.0012414099933761979
838.0,0.0012127972260906452
839.0,0.0011951193434914507
840.0,0.0011913066750359471
841.0,0.0011772048905678962
842.0,0.0011652058215227412
843.0,0.0011579210770026305
844.0,0.0011508635571683215
845.0,0.0011419648287102047
846.0,0.0011276689467355247
847.0,0.0011132463898824903
848.0,0.0011008863152405478
849.0,0.001100513252610699
850.0,0.0010842190016128609
851.0,0.0010504191294815495
852.0,0.0010469558649796851
853.0,0.0010418224468484254
854.0,0.0010200009093753505
855.0,0.0009946055279318933
856.0,0.0009776343766078226
857.0,0.000981311139874303
858.0,0.0009683046570810201
859.0,0.0009458048429579712
860.0,0.000942882347298599
861.0,0.0009380661530557317
862.0,0.000920460407400948
863.0,0.0009058040619328075
864.0,0.0008919105021095396
865.0,0.0008639574890168932
866.0,0.0008477974620466195
867.0,0.0008497501996701393
868.0,0.0008484814523315903
869.0,0.0008281137970253475
870.0,0.0007867255706008427
871.0,0.0007708271262702267
872.0,0.0007647363342641146
873.0,0.0007451149699657125
874.0,0.0007382110248659096
875.0,0.0007336544444633186
876.0,0.0006992079202089386
877.0,0.0006615716645253934
878.0,0.000653520268791982
879.0,0.0006509670294662442
880.0,0.0006481718985464908
881.0,0.0006200918266040181
882.0,0.0005799627106411076
883.0,0.0005467584003953027
884.0,0.0005498155150690013
885.0,0.0005243510903542494
886.0,0.0004707749821680846
887.0,0.0004645921771417131
888.0,0.0004684525961801406
889.0,0.00042529303176236735
890.0,0.0003754238982401298
891.0,0.0003358881354613325
892.0,0.00031135750111754455
893.0,0.0002867416040624208
894.0,0.00026562661310885674
895.0,0.00023169774311086123
896.0,0.0002036896480408105
897.0,0.00019385870826528083
898.0,0.00018341883576246712
899.0,0.00016380776261914784
