/begin_header
/west_longitude=UNKNOWN
/south_latitude=NA
/north_latitude=UNKNOWN
/calibration_files=NA
/cruise=NA
/station=NA
/documents=NA
/data_type=NA
/affiliations=NOAA
/experiment=NA
/units=nm,dl
/start_date=2019-08-16
/end_date=NA
/missing=9999
/start_time=13:29:30
/data_file_name=NA
/cloud_percent=NA
/water_depth=NA
/data_status=NA
/east_longitude=NA
/wind_speed=NA
/secchi=NA
/measurement_depth=NA
/fields=wavelength,rrs
/delimiter=comma
/contact=NA
/end_time=NA
/wave_height=NA
/investigators=NA
/end_header@
325.0,0.016014000293612652
326.0,0.015947931594126642
327.0,0.01597536820380925
328.0,0.016058313379537496
329.0,0.016171521853800802
330.0,0.01622100174623583
331.0,0.0161992158399347
332.0,0.016148233151435022
333.0,0.016108547102997882
334.0,0.01612691608831839
335.0,0.016135722125949586
336.0,0.016097225348568524
337.0,0.015965028882603444
338.0,0.0158860170152573
339.0,0.0158292266679541
340.0,0.015782586469639506
341.0,0.015765905321854613
342.0,0.015796655843741413
343.0,0.015779237510099117
344.0,0.015741974458949197
345.0,0.01580273068731525
346.0,0.015761300659183488
347.0,0.01564143785388446
348.0,0.015649766201551393
349.0,0.01568132251296599
350.0,0.015645506903228894
351.0,0.01563708371462999
352.0,0.01564269410896875
353.0,0.015667785825392168
354.0,0.015699560739566014
355.0,0.015719631183889925
356.0,0.015722210254006698
357.0,0.015722527288500213
358.0,0.01571413241038369
359.0,0.015659721678585568
360.0,0.015570555968354608
361.0,0.015481023420918564
362.0,0.015441132566992305
363.0,0.015445359428389024
364.0,0.015397943621494225
365.0,0.015364470803631408
366.0,0.015392857040779029
367.0,0.015379885843137164
368.0,0.015357374359719289
369.0,0.015377021824002005
370.0,0.015406660961471655
371.0,0.01542159296847459
372.0,0.015352595397102426
373.0,0.015263752337485842
374.0,0.015186686648753661
375.0,0.015097556532262055
376.0,0.015014908052710833
377.0,0.01496226754809959
378.0,0.01494425701477931
379.0,0.014946294087921929
380.0,0.014933080416489813
381.0,0.014920166395412299
382.0,0.014904554160970685
383.0,0.014855203168574485
384.0,0.014773864642964495
385.0,0.014679006470998734
386.0,0.014564282271127573
387.0,0.01446429206874128
388.0,0.014434737559659048
389.0,0.014439719337755508
390.0,0.014439123114641942
391.0,0.014409725919542385
392.0,0.014366178136298027
393.0,0.014327209988006259
394.0,0.014267619191336817
395.0,0.014175487905082626
396.0,0.014017009247371901
397.0,0.013874974716993792
398.0,0.01378787694619669
399.0,0.013719373968670493
400.0,0.013673971474898138
401.0,0.013649465753577015
402.0,0.01362292545167442
403.0,0.01358740503061289
404.0,0.013519797831257832
405.0,0.013441435222626646
406.0,0.013351988005710769
407.0,0.013235252639323564
408.0,0.013109871820526486
409.0,0.01300207428876228
410.0,0.012902765335450945
411.0,0.012806722903986082
412.0,0.01271572057940103
413.0,0.012635939207072353
414.0,0.012573495915430544
415.0,0.012512604099170443
416.0,0.012447720744321027
417.0,0.012388108897204677
418.0,0.012349111938077454
419.0,0.012322743900052802
420.0,0.01227097395517219
421.0,0.012219908916870546
422.0,0.012182205271241465
423.0,0.012152366097213787
424.0,0.01212695826198283
425.0,0.012095317909527652
426.0,0.012066810927616576
427.0,0.012041521217517883
428.0,0.011995924893925064
429.0,0.011937113597753572
430.0,0.011870599592891367
431.0,0.0117927165787587
432.0,0.011712805144718596
433.0,0.011658814751622271
434.0,0.011619555610220902
435.0,0.01159183364375129
436.0,0.011576284993789066
437.0,0.011567743508493196
438.0,0.011557801290822277
439.0,0.011562441844560211
440.0,0.011587461038125876
441.0,0.011629107901879739
442.0,0.011689024966903218
443.0,0.011768975747470841
444.0,0.011869115350101305
445.0,0.011982300036313296
446.0,0.012106610844218931
447.0,0.012237499584259518
448.0,0.012375398724333627
449.0,0.012527001693289056
450.0,0.012684915568764383
451.0,0.012844879274067208
452.0,0.012991712673578995
453.0,0.013127662831493492
454.0,0.013258975262873895
455.0,0.013378112093465422
456.0,0.013487797135876223
457.0,0.013588036441239959
458.0,0.013679004948849906
459.0,0.013767126401932284
460.0,0.013846331819460286
461.0,0.013921299397435135
462.0,0.01399831803298553
463.0,0.01406861730684815
464.0,0.01413838573356041
465.0,0.014215922328538489
466.0,0.014287309901212011
467.0,0.014351925174134755
468.0,0.014414568939105074
469.0,0.014477832170744328
470.0,0.014544285045849616
471.0,0.014607868214599357
472.0,0.014660492841454358
473.0,0.014704832109651941
474.0,0.01474449079634323
475.0,0.014785115400570948
476.0,0.014820756982033171
477.0,0.01485443402358438
478.0,0.01488714431324461
479.0,0.014921181149981394
480.0,0.014954130686178254
481.0,0.014991829049231945
482.0,0.015038014876303057
483.0,0.015091784431328147
484.0,0.015145115819504099
485.0,0.015200934356733198
486.0,0.01526661868864777
487.0,0.015342826282061383
488.0,0.015431742043389101
489.0,0.01552071587725239
490.0,0.015617428009013659
491.0,0.01572782642040594
492.0,0.015843937393377423
493.0,0.01597364033418704
494.0,0.016129454529953815
495.0,0.01629307475915536
496.0,0.016456696739970723
497.0,0.01663624081693186
498.0,0.016832040682114312
499.0,0.01703187888828157
500.0,0.017244229223033872
501.0,0.017466005410988757
502.0,0.017692963675670855
503.0,0.01791955345128079
504.0,0.018138549511766973
505.0,0.01836424900079921
506.0,0.018597792136863574
507.0,0.018821819706272613
508.0,0.019044815375380157
509.0,0.019268796398655377
510.0,0.019479202160890018
511.0,0.019683976828200413
512.0,0.019894145463968182
513.0,0.020109050789590376
514.0,0.020337635474877686
515.0,0.020580930793973197
516.0,0.0208492751808056
517.0,0.021149442420640468
518.0,0.021449613794476685
519.0,0.021750185975949316
520.0,0.022060406103573786
521.0,0.022381393968937985
522.0,0.02272410949701113
523.0,0.023096912317499385
524.0,0.023495224744139395
525.0,0.0239138649945532
526.0,0.024365813607769293
527.0,0.024850349149986576
528.0,0.025353835456085834
529.0,0.02585935888112631
530.0,0.02636655128346625
531.0,0.026892920490811954
532.0,0.027449079163866585
533.0,0.028040341456139872
534.0,0.02863419486087973
535.0,0.029214948873162366
536.0,0.029793249744291022
537.0,0.03037385844410239
538.0,0.03095485803534559
539.0,0.03153086975191975
540.0,0.032106017409890435
541.0,0.03267982461367086
542.0,0.03322984525037247
543.0,0.03374568760888532
544.0,0.03423073290926928
545.0,0.03468792919741918
546.0,0.03511967778261894
547.0,0.03553330232476502
548.0,0.03592539398504062
549.0,0.036286868796850814
550.0,0.036621533173160706
551.0,0.0369342810796404
552.0,0.03723056989292662
553.0,0.03750514622206942
554.0,0.037754023328810137
555.0,0.03796894679129511
556.0,0.03815007537751266
557.0,0.03830143152903663
558.0,0.03842544270699748
559.0,0.03851821256542236
560.0,0.03856656688189218
561.0,0.038574705819209104
562.0,0.03854236607698841
563.0,0.03847451635468112
564.0,0.038372213010465055
565.0,0.03823297432595363
566.0,0.03805139087292566
567.0,0.037824912702068926
568.0,0.037563171323029866
569.0,0.03726650480469614
570.0,0.03694078318455312
571.0,0.03658095490617848
572.0,0.03619081260344863
573.0,0.03576811679903351
574.0,0.03532035447584013
575.0,0.03485775240488848
576.0,0.03438544706929844
577.0,0.03390429741460452
578.0,0.03340325971204833
579.0,0.03288737127187427
580.0,0.03235835119581472
581.0,0.03182330823780651
582.0,0.03128173787631403
583.0,0.030723950490382256
584.0,0.03015771641724423
585.0,0.029588665631959978
586.0,0.029017137372547585
587.0,0.028439017664941953
588.0,0.027848052587551603
589.0,0.02727121236983434
590.0,0.026722010131261638
591.0,0.026194951206667844
592.0,0.02567122208710377
593.0,0.0251176692221191
594.0,0.024542436480027
595.0,0.023942292833852262
596.0,0.023310284266640287
597.0,0.022657643060220424
598.0,0.021997716525626976
599.0,0.021351980470063172
600.0,0.020751136730451192
601.0,0.020228493196874215
602.0,0.01978206479740949
603.0,0.019405900785694555
604.0,0.019091214808318886
605.0,0.0188139486337335
606.0,0.0185603462318544
607.0,0.01832341003710497
608.0,0.018091916698933033
609.0,0.017859696106609948
610.0,0.017638206379991313
611.0,0.01742847015860933
612.0,0.017217485445480338
613.0,0.017011709395840225
614.0,0.01681460519249502
615.0,0.016627972206543072
616.0,0.016449925709817584
617.0,0.016276164162308336
618.0,0.016115632859615415
619.0,0.01596978919472255
620.0,0.015836376341148588
621.0,0.01571485519389068
622.0,0.015603637016425646
623.0,0.015501132465159226
624.0,0.015409130939608068
625.0,0.015327667105939816
626.0,0.015247973029377245
627.0,0.015169218170746911
628.0,0.015118565524019889
629.0,0.015084411052895416
630.0,0.015048490366606649
631.0,0.015021371312845288
632.0,0.015006264689992957
633.0,0.014998254021809604
634.0,0.015009987326025967
635.0,0.015038576467138947
636.0,0.015073843301460391
637.0,0.015115808912755074
638.0,0.015170270289178464
639.0,0.01523876710184383
640.0,0.015316673683882167
641.0,0.015388596189305858
642.0,0.015451469304264082
643.0,0.015511072854389416
644.0,0.015554207725013886
645.0,0.015578449124009594
646.0,0.015588584935377764
647.0,0.015598573722388005
648.0,0.015605406066461259
649.0,0.01556895446041969
650.0,0.015491402109252733
651.0,0.015385597690359094
652.0,0.015257107014015853
653.0,0.01510453763523647
654.0,0.014925654804665059
655.0,0.014693247125752576
656.0,0.014393387470988107
657.0,0.014040848679967702
658.0,0.013677043638426856
659.0,0.0133128382579874
660.0,0.01296237286920576
661.0,0.012637111142739155
662.0,0.012318967015385426
663.0,0.012004458702500208
664.0,0.011704407354771369
665.0,0.011419425099342757
666.0,0.011154148012376613
667.0,0.010924579640663923
668.0,0.010728283218753002
669.0,0.010559286001855264
670.0,0.010438701581566394
671.0,0.010354330566649313
672.0,0.010282182772210097
673.0,0.010228643905663018
674.0,0.010195896214031558
675.0,0.010175778662922443
676.0,0.010174438386683814
677.0,0.010208233199738704
678.0,0.010265445049453415
679.0,0.010347159517380878
680.0,0.010462238480491218
681.0,0.010620077731499221
682.0,0.010824299850833637
683.0,0.011067996298236588
684.0,0.01135487617984567
685.0,0.01172882117099271
686.0,0.012173637331483137
687.0,0.012651399721280068
688.0,0.013053090561487745
689.0,0.013422431359499526
690.0,0.013822233925273148
691.0,0.01424010464668223
692.0,0.01466908981347693
693.0,0.015094757745337615
694.0,0.01549553196438343
695.0,0.015839427366582746
696.0,0.016109365557054174
697.0,0.016320543229119862
698.0,0.016484081870192374
699.0,0.016577694486698026
700.0,0.016601791254573898
701.0,0.016579080196065417
702.0,0.016500546175607693
703.0,0.01635930481202083
704.0,0.016161138403713745
705.0,0.01591427035623152
706.0,0.01563078141100087
707.0,0.015310519604269051
708.0,0.01495408590545407
709.0,0.014550684830395797
710.0,0.01410603067723121
711.0,0.013632203840393917
712.0,0.013160635813855537
713.0,0.012689899379355257
714.0,0.012201553078502363
715.0,0.01172158642014563
716.0,0.011241343487833736
717.0,0.01076490957949119
718.0,0.010280942131862092
719.0,0.009808720884934102
720.0,0.009386809955438676
721.0,0.009017255989041639
722.0,0.008657028613175573
723.0,0.008288944128613144
724.0,0.007908196979925609
725.0,0.007537473856242595
726.0,0.007181859838837586
727.0,0.006829599939317281
728.0,0.006464355790817099
729.0,0.006089413639453265
730.0,0.005725001309386886
731.0,0.005407854794508042
732.0,0.005150784416745719
733.0,0.0049271767389286155
734.0,0.004730909658592351
735.0,0.004581429293514992
736.0,0.004458911729625598
737.0,0.004359723388757869
738.0,0.0042911318581385135
739.0,0.004243283697377484
740.0,0.0042086945317977775
741.0,0.0041857046343543
742.0,0.004163236492950356
743.0,0.004130775582482492
744.0,0.0041088772640772145
745.0,0.004100999953176091
746.0,0.004081624558623204
747.0,0.004059362675893831
748.0,0.004048097997273603
749.0,0.004036433526730858
750.0,0.004020391356078447
751.0,0.004003956089540009
752.0,0.0039899267714091895
753.0,0.003984614948726287
754.0,0.003978104202076429
755.0,0.003964573235602167
756.0,0.003954581746775798
757.0,0.003941482124684156
758.0,0.003920802339222967
759.0,0.003910812143999539
760.0,0.0038806029902574866
761.0,0.003818698548191711
762.0,0.003771867026530238
763.0,0.0037626281028690484
764.0,0.0037732915192225506
765.0,0.0037979988568158326
766.0,0.003827732063625531
767.0,0.003846074155265946
768.0,0.003864028684132446
769.0,0.0038745641699796897
770.0,0.0038823672990169434
771.0,0.003892869276737625
772.0,0.0039017316165398607
773.0,0.003912525036936897
774.0,0.003930989690138135
775.0,0.003941385862053946
776.0,0.003951777934473556
777.0,0.003976622847911037
778.0,0.003993139338018544
779.0,0.004002929575583424
780.0,0.004022212250248296
781.0,0.00404423742991115
782.0,0.004060938324392227
783.0,0.004082942772036155
784.0,0.004108336516390984
785.0,0.004130614523681976
786.0,0.004154296717494038
787.0,0.004178599279464507
788.0,0.00420856479690327
789.0,0.004240712732992175
790.0,0.004264851844257778
791.0,0.004297105737903879
792.0,0.0043310932320442894
793.0,0.004362603954317477
794.0,0.004401041136005794
795.0,0.004439019841597916
796.0,0.004467905205580212
797.0,0.004492857200503125
798.0,0.004523384695122101
799.0,0.004541363770984693
800.0,0.004554450186597193
801.0,0.004575923875031835
802.0,0.004601087533971864
803.0,0.0046217681824515505
804.0,0.004635443836569877
805.0,0.004642128309539863
806.0,0.004635636584281088
807.0,0.004617500555212482
808.0,0.004591654669843763
809.0,0.004563497847320316
810.0,0.004525329543673021
811.0,0.004474688473209419
812.0,0.004427615667304554
813.0,0.004376820409612405
814.0,0.004313927523213353
815.0,0.004253194960124428
816.0,0.004201799216038854
817.0,0.004142593225416186
818.0,0.004080663923539529
819.0,0.004015828255977572
820.0,0.00393727058006745
821.0,0.0038502208797430285
822.0,0.0037346911033654282
823.0,0.003611644421428535
824.0,0.0034917979396593204
825.0,0.0033601303951042638
826.0,0.003220484065272584
827.0,0.003079538131947275
828.0,0.0029548592261621834
829.0,0.002833749928884875
830.0,0.002709068419631428
831.0,0.0026100319153183793
832.0,0.0025368403535217785
833.0,0.00247533878898843
834.0,0.002413754657026419
835.0,0.0023545273953932224
836.0,0.002313776763627968
837.0,0.002294342724391811
838.0,0.002283752989734235
839.0,0.0022664881197079372
840.0,0.0022483842547087332
841.0,0.002220907023351365
842.0,0.0021937323887741673
843.0,0.002178381322035832
844.0,0.002174734469585001
845.0,0.002159274353825535
846.0,0.002135718663740673
847.0,0.0021245230424185306
848.0,0.0021129095893471497
849.0,0.0020900598483531057
850.0,0.0020747310197302285
851.0,0.0020640370657554453
852.0,0.0020257846004996167
853.0,0.001992306007762957
854.0,0.001987323970262551
855.0,0.0019780294986594593
856.0,0.001966938905789751
857.0,0.0019411526908329386
858.0,0.0019314303162378658
859.0,0.0019435827612158453
860.0,0.0019444085005640172
861.0,0.001935158787399898
862.0,0.0018979391599744384
863.0,0.0018670354424526862
864.0,0.0018618528464893018
865.0,0.0018524200915703538
866.0,0.001834094300338961
867.0,0.0018175575468494802
868.0,0.001795800731755607
869.0,0.0017680119303674074
870.0,0.0017509032983235074
871.0,0.00176305972562195
872.0,0.0017659445988534143
873.0,0.0017166105533736598
874.0,0.0016754409474185415
875.0,0.0016520939845302445
876.0,0.0016316061886765478
877.0,0.0016196499913802074
878.0,0.0016090256990842257
879.0,0.0015810290773318914
880.0,0.0015439388347490912
881.0,0.0015370097668386496
882.0,0.0015338954757750244
883.0,0.0015227033887754641
884.0,0.0014997439885599977
885.0,0.0014766499422795036
886.0,0.001454055945680719
887.0,0.0014304113598582187
888.0,0.0014156823485894693
889.0,0.001397877020017685
890.0,0.0013741391527860099
891.0,0.0013459583775570793
892.0,0.001304732328365769
893.0,0.0012754146588505903
894.0,0.0012636235377390982
895.0,0.0012355060733130925
896.0,0.0012303125045093706
897.0,0.0012439695824112786
898.0,0.00118970148795259
899.0,0.001109424349895737
