/begin_header
/west_longitude=UNKNOWN
/south_latitude=NA
/north_latitude=UNKNOWN
/calibration_files=NA
/cruise=NA
/station=NA
/documents=NA
/data_type=NA
/affiliations=NOAA
/experiment=NA
/units=nm,dl
/start_date=2019-08-12
/end_date=NA
/missing=9999
/start_time=11:39:07
/data_file_name=NA
/cloud_percent=NA
/water_depth=NA
/data_status=NA
/east_longitude=NA
/wind_speed=NA
/secchi=NA
/measurement_depth=NA
/fields=wavelength,rrs
/delimiter=comma
/contact=NA
/end_time=NA
/wave_height=NA
/investigators=NA
/end_header@
325.0,0.012821951798592754
326.0,0.012677113334771997
327.0,0.012603341287932297
328.0,0.01254477315790049
329.0,0.012468259980213559
330.0,0.012449862319997354
331.0,0.012459423782298047
332.0,0.012286271314356218
333.0,0.012053080757913075
334.0,0.012120480232263316
335.0,0.012109253443746129
336.0,0.011961089454429431
337.0,0.0118342238936373
338.0,0.01175004010366984
339.0,0.011751702346876839
340.0,0.011684482260935453
341.0,0.011594975445932309
342.0,0.011519121992717053
343.0,0.011467759821992685
344.0,0.011432070714759372
345.0,0.011380197400556197
346.0,0.01129303572229478
347.0,0.011182762540016919
348.0,0.011117362579611077
349.0,0.011077811819431321
350.0,0.011006195444890371
351.0,0.010952755166393234
352.0,0.010900240460078928
353.0,0.01082939012830383
354.0,0.010772519290606951
355.0,0.010724519509338289
356.0,0.010634332938960276
357.0,0.010551687749670182
358.0,0.010534018839005491
359.0,0.010486793461541582
360.0,0.010424635698258548
361.0,0.010369357909044438
362.0,0.010310253003313763
363.0,0.010253002015822629
364.0,0.010203822347826939
365.0,0.010167719051927437
366.0,0.010135818533942773
367.0,0.010099377750053444
368.0,0.010049492634335615
369.0,0.009977269460336972
370.0,0.00993728907216051
371.0,0.009932579920770979
372.0,0.009877999053318817
373.0,0.009813145946939578
374.0,0.009785095725260701
375.0,0.009732530483559734
376.0,0.0096656990743249
377.0,0.009638932604911537
378.0,0.009604596978533544
379.0,0.009554526011015977
380.0,0.00951573223200307
381.0,0.009477673271347273
382.0,0.009449234737258554
383.0,0.009400737554866997
384.0,0.009341879060465857
385.0,0.009321154755179733
386.0,0.009290992455517613
387.0,0.009243518838296877
388.0,0.009194353516366605
389.0,0.009163344097847704
390.0,0.00914825979230092
391.0,0.009121055114077282
392.0,0.009084375983582953
393.0,0.009039029945588606
394.0,0.008988011779085295
395.0,0.00893920321756043
396.0,0.008881193157924095
397.0,0.008825687734101735
398.0,0.008779272328754858
399.0,0.00873565648136261
400.0,0.008698031715908886
401.0,0.008663317950833454
402.0,0.008619817606493073
403.0,0.008574348564441
404.0,0.008531561921492663
405.0,0.008495366406639627
406.0,0.008464570214583411
407.0,0.008425048492592837
408.0,0.008381163641071904
409.0,0.008343827481472487
410.0,0.00830518973644483
411.0,0.008263644193323203
412.0,0.0082312096782556
413.0,0.008207896982876722
414.0,0.008186077831307677
415.0,0.00816145083178462
416.0,0.008135874682892485
417.0,0.008117390143824031
418.0,0.008105977880478612
419.0,0.008100654864602836
420.0,0.00809043201892692
421.0,0.008075802758612648
422.0,0.008064011485739712
423.0,0.008053196556030612
424.0,0.008044666237292608
425.0,0.008048563738084196
426.0,0.008048615755200477
427.0,0.008039084731407097
428.0,0.008036162421173738
429.0,0.00803251303265406
430.0,0.008025175369532973
431.0,0.008015272091078034
432.0,0.008000732922539066
433.0,0.007989367052797857
434.0,0.007981631951585067
435.0,0.007977615748769006
436.0,0.007978593429148407
437.0,0.007986322518205316
438.0,0.00800048069670366
439.0,0.008017021418116246
440.0,0.00803484707888166
441.0,0.008062598484148385
442.0,0.00809644274599378
443.0,0.008134560391278751
444.0,0.008177266457866664
445.0,0.008223796701254966
446.0,0.00827645665110187
447.0,0.008337156449265717
448.0,0.008401681604305754
449.0,0.008460394711429706
450.0,0.008521563105143926
451.0,0.00858678605600389
452.0,0.008648632817418737
453.0,0.008709440496973817
454.0,0.008767793972008976
455.0,0.00882436598018738
456.0,0.008876865175200454
457.0,0.008921046735521678
458.0,0.00895900885460298
459.0,0.008993352416243144
460.0,0.009035987878873901
461.0,0.009080774386559184
462.0,0.009124770624091057
463.0,0.009164115556453075
464.0,0.009203045774289955
465.0,0.009255235820267197
466.0,0.009307206213252931
467.0,0.00935481208073064
468.0,0.009401617919707502
469.0,0.009448664625082167
470.0,0.009500640470953267
471.0,0.00955248981225707
472.0,0.009603393311033107
473.0,0.009654706324093194
474.0,0.009708619007697445
475.0,0.009759301290762721
476.0,0.009809015170092146
477.0,0.009859402644889478
478.0,0.00991158004241501
479.0,0.009962398771976137
480.0,0.010011145812637514
481.0,0.010065210726552467
482.0,0.010119266946285564
483.0,0.010173943500263297
484.0,0.010228455786250541
485.0,0.010281755429910519
486.0,0.010331745349108686
487.0,0.010385353751973211
488.0,0.010440477494900418
489.0,0.010491110194181636
490.0,0.010542856568708302
491.0,0.010605499690145199
492.0,0.010672633181388152
493.0,0.010743615450703285
494.0,0.010819944227167179
495.0,0.010905029176123448
496.0,0.01100217673926666
497.0,0.01110847515324324
498.0,0.011223764609817461
499.0,0.011345337989936914
500.0,0.011476716409462517
501.0,0.011615027586559036
502.0,0.011758618251019428
503.0,0.011908771018456374
504.0,0.01206477421898737
505.0,0.012231305860340602
506.0,0.012407223319336268
507.0,0.012587363331228655
508.0,0.012772237202119138
509.0,0.012960516489448714
510.0,0.013150114637707561
511.0,0.013347007812930637
512.0,0.013552762928289044
513.0,0.01375829914973507
514.0,0.013967974088031462
515.0,0.01418893794090582
516.0,0.014416821468497407
517.0,0.014644280612744986
518.0,0.01487552373098459
519.0,0.015101623855572446
520.0,0.015313245831527308
521.0,0.015523526262908104
522.0,0.015737828542258588
523.0,0.015950021363523515
524.0,0.016162800621952116
525.0,0.016377921014828992
526.0,0.016591515528718404
527.0,0.016802485582453692
528.0,0.01700806345710475
529.0,0.017202396081459653
530.0,0.017386631833863977
531.0,0.01757303993727525
532.0,0.017761985678775644
533.0,0.017950356880804413
534.0,0.018133602128878053
535.0,0.018309170782340234
536.0,0.018482752294022544
537.0,0.018653680624335166
538.0,0.0188203307211806
539.0,0.018986763802890716
540.0,0.019151496560979676
541.0,0.01931029934798547
542.0,0.019461673133075112
543.0,0.019604189545617375
544.0,0.019747897967400833
545.0,0.01988838880539113
546.0,0.02002107429739039
547.0,0.02015095791504623
548.0,0.020279993269323254
549.0,0.02040280742909014
550.0,0.020524802899243518
551.0,0.020649502839640753
552.0,0.020773244221814396
553.0,0.02089546140056766
554.0,0.021017073501716294
555.0,0.021134988979611233
556.0,0.021246856830673722
557.0,0.021351383902795
558.0,0.02144938958838037
559.0,0.02153794974780133
560.0,0.021619258683430072
561.0,0.02169161023007026
562.0,0.02174923381552859
563.0,0.021800574959492176
564.0,0.02184543532015267
565.0,0.021873640646030777
566.0,0.021892503663361648
567.0,0.02190659692002387
568.0,0.02190502283897567
569.0,0.021887171900970944
570.0,0.021857431182618105
571.0,0.021818231294754038
572.0,0.021771480292797026
573.0,0.02171648226403864
574.0,0.021655625087600553
575.0,0.021589510353570186
576.0,0.021516178095413528
577.0,0.02143310082277624
578.0,0.02133073975019308
579.0,0.0212130345046544
580.0,0.02108420900058811
581.0,0.020943938742763263
582.0,0.020795598675396054
583.0,0.020636975048710312
584.0,0.02046879221023282
585.0,0.020289511930540433
586.0,0.020095880685563717
587.0,0.019896872235945905
588.0,0.019693518459467367
589.0,0.019475567986304072
590.0,0.01924988086802172
591.0,0.01902798010024698
592.0,0.018803163188044376
593.0,0.018561467653952453
594.0,0.018296026087272443
595.0,0.017998695272796898
596.0,0.017667319510084684
597.0,0.017307988747642774
598.0,0.0169282118948398
599.0,0.016549063735443452
600.0,0.016192771258726955
601.0,0.01588037275890225
602.0,0.01562140384124836
603.0,0.015415634271081845
604.0,0.01525522650964779
605.0,0.015127335793272722
606.0,0.015018233949149811
607.0,0.014918893140654883
608.0,0.014822632529784514
609.0,0.014722572509852885
610.0,0.014618294792495495
611.0,0.014512826468694121
612.0,0.01440869111774783
613.0,0.01430712356066663
614.0,0.014209637930775714
615.0,0.014108256626872004
616.0,0.01400715027863604
617.0,0.013915584080194564
618.0,0.013826925921899413
619.0,0.013740769075000997
620.0,0.01366384096060764
621.0,0.013595990643365604
622.0,0.013539582063055156
623.0,0.01348428750892042
624.0,0.01343073948923582
625.0,0.013385200810523936
626.0,0.013343427023608445
627.0,0.01330479814017332
628.0,0.013274409415457305
629.0,0.01324891489577489
630.0,0.013231318751721
631.0,0.01321201396708995
632.0,0.013191563676347228
633.0,0.013183137725203492
634.0,0.01317758151053551
635.0,0.013173557844915983
636.0,0.013166537469640804
637.0,0.013161271675108185
638.0,0.013168412436959953
639.0,0.013172253258489766
640.0,0.013164934444426549
641.0,0.013152803282602668
642.0,0.0131368571168689
643.0,0.01310992441848963
644.0,0.013075088156370939
645.0,0.01303624971984394
646.0,0.012991179269735689
647.0,0.012948154126452397
648.0,0.012909616663652767
649.0,0.012849142667019243
650.0,0.012770873477370628
651.0,0.01268027049286953
652.0,0.012567910755277889
653.0,0.012433048548621584
654.0,0.012286676877884522
655.0,0.012093035217283086
656.0,0.011840207967172198
657.0,0.011553601833177577
658.0,0.011270197513121655
659.0,0.011004307229350125
660.0,0.01074655165790835
661.0,0.01050048344138456
662.0,0.010273886186207334
663.0,0.010059246739413313
664.0,0.009848977507725228
665.0,0.009663990033909822
666.0,0.009506614309647205
667.0,0.009361196689997825
668.0,0.009236063167792689
669.0,0.009140870693343484
670.0,0.009070693195812222
671.0,0.009021494632521831
672.0,0.008989423075417651
673.0,0.008974920567304716
674.0,0.008973990918706936
675.0,0.008988057149918962
676.0,0.009015659341660922
677.0,0.009055593958276478
678.0,0.009113154675749082
679.0,0.00918949509035671
680.0,0.00928600883472767
681.0,0.009409689481995302
682.0,0.00956270479849114
683.0,0.009739733593726414
684.0,0.009947373025721382
685.0,0.010212524827992387
686.0,0.0105133608432653
687.0,0.010810456867226162
688.0,0.01099375827155278
689.0,0.011121193167479984
690.0,0.011250359897945903
691.0,0.011366652436727421
692.0,0.01147580410234722
693.0,0.011582224930098164
694.0,0.011656059136404422
695.0,0.011684936290932698
696.0,0.011683588304284736
697.0,0.011650247685336507
698.0,0.011585161871634077
699.0,0.011496292114332746
700.0,0.011378699948162343
701.0,0.011225526987311826
702.0,0.011043800339783222
703.0,0.010839005386821051
704.0,0.010616662451092117
705.0,0.010379133213089703
706.0,0.010131006499035039
707.0,0.009869260765341583
708.0,0.009593048664406183
709.0,0.00929995117274148
710.0,0.00899568646967192
711.0,0.008679822095433928
712.0,0.008351658274758148
713.0,0.008026736338743116
714.0,0.0077109617240893255
715.0,0.007414367599297702
716.0,0.00712803110075883
717.0,0.006845754610800177
718.0,0.006544951639885677
719.0,0.006240478450527025
720.0,0.005954489123861749
721.0,0.005706827032089145
722.0,0.005488700982888003
723.0,0.005270561913860772
724.0,0.005043061182980365
725.0,0.004813180355546822
726.0,0.0045906286768336805
727.0,0.00436556445034692
728.0,0.004137966061271627
729.0,0.003910432024894585
730.0,0.0036840188874334282
731.0,0.003479539147697165
732.0,0.0033073308446350757
733.0,0.003160686496978523
734.0,0.003036729208890824
735.0,0.0029331842182910434
736.0,0.002850593398852799
737.0,0.002787909497436367
738.0,0.00273988672491261
739.0,0.0027078251524244924
740.0,0.0026828708656521
741.0,0.0026541203335924907
742.0,0.0026253736264839496
743.0,0.002612767153537109
744.0,0.002604757022246817
745.0,0.002596008495126816
746.0,0.0025802060158464078
747.0,0.002565899323914157
748.0,0.002555898903198136
749.0,0.0025482252814844346
750.0,0.002541129589245023
751.0,0.0025292267118323885
752.0,0.002513544384099837
753.0,0.002497227773461453
754.0,0.002490441367571536
755.0,0.0024846326731863917
756.0,0.002475305405560488
757.0,0.002473624313982266
758.0,0.0024827599721729764
759.0,0.0024895798617311673
760.0,0.0024914680184319306
761.0,0.0024855931054126095
762.0,0.002466327390488187
763.0,0.0024312183628151917
764.0,0.0023978677238748235
765.0,0.002388048061863971
766.0,0.0023969284703503077
767.0,0.002402665867479566
768.0,0.002405225170750604
769.0,0.0024027396356392852
770.0,0.0024061409003085935
771.0,0.0024160990097162136
772.0,0.0024179106163948836
773.0,0.0024181404577428038
774.0,0.002419875593006324
775.0,0.002427895507350325
776.0,0.0024367389229466743
777.0,0.0024448582028898844
778.0,0.002455736679409058
779.0,0.002469228944947993
780.0,0.002475356471497883
781.0,0.002487057036342219
782.0,0.0025052018406656667
783.0,0.0025191643672422956
784.0,0.0025289261601548906
785.0,0.002541674416391083
786.0,0.0025569156720950384
787.0,0.00257299021190848
788.0,0.002586289451011737
789.0,0.002605979855047547
790.0,0.0026328503667239003
791.0,0.002653098324904401
792.0,0.002669125782333445
793.0,0.00268827797298475
794.0,0.0027129771939794875
795.0,0.002739815734484996
796.0,0.0027562782698748256
797.0,0.002771626768996884
798.0,0.002795215375073712
799.0,0.002811714484790851
800.0,0.0028262871431185025
801.0,0.002844842399995588
802.0,0.0028560377692680413
803.0,0.002856874142655738
804.0,0.002864195849193047
805.0,0.002874437585162713
806.0,0.002881409440680483
807.0,0.002878605490097631
808.0,0.002869097948587754
809.0,0.0028585093816431957
810.0,0.0028420816759632565
811.0,0.0028189995051783683
812.0,0.002797950401366272
813.0,0.002776024372513334
814.0,0.002746977022320358
815.0,0.00271375726480331
816.0,0.002679309881395291
817.0,0.002644502548067001
818.0,0.002614728787007542
819.0,0.0025868842726672987
820.0,0.0025277147277352704
821.0,0.0024650487472209523
822.0,0.002411605784925915
823.0,0.0023436348491689685
824.0,0.002268371146759136
825.0,0.002196597563281226
826.0,0.002112164162676727
827.0,0.002015332477485561
828.0,0.001928171823844082
829.0,0.0018498140478787784
830.0,0.001782524672378884
831.0,0.001721098478747617
832.0,0.0016668676835572866
833.0,0.0016201659425359636
834.0,0.001581437190721897
835.0,0.0015475866398556078
836.0,0.0015168216515384202
837.0,0.0014998254246399606
838.0,0.001488418066351063
839.0,0.0014695172865831284
840.0,0.001448999270901904
841.0,0.0014385416302360023
842.0,0.0014243409455364062
843.0,0.0014060643446374816
844.0,0.0014062208783661267
845.0,0.0014073919944641224
846.0,0.001389872423853932
847.0,0.0013671292734251147
848.0,0.001353068150107712
849.0,0.0013491406121956442
850.0,0.0013435915245441229
851.0,0.0013347688767316704
852.0,0.001322811733521468
853.0,0.0013083863497341628
854.0,0.0012965340218892983
855.0,0.0012742082894180555
856.0,0.001248301846117243
857.0,0.001251600110448533
858.0,0.0012494930200139267
859.0,0.0012348196608485363
860.0,0.001230490701305859
861.0,0.0012314513664260524
862.0,0.0012165799362680752
863.0,0.001215500237507071
864.0,0.0012117070613522668
865.0,0.0011931027318331409
866.0,0.0011814909524028045
867.0,0.0011797469237612148
868.0,0.0011559991658178633
869.0,0.0011404974961158076
870.0,0.001132518519913121
871.0,0.0011165822165041775
872.0,0.001098846019880043
873.0,0.0011083416534510408
874.0,0.0011026959510942297
875.0,0.001071389729791797
876.0,0.0010468057398209032
877.0,0.0010317989625252394
878.0,0.0010301158461008934
879.0,0.0010402333860450442
880.0,0.001042392700471222
881.0,0.0010033206231177371
882.0,0.0009645702273930624
883.0,0.0009463779685083315
884.0,0.0009605615245718242
885.0,0.0009707638121487833
886.0,0.0009490192699135829
887.0,0.0009344980451914066
888.0,0.000914418885806643
889.0,0.0009022407082023058
890.0,0.0008938257266342686
891.0,0.0008914350369579289
892.0,0.000884838540641625
893.0,0.0008729341556686865
894.0,0.00085016115409441
895.0,0.0008270743343972407
896.0,0.0008179562076757133
897.0,0.0008158062807982678
898.0,0.0007856813925195018
899.0,0.000754118025709903
