/begin_header
/west_longitude=UNKNOWN
/south_latitude=NA
/north_latitude=UNKNOWN
/calibration_files=NA
/cruise=NA
/station=NA
/documents=NA
/data_type=NA
/affiliations=NOAA
/experiment=NA
/units=nm,dl
/start_date=2019-08-01
/end_date=NA
/missing=9999
/start_time=14:16:42
/data_file_name=NA
/cloud_percent=NA
/water_depth=NA
/data_status=NA
/east_longitude=NA
/wind_speed=NA
/secchi=NA
/measurement_depth=NA
/fields=wavelength,rrs
/delimiter=comma
/contact=NA
/end_time=NA
/wave_height=NA
/investigators=NA
/end_header@
325.0,0.015021550284419375
326.0,0.014981369655497448
327.0,0.014915031516965632
328.0,0.01487388704290477
329.0,0.014830138466571502
330.0,0.014744473738341975
331.0,0.014634905422410523
332.0,0.014557534700492541
333.0,0.014511087413945436
334.0,0.01438775705048977
335.0,0.014323766324342537
336.0,0.014297427084703709
337.0,0.01425547304803083
338.0,0.014184282062263649
339.0,0.014107473438390033
340.0,0.01399153037813949
341.0,0.013907722408752505
342.0,0.013905691256505592
343.0,0.013862685182835774
344.0,0.013769342325777926
345.0,0.013683321684420713
346.0,0.013609084469829214
347.0,0.013535962520783465
348.0,0.013460075688512907
349.0,0.01339713588163755
350.0,0.013372978545587565
351.0,0.013331391883839541
352.0,0.013266557656159323
353.0,0.013207444130381784
354.0,0.013152704600926924
355.0,0.01309091346411247
356.0,0.013030258808678455
357.0,0.01296462692192161
358.0,0.012910540437091795
359.0,0.012873955431385472
360.0,0.012815510150543937
361.0,0.012743508691093359
362.0,0.012675711571438916
363.0,0.012612986126398742
364.0,0.012562360958847546
365.0,0.012500009091128047
366.0,0.012430977859340294
367.0,0.012381626010580033
368.0,0.012337749688955074
369.0,0.012288388460317743
370.0,0.012238240908879615
371.0,0.012190138553770585
372.0,0.01212667110465731
373.0,0.012058123818185737
374.0,0.01200875819063383
375.0,0.01192906453560199
376.0,0.011837016126570699
377.0,0.011784064520545706
378.0,0.01175081835946407
379.0,0.011716393522529015
380.0,0.01163912933228714
381.0,0.01157783564951176
382.0,0.01156057196977513
383.0,0.011521628364981041
384.0,0.011467410764757477
385.0,0.01138282577657304
386.0,0.011317544007870311
387.0,0.011282651759256553
388.0,0.011248515295693973
389.0,0.011200392179713461
390.0,0.011144308258904601
391.0,0.011125737244157738
392.0,0.011119268933015337
393.0,0.01105533248856309
394.0,0.01098396437374545
395.0,0.010918033081452188
396.0,0.010840634103313866
397.0,0.010768842658285382
398.0,0.010715088214393154
399.0,0.010662456073964793
400.0,0.010599327034267641
401.0,0.010541000875863406
402.0,0.01048993731764403
403.0,0.010444368497914983
404.0,0.010390746728966222
405.0,0.010327764087472959
406.0,0.01025830727399077
407.0,0.010198013409501189
408.0,0.01013874342610977
409.0,0.010070504975214313
410.0,0.010003867659758288
411.0,0.009944853329917272
412.0,0.009890954457681773
413.0,0.00983601703336073
414.0,0.009779916700462138
415.0,0.00973181987452342
416.0,0.0096875756571271
417.0,0.009645769619589637
418.0,0.009609902850437509
419.0,0.00957806534754542
420.0,0.009546535313004622
421.0,0.009509724208184033
422.0,0.009474807747225825
423.0,0.009444818586024799
424.0,0.009413780647734238
425.0,0.009377030697623632
426.0,0.009347885570273233
427.0,0.00932427685671857
428.0,0.009284724706038652
429.0,0.009244975363456804
430.0,0.009217677695094522
431.0,0.009173016267260432
432.0,0.009119052657924466
433.0,0.009081681382517562
434.0,0.009048834155408633
435.0,0.009016731864458068
436.0,0.008993648821243807
437.0,0.008980976785897116
438.0,0.008971229870595796
439.0,0.008968591007076514
440.0,0.008970883309454027
441.0,0.008982168178223124
442.0,0.009003285273079092
443.0,0.009032735140222379
444.0,0.009069187030850866
445.0,0.009117107218148476
446.0,0.009178907706640264
447.0,0.009236685154270483
448.0,0.009292032012795012
449.0,0.009354648419769674
450.0,0.009413007168160127
451.0,0.00946560132917431
452.0,0.00952312559677763
453.0,0.009580605269819817
454.0,0.009627831023283075
455.0,0.00967251318061295
456.0,0.009712219961012066
457.0,0.009743704617554576
458.0,0.009767486278592582
459.0,0.00978886851987036
460.0,0.009818030120001157
461.0,0.00984551401648093
462.0,0.009864612171128915
463.0,0.009884743739484364
464.0,0.009911592954935032
465.0,0.009940704245582365
466.0,0.00997404882391151
467.0,0.010008453947703874
468.0,0.0100448115200657
469.0,0.010084864439735605
470.0,0.010123065137798273
471.0,0.010160191165671425
472.0,0.0101988729100179
473.0,0.010243096429597053
474.0,0.010293224079910162
475.0,0.010342441601544112
476.0,0.010387360069953054
477.0,0.010427962087815419
478.0,0.010468033531087481
479.0,0.010505842378886129
480.0,0.010541418938930496
481.0,0.010581353375409604
482.0,0.01062305724002105
483.0,0.010659643921106889
484.0,0.010697636170919622
485.0,0.010737916023234815
486.0,0.010775265662273622
487.0,0.0108132632984542
488.0,0.010852317567051732
489.0,0.010889624623832082
490.0,0.010927957644002307
491.0,0.010978060647852242
492.0,0.0110408229572118
493.0,0.011114499794770843
494.0,0.011193870482805277
495.0,0.011285940960012935
496.0,0.01139124576919131
497.0,0.011509616909012947
498.0,0.011643763019922506
499.0,0.011798119788443095
500.0,0.01196299478143206
501.0,0.012135948467179886
502.0,0.012329902796601368
503.0,0.012535340683154353
504.0,0.012748362725816104
505.0,0.012976703850194445
506.0,0.013221638360310201
507.0,0.013484205351645179
508.0,0.013758399129869836
509.0,0.01404002612525498
510.0,0.014332864034267182
511.0,0.014636239322313444
512.0,0.014947579368295332
513.0,0.015266856411004009
514.0,0.015598139607310501
515.0,0.01593925658218059
516.0,0.016295033592227982
517.0,0.016662686034561457
518.0,0.017028098884260812
519.0,0.017380369135750157
520.0,0.017715622323953732
521.0,0.018043101304457954
522.0,0.01837127899108404
523.0,0.018708331590588673
524.0,0.01904236294925523
525.0,0.019363739928017293
526.0,0.019683285019905575
527.0,0.020003138282656673
528.0,0.020312265891176025
529.0,0.02060463367020652
530.0,0.020884678367886014
531.0,0.02116896663690846
532.0,0.02145161002943319
533.0,0.021725148116919984
534.0,0.02199028905831909
535.0,0.022245023631291737
536.0,0.022488225068003343
537.0,0.022722973869383267
538.0,0.02295442274346831
539.0,0.023178582487143155
540.0,0.02339387794161809
541.0,0.02359693448887126
542.0,0.023788009537375202
543.0,0.023967518550295736
544.0,0.024139061594622306
545.0,0.0242975765410555
546.0,0.024442585323022067
547.0,0.02458103423408487
548.0,0.02471230509110753
549.0,0.024830228336900968
550.0,0.024935982725113024
551.0,0.025032755460804173
552.0,0.025122618570811838
553.0,0.02520405459644357
554.0,0.0252729633639946
555.0,0.025327102569095684
556.0,0.02536819339636498
557.0,0.025395097346945273
558.0,0.025405660295538347
559.0,0.02540256781640001
560.0,0.02538973354903472
561.0,0.02536578255643144
562.0,0.025332141876702453
563.0,0.02529239212840479
564.0,0.025248555475099237
565.0,0.02519682382882683
566.0,0.025141726999411647
567.0,0.025086385811054095
568.0,0.025019235231659175
569.0,0.024943141580872765
570.0,0.02486808183837737
571.0,0.024791207787245424
572.0,0.024714943626413664
573.0,0.024642817175313417
574.0,0.024571942570604376
575.0,0.02449420865303657
576.0,0.0244140704184636
577.0,0.02433262837456498
578.0,0.02424641636486169
579.0,0.024152117957493523
580.0,0.024052211588873967
581.0,0.023940897053944137
582.0,0.023820848563166137
583.0,0.023690444426737102
584.0,0.023560422128954487
585.0,0.02343169810500186
586.0,0.023295030280509086
587.0,0.023150798272958035
588.0,0.023007125114982187
589.0,0.02285589404139645
590.0,0.02270233653044508
591.0,0.022560117858627188
592.0,0.022411900950012314
593.0,0.0222458500386779
594.0,0.02205867094015415
595.0,0.021844800698176455
596.0,0.02160029410737732
597.0,0.02131529329808533
598.0,0.020995652172630316
599.0,0.02066785026756842
600.0,0.020352395630967815
601.0,0.020064902268888192
602.0,0.019820911383071568
603.0,0.01961757101494523
604.0,0.019438930498811038
605.0,0.01928184418264898
606.0,0.019138040905233477
607.0,0.018995569264010116
608.0,0.018849672402291316
609.0,0.018694514195444708
610.0,0.018538508245808445
611.0,0.01838394138260652
612.0,0.018230167626451667
613.0,0.018076531602597014
614.0,0.01792282135456688
615.0,0.017778303802788158
616.0,0.01763911974691663
617.0,0.017497498363872162
618.0,0.017369517220290936
619.0,0.01725912114171559
620.0,0.01716230103802217
621.0,0.01707680486150671
622.0,0.016996097072642345
623.0,0.01692571773012334
624.0,0.01686446316210225
625.0,0.01680686083368174
626.0,0.01675720909686835
627.0,0.016711698238510445
628.0,0.016679794462952417
629.0,0.016657813838138233
630.0,0.016631456763498274
631.0,0.016613310564735306
632.0,0.01660743283324804
633.0,0.016608251087809184
634.0,0.016607825262322663
635.0,0.01660748422982824
636.0,0.016614471135666522
637.0,0.01662594730152584
638.0,0.01664002200396448
639.0,0.016645619772506594
640.0,0.01663997985113185
641.0,0.016631670731399862
642.0,0.016614309933215558
643.0,0.016570104725432352
644.0,0.01651997662843428
645.0,0.01646288110251773
646.0,0.016382950253302386
647.0,0.016296565039697078
648.0,0.01620765253458054
649.0,0.01609063361566001
650.0,0.01594349544768464
651.0,0.015772869403862532
652.0,0.015576272919481632
653.0,0.015352246500267192
654.0,0.015108556702600232
655.0,0.014787952731084658
656.0,0.014372498369040209
657.0,0.013893814199755512
658.0,0.013412291537383204
659.0,0.012958379362569402
660.0,0.0125193180764309
661.0,0.012097400989490411
662.0,0.011706574072997121
663.0,0.011345975132144503
664.0,0.011017598915335531
665.0,0.010731779808766042
666.0,0.010489168346535193
667.0,0.010283811232541226
668.0,0.010128138368210284
669.0,0.01002246144775434
670.0,0.009953870143755861
671.0,0.009923390075139
672.0,0.009919264067753977
673.0,0.009945154995681682
674.0,0.009999593623958043
675.0,0.010076037429111668
676.0,0.010175937043570582
677.0,0.010298222596711409
678.0,0.010445896465860452
679.0,0.010623430219489624
680.0,0.010837294878401273
681.0,0.011090440638861557
682.0,0.011382185647436555
683.0,0.011709851850350627
684.0,0.012107282841360319
685.0,0.01263579759097631
686.0,0.013249000572741202
687.0,0.013877323423090384
688.0,0.014333046612827416
689.0,0.014728674582797186
690.0,0.015183531086689189
691.0,0.015663460955781854
692.0,0.016164386140516296
693.0,0.01668963585873521
694.0,0.01720550513930825
695.0,0.017677236418458406
696.0,0.018087972056130244
697.0,0.018440253827599416
698.0,0.018741883873496335
699.0,0.01898581103454305
700.0,0.019157280689741325
701.0,0.01923973784740198
702.0,0.019236586449433622
703.0,0.01915386488068348
704.0,0.01900034507442703
705.0,0.018782645483119635
706.0,0.018508301248275065
707.0,0.018181521877002026
708.0,0.017803050165907865
709.0,0.01736624626546552
710.0,0.016885813752597928
711.0,0.016367819309765698
712.0,0.015815357080037833
713.0,0.01525026465601953
714.0,0.014692869868504311
715.0,0.014158881790021744
716.0,0.01363894236304202
717.0,0.013122680456292436
718.0,0.012571870023418915
719.0,0.01199908754728591
720.0,0.011456928414314838
721.0,0.010970688112883816
722.0,0.010532091460206783
723.0,0.01010369631404562
724.0,0.009673095110411171
725.0,0.009233706763321779
726.0,0.00879366086312967
727.0,0.008356430498345249
728.0,0.007916327423024554
729.0,0.007474278740989601
730.0,0.007029315974064478
731.0,0.006616772671360184
732.0,0.006260470210986584
733.0,0.0059661710082782125
734.0,0.005726301412999222
735.0,0.005533281163645339
736.0,0.005370504344365227
737.0,0.005237550722983617
738.0,0.005148499663745655
739.0,0.005080973728830287
740.0,0.005017717563779533
741.0,0.004970631422333871
742.0,0.0049357086236177464
743.0,0.004906789889848646
744.0,0.004882572442389281
745.0,0.00485682722220877
746.0,0.0048379183331013695
747.0,0.004823104958914775
748.0,0.0048044836827233015
749.0,0.0047794888318254585
750.0,0.004751732187252025
751.0,0.0047328839726480335
752.0,0.004714393229791431
753.0,0.004695013562888625
754.0,0.004677419799047446
755.0,0.004663929519679711
756.0,0.004653249379930252
757.0,0.004662751032837584
758.0,0.004699773740498505
759.0,0.004759323844370065
760.0,0.004817770407462029
761.0,0.004815762822490189
762.0,0.004762361130220887
763.0,0.00469466558187283
764.0,0.004637054425425563
765.0,0.004588685465336099
766.0,0.004555592772772089
767.0,0.00454206984393491
768.0,0.004536853982501364
769.0,0.0045333570983245655
770.0,0.004542346509639244
771.0,0.004555287947622241
772.0,0.0045461046676920445
773.0,0.0045472067197677764
774.0,0.004564053996165377
775.0,0.004575614271386254
776.0,0.004589364039416932
777.0,0.004608209418163783
778.0,0.004627596088309221
779.0,0.004647119318102409
780.0,0.0046721569795218736
781.0,0.00469885747856546
782.0,0.004723175256457953
783.0,0.004748034171712672
784.0,0.004778324550042153
785.0,0.004811012668089499
786.0,0.0048471467279278865
787.0,0.00488697235327769
788.0,0.0049222085861811435
789.0,0.004959894725463305
790.0,0.005000564908082194
791.0,0.00504284461832165
792.0,0.00508813198551776
793.0,0.005122847337815701
794.0,0.0051633466467358915
795.0,0.005211290317223198
796.0,0.005257513397212404
797.0,0.0052955373950052936
798.0,0.005321875050678007
799.0,0.00535503636961489
800.0,0.005393248510609687
801.0,0.005426665465825199
802.0,0.005447580959303785
803.0,0.005456456944784012
804.0,0.00547056389040975
805.0,0.005481000533613632
806.0,0.005485618040829621
807.0,0.0054849528118664035
808.0,0.005474176033662204
809.0,0.005450674210940446
810.0,0.00542047350426896
811.0,0.005386974170183486
812.0,0.005343907400998501
813.0,0.005295815489833171
814.0,0.005241804931332677
815.0,0.005177705581591923
816.0,0.005111104226906147
817.0,0.005047584946549876
818.0,0.004967500847787817
819.0,0.0048676795378434
820.0,0.004770123868448975
821.0,0.00466165008444413
822.0,0.004529453685879389
823.0,0.0044018002159142726
824.0,0.004266787072982016
825.0,0.004105558984898496
826.0,0.003938587876507417
827.0,0.0037769331145374495
828.0,0.003622754216649424
829.0,0.003473396000419492
830.0,0.0033300622069703176
831.0,0.003208088775799542
832.0,0.0031045833942163004
833.0,0.003004991229934674
834.0,0.0029344633178246026
835.0,0.0028905758926306923
836.0,0.0028390270830839157
837.0,0.002793031334926649
838.0,0.002755841870871088
839.0,0.002723594163867921
840.0,0.002696127202854285
841.0,0.0026711739710838798
842.0,0.00264929725003444
843.0,0.002631263468026898
844.0,0.0026018989702016665
845.0,0.0025722711055794984
846.0,0.002550621200031755
847.0,0.002531597136531257
848.0,0.0025073350803997284
849.0,0.002487810377029132
850.0,0.002481209506574179
851.0,0.002477895201651869
852.0,0.0024570518259790326
853.0,0.002424256248086094
854.0,0.0023904466422212654
855.0,0.0023815276161146376
856.0,0.0023862225123286356
857.0,0.0023549864545311253
858.0,0.0023297536553047193
859.0,0.0023237766625864038
860.0,0.0023167712437457697
861.0,0.002293981590458659
862.0,0.0022651066250817557
863.0,0.0022565264241849433
864.0,0.0022588339707489326
865.0,0.002229369534384345
866.0,0.0022052422702460318
867.0,0.0021907509938855828
868.0,0.0021577956548041897
869.0,0.002127648271760387
870.0,0.0021151374421885315
871.0,0.002121649219275471
872.0,0.0021148032630552015
873.0,0.0020708264439961736
874.0,0.0020314288710782734
875.0,0.002010120077985554
876.0,0.0019912617236244523
877.0,0.0019688940639522386
878.0,0.0019488885712504202
879.0,0.00194541144293326
880.0,0.0019344900142623162
881.0,0.001893349036521463
882.0,0.0018661817483639962
883.0,0.0018501186320577518
884.0,0.001821199940141824
885.0,0.001796674939421434
886.0,0.001784016246338627
887.0,0.0017691663636865615
888.0,0.0017505908441350707
889.0,0.0017486182092614124
890.0,0.0017284032189163873
891.0,0.0016833870538684001
892.0,0.0016408578707464451
893.0,0.0016335501361609158
894.0,0.0016485570593009098
895.0,0.0016333833691042226
896.0,0.0016025156576742858
897.0,0.0015668037414201853
898.0,0.001556130719388116
899.0,0.0015460178283646024
