/begin_header
/west_longitude=UNKNOWN
/south_latitude=NA
/north_latitude=UNKNOWN
/calibration_files=NA
/cruise=NA
/station=NA
/documents=NA
/data_type=NA
/affiliations=NOAA
/experiment=NA
/units=nm,dl
/start_date=2019-08-07
/end_date=NA
/missing=9999
/start_time=11:08:27
/data_file_name=NA
/cloud_percent=NA
/water_depth=NA
/data_status=NA
/east_longitude=NA
/wind_speed=NA
/secchi=NA
/measurement_depth=NA
/fields=wavelength,rrs
/delimiter=comma
/contact=NA
/end_time=NA
/wave_height=NA
/investigators=NA
/end_header@
325.0,0.007642756277079524
326.0,0.007810328769593552
327.0,0.007832087755960357
328.0,0.007651494661572447
329.0,0.007754476902144637
330.0,0.007849149336794774
331.0,0.007750155860817923
332.0,0.007773369290661164
333.0,0.00786447910439239
334.0,0.007845609232693685
335.0,0.007864227918639694
336.0,0.007921565080508149
337.0,0.007844831726496002
338.0,0.007822892476295208
339.0,0.007941408176813968
340.0,0.007977403749542918
341.0,0.007996355496410906
342.0,0.008071251552893358
343.0,0.00813516113169608
344.0,0.008191530226962198
345.0,0.008225811381162634
346.0,0.008303305310476341
347.0,0.008402956086365593
348.0,0.008468107971189926
349.0,0.00851561801730664
350.0,0.008561709392961709
351.0,0.00863047283491797
352.0,0.008700864089220347
353.0,0.008764542270360533
354.0,0.008847682489932965
355.0,0.008932938642074343
356.0,0.008948640754126349
357.0,0.008956708750893638
358.0,0.009046294278935333
359.0,0.0090907193453573
360.0,0.009086295159669352
361.0,0.009138797693426872
362.0,0.009181502723007119
363.0,0.009198367759054204
364.0,0.009208003231804793
365.0,0.009219440904500987
366.0,0.009239721203478289
367.0,0.009275970605566388
368.0,0.00929334156642275
369.0,0.00927261357509315
370.0,0.009289059132110098
371.0,0.00933675353295851
372.0,0.009311094169243136
373.0,0.009283883483786823
374.0,0.00931679204005182
375.0,0.009323557890887624
376.0,0.009307724185520437
377.0,0.00933031106871617
378.0,0.009340665651300751
379.0,0.009337992977409535
380.0,0.009324870480128925
381.0,0.00933856571063522
382.0,0.00938031235907923
383.0,0.009399850134368875
384.0,0.009415860028460822
385.0,0.009428344706444342
386.0,0.009452946748819208
387.0,0.009480149266136939
388.0,0.009491319720171625
389.0,0.009498571294059963
390.0,0.009507862029473967
391.0,0.009517685022120687
392.0,0.00952258155446702
393.0,0.009537649785753203
394.0,0.009554287441096695
395.0,0.009566325452629023
396.0,0.009559623939417719
397.0,0.009528439431330023
398.0,0.009496585606417076
399.0,0.00948443222162851
400.0,0.009473930727925328
401.0,0.009436668609223013
402.0,0.009412923176047966
403.0,0.009399706240460739
404.0,0.009357346572107322
405.0,0.009321541881214876
406.0,0.009304142090919527
407.0,0.009269070088222277
408.0,0.00922287469330226
409.0,0.0091747203763744
410.0,0.009124960483429858
411.0,0.009079974239191503
412.0,0.00904371596247135
413.0,0.009014492855531991
414.0,0.00899076797068899
415.0,0.008968814810644356
416.0,0.008952193829729725
417.0,0.008933201520320405
418.0,0.008928345499899173
419.0,0.008931204414795673
420.0,0.008922795533626354
421.0,0.008916079160717806
422.0,0.008916433040630486
423.0,0.0089103874973657
424.0,0.008911935662737513
425.0,0.008928291199722002
426.0,0.008934141685189021
427.0,0.008929012131020993
428.0,0.00892318908623477
429.0,0.008912920438387918
430.0,0.008899842199023223
431.0,0.008882715640212374
432.0,0.008859468857195765
433.0,0.008822749756684683
434.0,0.008802984584322118
435.0,0.008803774781413668
436.0,0.008796762344515267
437.0,0.008794203107051013
438.0,0.00880903582748671
439.0,0.008846166654623006
440.0,0.008898727354602658
441.0,0.008956541519487816
442.0,0.00903356948538642
443.0,0.009134482954046435
444.0,0.00925592479376799
445.0,0.009395265979741977
446.0,0.009554863352572713
447.0,0.009726313246000267
448.0,0.009907750947199475
449.0,0.010092382376657025
450.0,0.01028743949471975
451.0,0.01049118127057116
452.0,0.010680840853597905
453.0,0.010862464448453166
454.0,0.011050955479870025
455.0,0.01122532644667307
456.0,0.011382360250059337
457.0,0.011529688094328753
458.0,0.011655862376559254
459.0,0.011764502061776237
460.0,0.011872069463484116
461.0,0.011976361037123125
462.0,0.012081889248771757
463.0,0.012176308651773712
464.0,0.012261868972032162
465.0,0.012357660734171518
466.0,0.012455482174433718
467.0,0.012555984147858603
468.0,0.012651044705529028
469.0,0.012742594464269907
470.0,0.01284187105458478
471.0,0.012934044674976117
472.0,0.013017425218787284
473.0,0.013093745096330007
474.0,0.013168593791294892
475.0,0.013245377088885821
476.0,0.013318753149138657
477.0,0.013389284317455969
478.0,0.013457916975592732
479.0,0.013521718724510851
480.0,0.013582280814236633
481.0,0.013644105427055136
482.0,0.013708787599981356
483.0,0.013777384723271427
484.0,0.013856526774560568
485.0,0.013939047192634477
486.0,0.014012196664010717
487.0,0.01409607764202091
488.0,0.014193253757905339
489.0,0.01428471375505469
490.0,0.014375557122914485
491.0,0.014474507221852551
492.0,0.014592318067473995
493.0,0.014730243381976852
494.0,0.014870454925211437
495.0,0.01501870379157468
496.0,0.01518127489948017
497.0,0.015363012674969223
498.0,0.015560997200342949
499.0,0.015775125019331173
500.0,0.01600408382853258
501.0,0.016241881709785515
502.0,0.016483604368561146
503.0,0.016729728586995098
504.0,0.016981779926486588
505.0,0.017248352988216874
506.0,0.017518638882989414
507.0,0.017780610008465144
508.0,0.018050400548772307
509.0,0.01833035115574714
510.0,0.018599974721480173
511.0,0.018866442834646422
512.0,0.019149715907764073
513.0,0.019449535393253586
514.0,0.01976686678893099
515.0,0.020098114003122912
516.0,0.020452092686692923
517.0,0.020832030258915432
518.0,0.02122758522220088
519.0,0.021627144087594186
520.0,0.022017397241965202
521.0,0.022425323507287688
522.0,0.02286013947868513
523.0,0.023310603748450315
524.0,0.023784182518600393
525.0,0.02428411750739339
526.0,0.024812155477367603
527.0,0.02536673527436182
528.0,0.025930674680874545
529.0,0.02649197674901103
530.0,0.02705055351024115
531.0,0.027629606964188917
532.0,0.028229601378050667
533.0,0.028838184319599426
534.0,0.02944897757257776
535.0,0.030047935393868148
536.0,0.03062979189833459
537.0,0.03120175508667975
538.0,0.03176736003980071
539.0,0.032317399784527454
540.0,0.032850900283492565
541.0,0.03336333808581953
542.0,0.03383981815603834
543.0,0.034272113384076694
544.0,0.03466804312623536
545.0,0.03502422575799093
546.0,0.03533913686576065
547.0,0.035612145434092954
548.0,0.03584349550644838
549.0,0.03603659806484056
550.0,0.03619651432374551
551.0,0.03632963222726859
552.0,0.0364428306996473
553.0,0.03653243314706823
554.0,0.03659007653283589
555.0,0.03661662476861361
556.0,0.03661269439452701
557.0,0.03657708423286745
558.0,0.036508546084593266
559.0,0.03640730280721972
560.0,0.03628118772360806
561.0,0.03613007839354909
562.0,0.0359502348587181
563.0,0.03574196957755819
564.0,0.03550786951228284
565.0,0.035252818169667924
566.0,0.03497184781703182
567.0,0.03466151140920497
568.0,0.03432382845091533
569.0,0.03396068679085694
570.0,0.03357446207658668
571.0,0.033174875348345664
572.0,0.03277251279277136
573.0,0.03236276829785493
574.0,0.031945572656968235
575.0,0.031523985284252085
576.0,0.031091531188938266
577.0,0.03065355820541127
578.0,0.030216213148870186
579.0,0.029763582547737456
580.0,0.02929721700063024
581.0,0.02882465654019689
582.0,0.02834444492513915
583.0,0.02785064255114489
584.0,0.027353547994107504
585.0,0.026855527030143038
586.0,0.026352718171885177
587.0,0.02584898249425094
588.0,0.02533906118188477
589.0,0.024807515560517083
590.0,0.02426256730287184
591.0,0.023733511183473378
592.0,0.023210071500984912
593.0,0.022669675383671282
594.0,0.022116789225223345
595.0,0.021536043890514004
596.0,0.020922687054532204
597.0,0.020280940462450048
598.0,0.019622163647506654
599.0,0.018976710800794785
600.0,0.01837564418407147
601.0,0.017848963130419292
602.0,0.017408795269591576
603.0,0.017050015451442437
604.0,0.0167594084222495
605.0,0.016518152318734276
606.0,0.016308635238535887
607.0,0.01611048171825872
608.0,0.01592796913758316
609.0,0.015758580736674552
610.0,0.015587027513891915
611.0,0.015410423615344688
612.0,0.015238581490344724
613.0,0.015072183454259012
614.0,0.014912035244978994
615.0,0.014759262818080918
616.0,0.01461299911316558
617.0,0.014479238866241704
618.0,0.01435105602644752
619.0,0.014229273359053862
620.0,0.014122702246950386
621.0,0.014032242484561475
622.0,0.013952390369350306
623.0,0.013876325258017883
624.0,0.013807909481299743
625.0,0.013750130530931593
626.0,0.013692793621212567
627.0,0.013642483622806881
628.0,0.01361138968808066
629.0,0.013590233227575165
630.0,0.013572764787567535
631.0,0.013572490872241563
632.0,0.013585270147769996
633.0,0.013599157823485081
634.0,0.013624890886557148
635.0,0.013663870061334338
636.0,0.013707150327240816
637.0,0.013754717235656208
638.0,0.013816475556605128
639.0,0.013884994864231923
640.0,0.013948696781517774
641.0,0.01399763066972019
642.0,0.014037026250430611
643.0,0.01406906567611139
644.0,0.014089935334113646
645.0,0.014099720411713262
646.0,0.014096657020890807
647.0,0.014081567039042207
648.0,0.014055237247719015
649.0,0.014008754232141388
650.0,0.01393691677471387
651.0,0.013833044633932576
652.0,0.013701807429246898
653.0,0.01354848170721486
654.0,0.013386218751380788
655.0,0.013177562195714615
656.0,0.01289561010788429
657.0,0.01254898019262278
658.0,0.012185473771564922
659.0,0.011833330001717091
660.0,0.0114941047638728
661.0,0.011171227923104394
662.0,0.01085289123465746
663.0,0.01053698633164738
664.0,0.010227320145629857
665.0,0.009930994229443223
666.0,0.009653068894382392
667.0,0.009387444129685254
668.0,0.009152274784383846
669.0,0.008955469978928517
670.0,0.00878938429234628
671.0,0.008643020322010992
672.0,0.008518132294519185
673.0,0.008415740957148464
674.0,0.008333772675537459
675.0,0.008259159989057354
676.0,0.00820917598604736
677.0,0.008196454744292878
678.0,0.008207219303241019
679.0,0.008241541787705392
680.0,0.008306568988373701
681.0,0.008417106456835612
682.0,0.008575028750733174
683.0,0.008773819375596898
684.0,0.009019784881134568
685.0,0.009334254727206313
686.0,0.0097170529284003
687.0,0.01015714881525068
688.0,0.010553771023699947
689.0,0.010923580562771238
690.0,0.011318806875314663
691.0,0.011722384305097007
692.0,0.012136287996923357
693.0,0.012568421715954348
694.0,0.01297818785498299
695.0,0.013337805101018771
696.0,0.013656918657421066
697.0,0.013932648677269613
698.0,0.014168666920510622
699.0,0.014353970649034754
700.0,0.014487289111827294
701.0,0.014566264253669511
702.0,0.014592747855928378
703.0,0.014566403328094663
704.0,0.014494231821243611
705.0,0.014372810014203371
706.0,0.014203882177247251
707.0,0.013998149909610591
708.0,0.013759806543020036
709.0,0.013483109340284216
710.0,0.013165980225489237
711.0,0.012807669329200919
712.0,0.012431826539738646
713.0,0.01204508057923295
714.0,0.011638463190876268
715.0,0.011243869586407313
716.0,0.010854248765696382
717.0,0.010447104290765463
718.0,0.010012659057073265
719.0,0.00958943924402479
720.0,0.009186594405354619
721.0,0.008831388048969548
722.0,0.00850712921345076
723.0,0.00817280965460824
724.0,0.007807197163847042
725.0,0.007442877552428983
726.0,0.007095150976101608
727.0,0.006737526308937929
728.0,0.00637398538556645
729.0,0.006004295272913572
730.0,0.005626634875765967
731.0,0.005277143202418953
732.0,0.004981886505502556
733.0,0.0047309813831579745
734.0,0.004513885350422952
735.0,0.004336789331389462
736.0,0.00419514840916076
737.0,0.004088848774227507
738.0,0.004012655733400219
739.0,0.003957675564237333
740.0,0.003912075256127617
741.0,0.003879490045806567
742.0,0.003854703963027948
743.0,0.0038392701057469564
744.0,0.003828308880743137
745.0,0.0038162520195746787
746.0,0.0037965657877602503
747.0,0.0037776592626805315
748.0,0.0037782852507583092
749.0,0.0037659616959917286
750.0,0.003743484041850438
751.0,0.0037396949481641657
752.0,0.003735760994907076
753.0,0.0037159523241131797
754.0,0.003705350426353282
755.0,0.003704625649994605
756.0,0.0036877893071115423
757.0,0.003687183206113992
758.0,0.003705946851461802
759.0,0.003693515437850476
760.0,0.0036550457832162015
761.0,0.0036046148679462846
762.0,0.003553798240237193
763.0,0.003530130142915599
764.0,0.0035489540001563584
765.0,0.00357485254059171
766.0,0.00359738190004446
767.0,0.0036210062845681576
768.0,0.003646617168264309
769.0,0.0036689310572022315
770.0,0.003690981756105542
771.0,0.0037105494981332665
772.0,0.003719162024629618
773.0,0.003731800530014979
774.0,0.0037531794867480773
775.0,0.0037761270294629596
776.0,0.0037948680837696694
777.0,0.003811450327761476
778.0,0.0038298574198070137
779.0,0.003851838759596832
780.0,0.003885582452861692
781.0,0.003914605955582696
782.0,0.003931438761994392
783.0,0.003966464857799117
784.0,0.004002010273354304
785.0,0.004025279151937245
786.0,0.0040561256719640355
787.0,0.004092932086969947
788.0,0.004126391336885547
789.0,0.004169728775896145
790.0,0.004218539492613431
791.0,0.004247640739564406
792.0,0.004274096926531733
793.0,0.004319918205482737
794.0,0.00436416536216647
795.0,0.004405951861083788
796.0,0.004451036411148261
797.0,0.004489426867682636
798.0,0.004523022337343779
799.0,0.004557152534061621
800.0,0.004592898990212206
801.0,0.00461326542327534
802.0,0.004630869237344355
803.0,0.004648418931662453
804.0,0.004660012464511276
805.0,0.004675829597045944
806.0,0.004692296034626878
807.0,0.004686419940696644
808.0,0.004667582978030589
809.0,0.004651642718101512
810.0,0.004621022600303039
811.0,0.004574270006176734
812.0,0.004520666744862801
813.0,0.004466354836604508
814.0,0.004411155014372007
815.0,0.004351271008833008
816.0,0.004288055532241637
817.0,0.0042102580280988355
818.0,0.004141108622777778
819.0,0.004077401628758182
820.0,0.003984521109736938
821.0,0.0038750387573685797
822.0,0.003764764637136335
823.0,0.0036266142017785186
824.0,0.003479913592826929
825.0,0.003345498447719573
826.0,0.003201772017816869
827.0,0.0030444141290721666
828.0,0.002885282388773491
829.0,0.00273172753166238
830.0,0.002584896672218991
831.0,0.0024599470127729894
832.0,0.002352844797303465
833.0,0.0022628894548093743
834.0,0.002191382458416472
835.0,0.002135814883871421
836.0,0.0020965905345678936
837.0,0.00207260332930088
838.0,0.002043004217273541
839.0,0.0020145687042612903
840.0,0.0019908975434029643
841.0,0.0019693302794561397
842.0,0.00194493339763841
843.0,0.0019232309328146568
844.0,0.0019029665242171461
845.0,0.0018879362276426168
846.0,0.0018683688269291547
847.0,0.0018539908375860756
848.0,0.0018276075256812474
849.0,0.0017883455761093907
850.0,0.0017613397636978528
851.0,0.001751175060297484
852.0,0.0017186191850734529
853.0,0.0016925313713772624
854.0,0.0016931317491393721
855.0,0.0016706128221726725
856.0,0.0016362902579333874
857.0,0.001632318225319143
858.0,0.00162985668110175
859.0,0.0016120595177818765
860.0,0.0015951606656678201
861.0,0.0015781413707309816
862.0,0.0015505411072927473
863.0,0.0015439765893671491
864.0,0.0015355039016966688
865.0,0.0014868176011018034
866.0,0.001465103192294839
867.0,0.0014816563641135735
868.0,0.001450550850601071
869.0,0.0014243403627042248
870.0,0.0014215129241862568
871.0,0.0014054203165017453
872.0,0.0013754129558488598
873.0,0.0013561363329167564
874.0,0.001332368424615664
875.0,0.0012997438679962217
876.0,0.0012776316712348069
877.0,0.0012552535673579506
878.0,0.0012185791716783905
879.0,0.0012017675335666013
880.0,0.0011876261679084083
881.0,0.0011411740354432892
882.0,0.001122245136772881
883.0,0.0011233359224697209
884.0,0.0010753836378402336
885.0,0.0010504655858643275
886.0,0.0010636401705730516
887.0,0.00103125731989945
888.0,0.0009936680990743699
889.0,0.0009671959839709932
890.0,0.000928329656106236
891.0,0.0009001172870176707
892.0,0.000874456730055157
893.0,0.0008618266264597768
894.0,0.0008580347314991004
895.0,0.0008407530851535771
896.0,0.0007999106821880873
897.0,0.0007610827467831234
898.0,0.0007337751527473769
899.0,0.0007104649443128342
