/begin_header
/west_longitude=UNKNOWN
/south_latitude=NA
/north_latitude=UNKNOWN
/calibration_files=NA
/cruise=NA
/station=NA
/documents=NA
/data_type=NA
/affiliations=NOAA
/experiment=NA
/units=nm,dl
/start_date=2019-08-01
/end_date=NA
/missing=9999
/start_time=12:39:53
/data_file_name=NA
/cloud_percent=NA
/water_depth=NA
/data_status=NA
/east_longitude=NA
/wind_speed=NA
/secchi=NA
/measurement_depth=NA
/fields=wavelength,rrs
/delimiter=comma
/contact=NA
/end_time=NA
/wave_height=NA
/investigators=NA
/end_header@
325.0,0.01498604143365875
326.0,0.014853280787467915
327.0,0.014790841332888294
328.0,0.014830900554394053
329.0,0.014788910845584854
330.0,0.014707405758597952
331.0,0.014632901970988363
332.0,0.014583041890516688
333.0,0.014555447383716938
334.0,0.014450110488633488
335.0,0.014362087476928593
336.0,0.01429255325813918
337.0,0.014230386656215527
338.0,0.014176749323533733
339.0,0.014093401953532769
340.0,0.014013144535284475
341.0,0.013936148511515303
342.0,0.013874544487252102
343.0,0.013829065206172502
344.0,0.013776315068169783
345.0,0.013669225282890269
346.0,0.013580766493261575
347.0,0.013544595438251827
348.0,0.0135212672663232
349.0,0.013452206033130725
350.0,0.0133403383290768
351.0,0.013273925690706448
352.0,0.01324073959455339
353.0,0.013196938379296471
354.0,0.013145290705152607
355.0,0.013088343975336394
356.0,0.01302536357207235
357.0,0.012980361952177258
358.0,0.012940952828778062
359.0,0.012875923867943418
360.0,0.012814489961026656
361.0,0.012762931723913382
362.0,0.012706427567109574
363.0,0.0126436522813393
364.0,0.012585996483892392
365.0,0.012555167184211772
366.0,0.012531716673776835
367.0,0.012473455392977532
368.0,0.01240059912895664
369.0,0.012366814976883522
370.0,0.012336101728713486
371.0,0.012296092508065204
372.0,0.01222722704115848
373.0,0.012164654757531895
374.0,0.012119942079872287
375.0,0.012073598861669008
376.0,0.012021596268413901
377.0,0.011967637176182431
378.0,0.011912887561013535
379.0,0.011870707768654676
380.0,0.011847246884810763
381.0,0.011825116034847632
382.0,0.011783792015272024
383.0,0.011734807497234122
384.0,0.011674916637362857
385.0,0.011626077004062665
386.0,0.01160362220435493
387.0,0.011590492349957062
388.0,0.01152603265431039
389.0,0.011473216553547343
390.0,0.011446706104542096
391.0,0.01143309344822758
392.0,0.011416817199373649
393.0,0.011384738049748938
394.0,0.011333194672789496
395.0,0.011275545163032348
396.0,0.011219607660155178
397.0,0.01116558103088006
398.0,0.011122144022741403
399.0,0.011081520394996474
400.0,0.01103914386421249
401.0,0.010989777706913267
402.0,0.010951286571715822
403.0,0.010916875365703575
404.0,0.010862782573207747
405.0,0.010814280368969966
406.0,0.010782878251681232
407.0,0.010731658360100246
408.0,0.010677193631450947
409.0,0.010629549486336234
410.0,0.010580402384420692
411.0,0.01053482906187407
412.0,0.010499314922696299
413.0,0.01045779453231054
414.0,0.010405213919660539
415.0,0.010372741984536452
416.0,0.01034848347262498
417.0,0.010312809173244272
418.0,0.010282009719292013
419.0,0.010260025843977106
420.0,0.010235683986776385
421.0,0.010210544756119742
422.0,0.010186988781516195
423.0,0.010170660109984613
424.0,0.010153512885678824
425.0,0.010129105644314029
426.0,0.010108911614515638
427.0,0.010094813523145913
428.0,0.010076122131144744
429.0,0.01005202007904948
430.0,0.010020516150974986
431.0,0.009986326544888303
432.0,0.009952605476734754
433.0,0.009921835428908876
434.0,0.009895633222528987
435.0,0.009874603315712866
436.0,0.009855537554754415
437.0,0.009844253245955429
438.0,0.009843073997891843
439.0,0.009845066047632956
440.0,0.009852598836696355
441.0,0.009868232606736364
442.0,0.009897001797412142
443.0,0.00993470259585109
444.0,0.00997439371551467
445.0,0.010020584723306164
446.0,0.010079773037435612
447.0,0.0101435980340373
448.0,0.010208441281671622
449.0,0.010277068274093418
450.0,0.010344648354711545
451.0,0.010410488960362816
452.0,0.010475664343275116
453.0,0.01053839728123452
454.0,0.01059231455115739
455.0,0.010646062955359907
456.0,0.010696701651427701
457.0,0.010735915959602025
458.0,0.010770487863192579
459.0,0.010803629238809323
460.0,0.010837715993065397
461.0,0.010869351362995314
462.0,0.01089849770153367
463.0,0.010928908699883952
464.0,0.01096153456263189
465.0,0.010997654119809476
466.0,0.011036055380995852
467.0,0.011079709623698489
468.0,0.011120992392299989
469.0,0.01116241991408536
470.0,0.011208336012771592
471.0,0.011255546552830361
472.0,0.011301825568481685
473.0,0.011348034767738952
474.0,0.01139572612904848
475.0,0.011441375044709396
476.0,0.011489042884501515
477.0,0.011538628113751616
478.0,0.01158846940340806
479.0,0.011634328098153169
480.0,0.01167731673584516
481.0,0.011727306594443933
482.0,0.01177733476857679
483.0,0.011825259022087479
484.0,0.011871804275956953
485.0,0.011918293027041718
486.0,0.011969254231195265
487.0,0.012018810592980971
488.0,0.012066941643676063
489.0,0.012114767861765272
490.0,0.01216524098528895
491.0,0.012222267994178287
492.0,0.012288209947027054
493.0,0.012363383975869283
494.0,0.012445740781237226
495.0,0.012539577219801645
496.0,0.01264376131824188
497.0,0.012759413101323702
498.0,0.01289021116771498
499.0,0.013035352679273294
500.0,0.013196037597015663
501.0,0.013369566004340083
502.0,0.013545830880775322
503.0,0.013734454885608729
504.0,0.01393852409148259
505.0,0.014150730458971666
506.0,0.014372615658237728
507.0,0.014606812787375908
508.0,0.014856541460582942
509.0,0.015122225820746673
510.0,0.015390235081041504
511.0,0.015662790018565652
512.0,0.01594548724754159
513.0,0.016242740509124987
514.0,0.016555376205582225
515.0,0.0168762888241276
516.0,0.01721321658529209
517.0,0.01756058238744052
518.0,0.017912214146593046
519.0,0.018259361232220005
520.0,0.01859020324721744
521.0,0.018912705166756073
522.0,0.019237140532645348
523.0,0.01956864157922017
524.0,0.019902935578506288
525.0,0.020236638594543915
526.0,0.020576129582238582
527.0,0.020918467686800578
528.0,0.021249116365206495
529.0,0.021562964364734847
530.0,0.02186263649776642
531.0,0.022163395393711868
532.0,0.022469363871058766
533.0,0.022777885937195572
534.0,0.023076775416642388
535.0,0.023359749384130664
536.0,0.023633549085094664
537.0,0.02390437502516416
538.0,0.024174180506729072
539.0,0.024441371924368745
540.0,0.024702757899220003
541.0,0.024952859034842345
542.0,0.02519207814616715
543.0,0.025417884257259205
544.0,0.02563159186830582
545.0,0.025836862589927644
546.0,0.026033259742370186
547.0,0.026220427362969416
548.0,0.026397408928584158
549.0,0.02656299255890198
550.0,0.026720335678126504
551.0,0.026872864702160604
552.0,0.02701814388942427
553.0,0.027153344887437307
554.0,0.027278012397033667
555.0,0.02738816785188943
556.0,0.027484646266148945
557.0,0.0275684179421622
558.0,0.027640093668378034
559.0,0.02770160098311179
560.0,0.027744609163615975
561.0,0.027770762286351953
562.0,0.027785939131339386
563.0,0.027790555061597787
564.0,0.027783954943735034
565.0,0.027768253594431802
566.0,0.027737297658712946
567.0,0.027691244630693324
568.0,0.027641706620110645
569.0,0.02758774590136715
570.0,0.02752575075060833
571.0,0.027455281714875334
572.0,0.02737554764566542
573.0,0.02729334425585857
574.0,0.02720874453303563
575.0,0.027117485457359876
576.0,0.027017879336698514
577.0,0.02690755154057397
578.0,0.026785181676521774
579.0,0.02665114784649398
580.0,0.026506012216411818
581.0,0.026349232407660333
582.0,0.026182947559521386
583.0,0.02601105224352218
584.0,0.02582906404577217
585.0,0.025638247586117203
586.0,0.025443555006612446
587.0,0.025245294641480252
588.0,0.025040473674485607
589.0,0.02482637343059299
590.0,0.02460754043895324
591.0,0.024395874623627016
592.0,0.024182771911697185
593.0,0.023951884074875578
594.0,0.02370100066804305
595.0,0.02342233318683106
596.0,0.02310618499735343
597.0,0.022746473841969102
598.0,0.022351123829131393
599.0,0.02194709289873647
600.0,0.02155677536617447
601.0,0.021202568685500932
602.0,0.020894190609099726
603.0,0.02063759411126346
604.0,0.0204308402895739
605.0,0.020253895551651215
606.0,0.020090457555991835
607.0,0.019928193060329634
608.0,0.01976766439267368
609.0,0.01960956439067806
610.0,0.019447340435282373
611.0,0.01927993260741307
612.0,0.01911286089362841
613.0,0.018949231929024608
614.0,0.018790906146088623
615.0,0.01863512446261381
616.0,0.018483183896926634
617.0,0.01833880859262767
618.0,0.018204209040504234
619.0,0.01808273383404223
620.0,0.017972661535687835
621.0,0.01787285182632849
622.0,0.017785586133405494
623.0,0.01771096996683713
624.0,0.017645391438784772
625.0,0.017582610070278355
626.0,0.017519954103224274
627.0,0.017463157194152472
628.0,0.017424087811207616
629.0,0.017391510239339585
630.0,0.017359189916057276
631.0,0.01733325988120036
632.0,0.017315807218695838
633.0,0.017313587547713803
634.0,0.017317247790903448
635.0,0.017318668665276635
636.0,0.017328228586629295
637.0,0.017344457958365745
638.0,0.017364422022827355
639.0,0.017386704413101323
640.0,0.017405311803110245
641.0,0.017411284602071135
642.0,0.017404530965779146
643.0,0.017385385199664767
644.0,0.017355584828810656
645.0,0.01731544350204573
646.0,0.017260857777903992
647.0,0.017200263339827195
648.0,0.017134655007164587
649.0,0.017044861337597438
650.0,0.016922853907971835
651.0,0.016762172333448486
652.0,0.01656838459488426
653.0,0.016344182438431238
654.0,0.016097817006568458
655.0,0.015779785018262257
656.0,0.015369371505368764
657.0,0.014891364251590499
658.0,0.014409076322277605
659.0,0.013948929822117156
660.0,0.013504292433543902
661.0,0.01308263497991861
662.0,0.012689506449844914
663.0,0.012321729814511037
664.0,0.0119805868500972
665.0,0.011676749586479521
666.0,0.011412177095399784
667.0,0.01118923281368732
668.0,0.011006154986207533
669.0,0.01086438787423343
670.0,0.010771038307107399
671.0,0.010713726063709005
672.0,0.010672243113742385
673.0,0.010667889512337717
674.0,0.010698490806430169
675.0,0.010737216696626284
676.0,0.010790057087883557
677.0,0.010870781789210247
678.0,0.010979698611213414
679.0,0.01111771752833669
680.0,0.01128510184989298
681.0,0.011492621534033545
682.0,0.011743987344261738
683.0,0.012034705400922172
684.0,0.01238258042145193
685.0,0.012835925696312419
686.0,0.013374669493405916
687.0,0.013951020118555696
688.0,0.014388812708213771
689.0,0.014766483649374018
690.0,0.015178260492410153
691.0,0.01560242381620974
692.0,0.01603489952424053
693.0,0.016475581906977257
694.0,0.016894978544447655
695.0,0.01726699797724337
696.0,0.01757681021759455
697.0,0.017827782558322194
698.0,0.018026754209913818
699.0,0.018162774763173482
700.0,0.018231026284178973
701.0,0.018222372480480874
702.0,0.018132914185049243
703.0,0.017971455607892765
704.0,0.017755017126007192
705.0,0.017487016047257598
706.0,0.017166677706835914
707.0,0.01680874037560188
708.0,0.016413551371969724
709.0,0.01596511226005007
710.0,0.01547760727977927
711.0,0.014963303948781533
712.0,0.014427971558110273
713.0,0.013886600189807316
714.0,0.013344074682409817
715.0,0.012817915043914704
716.0,0.012301284997987763
717.0,0.011796915011100573
718.0,0.011284062934528733
719.0,0.010776254660888992
720.0,0.01028862629747813
721.0,0.00984505164066016
722.0,0.009440498458819635
723.0,0.009046698379984657
724.0,0.008651784742778494
725.0,0.008257237744579121
726.0,0.007870794746435289
727.0,0.007488652891725171
728.0,0.0071022792415467665
729.0,0.0067121649357062465
730.0,0.006336358521762971
731.0,0.005987359238692326
732.0,0.005678266661029176
733.0,0.005426446366864063
734.0,0.005223146850655785
735.0,0.005043457760862588
736.0,0.004899052013861917
737.0,0.004792327364062055
738.0,0.004714954557102284
739.0,0.0046576513192249135
740.0,0.004609256042530843
741.0,0.004571410509041377
742.0,0.004541051361704787
743.0,0.004509682976985364
744.0,0.004486061736976177
745.0,0.004465748275020717
746.0,0.004445350723559393
747.0,0.004427885913584633
748.0,0.004413234571605073
749.0,0.004397237070666425
750.0,0.004376670625881922
751.0,0.00436077913794701
752.0,0.004345312362263298
753.0,0.004329034812405579
754.0,0.00431120357325176
755.0,0.004293658945281578
756.0,0.004282347356932435
757.0,0.004279954314213051
758.0,0.004290383299695074
759.0,0.004324000921784698
760.0,0.0043563432401682355
761.0,0.004334204148841078
762.0,0.004294720345615269
763.0,0.004257617929862108
764.0,0.0042203871247102065
765.0,0.004197963938397572
766.0,0.004187764491651475
767.0,0.0041861277836804985
768.0,0.004185351414850113
769.0,0.004183265800228034
770.0,0.004186043665262687
771.0,0.004191043554980191
772.0,0.004195226195935443
773.0,0.004202254623252539
774.0,0.004213614436848697
775.0,0.004223198518312299
776.0,0.004233710433534913
777.0,0.004250856790788708
778.0,0.004268547069508111
779.0,0.0042827916892438
780.0,0.004296360072938314
781.0,0.004315234114286988
782.0,0.004341180319517338
783.0,0.004369958846543681
784.0,0.004399480437694076
785.0,0.004431720107403588
786.0,0.004456986308452036
787.0,0.004475500044378995
788.0,0.004497728476853325
789.0,0.004529948950001415
790.0,0.004566838468479252
791.0,0.004604259169377558
792.0,0.0046416234278468145
793.0,0.004678490629831704
794.0,0.0047110029324734775
795.0,0.004740228905542228
796.0,0.004772677411359974
797.0,0.004807917124192555
798.0,0.004838035356932257
799.0,0.004866434191088457
800.0,0.004893690200983606
801.0,0.0049178266312087365
802.0,0.004939091343640659
803.0,0.004953955691299354
804.0,0.004966470485935202
805.0,0.004971190380770575
806.0,0.004969231693791972
807.0,0.00496308935767881
808.0,0.004951532226253127
809.0,0.004935629292644855
810.0,0.004916304389001318
811.0,0.004887311653192606
812.0,0.00484196045226039
813.0,0.004792633079963243
814.0,0.0047496116228588564
815.0,0.004704597708098279
816.0,0.0046491862651530675
817.0,0.004589733318789868
818.0,0.004525599378687071
819.0,0.004452904428567209
820.0,0.004370201112931708
821.0,0.004277840099414719
822.0,0.004174095486732743
823.0,0.004056147221409215
824.0,0.003927697195409684
825.0,0.0038069858298973762
826.0,0.0036768049913089894
827.0,0.0035336485942165435
828.0,0.0033970703863427563
829.0,0.0032689257419168858
830.0,0.003149107019564272
831.0,0.00304963293988551
832.0,0.002971805609830783
833.0,0.002898372582642586
834.0,0.0028311430532051264
835.0,0.0027748364417458813
836.0,0.002734358872194414
837.0,0.0027016817129276345
838.0,0.0026717214144552992
839.0,0.002644713773730568
840.0,0.0026199428911007584
841.0,0.0026052524982500425
842.0,0.0025932261786901843
843.0,0.0025717802562880026
844.0,0.00254532028191213
845.0,0.002524818336577048
846.0,0.002520021530857045
847.0,0.002506299438534786
848.0,0.0024866176446350333
849.0,0.002463592521966685
850.0,0.002446352724309879
851.0,0.002435261790896016
852.0,0.002414160081390963
853.0,0.002388154693887979
854.0,0.0023773568566679156
855.0,0.00235696331451419
856.0,0.0023376951919194225
857.0,0.0023300608605626933
858.0,0.0023177601584233485
859.0,0.002300753902264141
860.0,0.002279463231350146
861.0,0.0022723589078138466
862.0,0.002273150181253366
863.0,0.002256721697927555
864.0,0.002236288417513958
865.0,0.0022161915478622033
866.0,0.002196849626112692
867.0,0.0021810888994178014
868.0,0.002178046996172416
869.0,0.002169909967902442
870.0,0.0021562995834593615
871.0,0.0021368270667844933
872.0,0.0021085111203518895
873.0,0.0020824015043434388
874.0,0.0020613616165696203
875.0,0.002047001535403958
876.0,0.00205095120842576
877.0,0.00203513080952003
878.0,0.001997614013708334
879.0,0.001973525669147995
880.0,0.001956604900819872
881.0,0.0019321054017734352
882.0,0.0019171556564510986
883.0,0.001907808414605809
884.0,0.0018950898825175842
885.0,0.0018733898670915323
886.0,0.001843856099336593
887.0,0.0018310614677015107
888.0,0.001814139450350635
889.0,0.0017946721831503007
890.0,0.0017882623990808564
891.0,0.001784131468176411
892.0,0.001756932683198794
893.0,0.0017359591274518297
894.0,0.0017286999453685124
895.0,0.0017081445785385278
896.0,0.0016695180171576163
897.0,0.0016500250676308302
898.0,0.0016379025428841314
899.0,0.001629773914814877
