/begin_header
/west_longitude=UNKNOWN
/south_latitude=NA
/north_latitude=UNKNOWN
/calibration_files=NA
/cruise=NA
/station=NA
/documents=NA
/data_type=NA
/affiliations=NOAA
/experiment=NA
/units=nm,dl
/start_date=2019-10-08
/end_date=NA
/missing=9999
/start_time=10:40:05
/data_file_name=NA
/cloud_percent=NA
/water_depth=NA
/data_status=NA
/east_longitude=NA
/wind_speed=NA
/secchi=NA
/measurement_depth=NA
/fields=wavelength,rrs
/delimiter=comma
/contact=NA
/end_time=NA
/wave_height=NA
/investigators=NA
/end_header@
325.0,0.01004875832165494
326.0,0.009899855299720853
327.0,0.009856833610090553
328.0,0.0098156610129324
329.0,0.009699097655946884
330.0,0.009598254521579634
331.0,0.009585851671166665
332.0,0.009434413501381285
333.0,0.00930977218324058
334.0,0.009429841513871887
335.0,0.009380867502564384
336.0,0.009197597364106722
337.0,0.00920565033496553
338.0,0.009232298524429545
339.0,0.009204331345567201
340.0,0.009139816990613354
341.0,0.009100167107016652
342.0,0.009086212717559295
343.0,0.009052258517433643
344.0,0.008992520540049547
345.0,0.009000270275868654
346.0,0.00899610077651263
347.0,0.008933349133228937
348.0,0.008906494278047253
349.0,0.008901570526863868
350.0,0.008883095092972321
351.0,0.0088904419395344
352.0,0.008898435459450035
353.0,0.008872120517695106
354.0,0.008852117026988104
355.0,0.008863664482130239
356.0,0.008834476631861168
357.0,0.008779880602407107
358.0,0.00874374920127285
359.0,0.0087193971660758
360.0,0.00870266975155845
361.0,0.008661632825949872
362.0,0.008663728536575791
363.0,0.008693670577668967
364.0,0.008644502280139027
365.0,0.008582622485856489
366.0,0.008561122834856032
367.0,0.008564613227976279
368.0,0.00856857817480525
369.0,0.008553063750753298
370.0,0.008540448592581745
371.0,0.008515279566642464
372.0,0.008443310038763679
373.0,0.008396900459815232
374.0,0.008386666115046907
375.0,0.008358684153679274
376.0,0.008324396398425008
377.0,0.008276304690144384
378.0,0.00826437139820885
379.0,0.00827116958051496
380.0,0.008235304429999011
381.0,0.008226006957450998
382.0,0.00823638377726498
383.0,0.008206020147603505
384.0,0.008176366915195014
385.0,0.008182908825046246
386.0,0.008145258496948549
387.0,0.008073760515889632
388.0,0.008071129344628718
389.0,0.008075497979204397
390.0,0.008064680691572823
391.0,0.008045920454523837
392.0,0.008013064174228405
393.0,0.007979351244441515
394.0,0.007959269395164547
395.0,0.007951704457811565
396.0,0.007935063573148268
397.0,0.00790093003756939
398.0,0.007843146736539424
399.0,0.0077868421695929625
400.0,0.007736714315174417
401.0,0.007716450578982825
402.0,0.007688484416601171
403.0,0.007652351963877356
404.0,0.007615561608123369
405.0,0.007583663738872787
406.0,0.007547787340906535
407.0,0.007504247933805874
408.0,0.007455354247934596
409.0,0.007414669293695062
410.0,0.007383664550381526
411.0,0.0073579174153067875
412.0,0.007318662883798735
413.0,0.007283477981867273
414.0,0.007257108162100105
415.0,0.007222843260456804
416.0,0.007204920441021655
417.0,0.007207478471024433
418.0,0.007199623894706952
419.0,0.00717958919899177
420.0,0.007172535407895744
421.0,0.00716536267323292
422.0,0.007152062122172373
423.0,0.007152526545884155
424.0,0.007156631871185111
425.0,0.007128352616680632
426.0,0.007115429998605721
427.0,0.0071201902584959505
428.0,0.007106413587488179
429.0,0.007084694149186069
430.0,0.007065241382557904
431.0,0.00704580268043614
432.0,0.007028701331373922
433.0,0.007018321685498943
434.0,0.007003980458517439
435.0,0.006985774536871307
436.0,0.006988394007803027
437.0,0.007003764948564301
438.0,0.007013833186081619
439.0,0.007031038474430434
440.0,0.007056887839856118
441.0,0.007095006625322959
442.0,0.0071489278494475976
443.0,0.007213302895421027
444.0,0.007271428816078654
445.0,0.0073356074104807155
446.0,0.007414269507544288
447.0,0.007502287648574702
448.0,0.007593534849819489
449.0,0.007680188979405103
450.0,0.0077598552789737985
451.0,0.007833525982221045
452.0,0.007917560002999351
453.0,0.007997802697008043
454.0,0.008065847508517462
455.0,0.008129635458552744
456.0,0.00818788351098893
457.0,0.008228428254204742
458.0,0.008269792099277067
459.0,0.008316280083037992
460.0,0.00836258221024702
461.0,0.00840535760322032
462.0,0.00844527308439099
463.0,0.008488694447033382
464.0,0.008534638714687806
465.0,0.008590399908769657
466.0,0.008652500983982209
467.0,0.008712999610350764
468.0,0.008782002916905531
469.0,0.008857580031095214
470.0,0.008937779532132753
471.0,0.009020697802031664
472.0,0.00910434886531022
473.0,0.0091912295010024
474.0,0.009284067970152052
475.0,0.009380682298714667
476.0,0.009463095568044193
477.0,0.009541566669851785
478.0,0.00963154196709538
479.0,0.009711867936300581
480.0,0.009778653490561662
481.0,0.009845736270888661
482.0,0.009910237796664768
483.0,0.00996330695724221
484.0,0.010018404557821476
485.0,0.010069602156117604
486.0,0.01010404193487614
487.0,0.010139910138157874
488.0,0.010177170503950688
489.0,0.010210650184867845
490.0,0.010238332831140127
491.0,0.0102655159917688
492.0,0.01030892787839925
493.0,0.010369478064612336
494.0,0.010432074616983908
495.0,0.010496931548432866
496.0,0.01057264441732177
497.0,0.010668686838491995
498.0,0.010783355852502194
499.0,0.01091121498760321
500.0,0.01105044283506654
501.0,0.01120082156207074
502.0,0.011374167196895681
503.0,0.011561319607474342
504.0,0.01174825509842322
505.0,0.011945196375179
506.0,0.012151373164849233
507.0,0.01237524667010474
508.0,0.012607002273426598
509.0,0.012842519673931768
510.0,0.013097072729263606
511.0,0.013352332532966213
512.0,0.013595390078100327
513.0,0.013853809523046313
514.0,0.014127254024740271
515.0,0.01440034116808014
516.0,0.014683799179858454
517.0,0.01497112163010655
518.0,0.015243926857612635
519.0,0.015502451170993239
520.0,0.01574577603243058
521.0,0.01597129294615149
522.0,0.016189430077325602
523.0,0.016408108144371665
524.0,0.01661752775161008
525.0,0.016814828637912355
526.0,0.017015990843339598
527.0,0.017213066507270582
528.0,0.01739265365402074
529.0,0.017557282601888703
530.0,0.01770921572654414
531.0,0.017861732200491653
532.0,0.018013939293135117
533.0,0.018167632187755033
534.0,0.018311153608945738
535.0,0.018440859763095334
536.0,0.01856758907187188
537.0,0.018695288335657093
538.0,0.01882052999898337
539.0,0.018942418363544405
540.0,0.019058591117950656
541.0,0.019166930238576015
542.0,0.01926334923483014
543.0,0.019350672489986155
544.0,0.019437868495029258
545.0,0.019520059429658627
546.0,0.019599429600505563
547.0,0.01967179429171494
548.0,0.019737909262368798
549.0,0.01980875856313768
550.0,0.019884626041777084
551.0,0.019963535406128573
552.0,0.02003323310994378
553.0,0.020101704872681335
554.0,0.020175704059443116
555.0,0.020254065968092125
556.0,0.020332646758534762
557.0,0.020393921362070813
558.0,0.020450672246719728
559.0,0.02051079302089264
560.0,0.02055645548977051
561.0,0.02059141941637011
562.0,0.02062877805248942
563.0,0.020656083161830843
564.0,0.02067252313511291
565.0,0.020689361629426473
566.0,0.020707609839766918
567.0,0.020726839698662337
568.0,0.020744032738536623
569.0,0.020761625639215724
570.0,0.02078570623721467
571.0,0.020811034280152744
572.0,0.020838153106368572
573.0,0.020863570496586444
574.0,0.020892777705542993
575.0,0.02093568956092312
576.0,0.02097567547415821
577.0,0.021008388408455404
578.0,0.021039513987043817
579.0,0.02106344870869741
580.0,0.021081553199119245
581.0,0.021093377007872654
582.0,0.021094580245090748
583.0,0.02107426392018701
584.0,0.021055035534966363
585.0,0.021038913177311235
586.0,0.021007986284908374
587.0,0.02097130180155042
588.0,0.020934660842726847
589.0,0.020878774572915728
590.0,0.020798364242353724
591.0,0.020699895239132994
592.0,0.02058477060004959
593.0,0.020442082223283725
594.0,0.020270937744817676
595.0,0.02006291465202628
596.0,0.019799699279967452
597.0,0.01948790244579548
598.0,0.019136288248823595
599.0,0.018762501859444808
600.0,0.01839731612918257
601.0,0.018069424962746758
602.0,0.01778221862326009
603.0,0.017537343906808448
604.0,0.01733229644148552
605.0,0.017148491928539438
606.0,0.016975153903171246
607.0,0.016814941722834757
608.0,0.016660487557959104
609.0,0.016494334840353987
610.0,0.01632432343679825
611.0,0.016155294736214815
612.0,0.015985875794651765
613.0,0.015820640601761214
614.0,0.015665923858380625
615.0,0.01551336657352849
616.0,0.015366889506413961
617.0,0.015224454061255475
618.0,0.015092846790121434
619.0,0.014972628498527185
620.0,0.014867484733607206
621.0,0.014768797051739713
622.0,0.014679605576913113
623.0,0.014595057288580746
624.0,0.014513102777490627
625.0,0.014438386598474443
626.0,0.014374064578043803
627.0,0.014311676189126783
628.0,0.014251486308792066
629.0,0.014190050700957491
630.0,0.014129113105968996
631.0,0.014072965143386221
632.0,0.014026732117340143
633.0,0.013992839872632118
634.0,0.013967917648354453
635.0,0.013951213269686114
636.0,0.0139370072208235
637.0,0.013925732035313835
638.0,0.013917152395758105
639.0,0.013908053193223257
640.0,0.013894792992749932
641.0,0.013875283607749487
642.0,0.013848413780780802
643.0,0.013825539460464756
644.0,0.013789197074421222
645.0,0.013737955369098784
646.0,0.013685112657743012
647.0,0.01360750738592171
648.0,0.01350285352266559
649.0,0.013368696807996707
650.0,0.013204992416876032
651.0,0.013013468486066831
652.0,0.012786992281555679
653.0,0.01252336504446537
654.0,0.012239769442501418
655.0,0.011907244457862228
656.0,0.011514380066831725
657.0,0.011070931369511244
658.0,0.01063568551233978
659.0,0.010251866623036714
660.0,0.009888412517353612
661.0,0.009535653799065659
662.0,0.00921677407896161
663.0,0.008931413237378446
664.0,0.008668270814574396
665.0,0.008448072621369856
666.0,0.00827700318071388
667.0,0.008132747319842572
668.0,0.008033437040157026
669.0,0.007981097775110794
670.0,0.007960286052828995
671.0,0.00797052071997333
672.0,0.008019533546306242
673.0,0.008089444779139796
674.0,0.008179695986106813
675.0,0.008302182918025388
676.0,0.008443944981103436
677.0,0.00859165671589925
678.0,0.008751186541324358
679.0,0.008930362990679513
680.0,0.00912456610520673
681.0,0.009339796211237855
682.0,0.00957985808125043
683.0,0.009832773082913093
684.0,0.01013728167268047
685.0,0.01057132405590391
686.0,0.011103386620567918
687.0,0.01166129631592867
688.0,0.011958254990919338
689.0,0.012122044904475836
690.0,0.012295182183870731
691.0,0.012495196013231647
692.0,0.012722624529424107
693.0,0.012971626359185256
694.0,0.013200659794499317
695.0,0.013383759998039754
696.0,0.013511258007468894
697.0,0.013605441778397776
698.0,0.013681958608761383
699.0,0.01372283823917764
700.0,0.013713144077956124
701.0,0.013639153773105817
702.0,0.013510978596148918
703.0,0.013341451883755833
704.0,0.013143505666763974
705.0,0.012912369847603975
706.0,0.012656322872168991
707.0,0.012380135868618568
708.0,0.0120813711906398
709.0,0.011744125095050694
710.0,0.011382557425287184
711.0,0.011013400080399149
712.0,0.010631470826863056
713.0,0.010245982357904354
714.0,0.009875515682822552
715.0,0.009525796129137487
716.0,0.009188328560002144
717.0,0.008872368920155648
718.0,0.008527836714745659
719.0,0.008145445061276577
720.0,0.007761598509078725
721.0,0.0074129138624035185
722.0,0.007108996559465222
723.0,0.006827563285321495
724.0,0.006555171059039277
725.0,0.006260496506388977
726.0,0.00596255458608754
727.0,0.0056780427278742655
728.0,0.005382231079700156
729.0,0.005078517563980667
730.0,0.004783132464871656
731.0,0.004500536089506512
732.0,0.0042490753715190704
733.0,0.004046088618720451
734.0,0.003881376221300148
735.0,0.003745743143748405
736.0,0.003639577811694039
737.0,0.003556998935738542
738.0,0.003479578591984078
739.0,0.0034221047531008187
740.0,0.003388737238463091
741.0,0.0033553673202139185
742.0,0.0033240563676348077
743.0,0.003302471621107706
744.0,0.0032804230903654744
745.0,0.0032502686282010265
746.0,0.0032267792150552873
747.0,0.0032121722059744603
748.0,0.0031924631587210593
749.0,0.00317570467244658
750.0,0.0031591601313799137
751.0,0.0031364902889951677
752.0,0.0031157768058652745
753.0,0.003092160372980305
754.0,0.0030761100298276603
755.0,0.003061681381951875
756.0,0.0030500992612024227
757.0,0.003050641441347326
758.0,0.003070104677084708
759.0,0.003142444165158044
760.0,0.003242234347784615
761.0,0.003260638936915058
762.0,0.00321236040871752
763.0,0.003134328098963137
764.0,0.0030718281028176983
765.0,0.0030166448127908734
766.0,0.0029687185545405692
767.0,0.002941701461445286
768.0,0.0029276952143504845
769.0,0.0029213160454036402
770.0,0.0029118593641433072
771.0,0.002901752212221716
772.0,0.0029102812832456685
773.0,0.002917054126846493
774.0,0.002914582383741348
775.0,0.0029230712967353726
776.0,0.002934079548607387
777.0,0.0029443406638630897
778.0,0.0029509566360722333
779.0,0.0029538617014222444
780.0,0.0029570111838857155
781.0,0.0029638066751611443
782.0,0.0029780672483214407
783.0,0.002998791064250733
784.0,0.0030147306946752698
785.0,0.003032727654264901
786.0,0.0030538629520894334
787.0,0.003076841507039848
788.0,0.0030955186757565477
789.0,0.0031126012388523394
790.0,0.003127415681290073
791.0,0.003160349557745392
792.0,0.003200686682997357
793.0,0.003213013056134787
794.0,0.00323311319788617
795.0,0.003266895655210821
796.0,0.0032872895229693762
797.0,0.003306890652148563
798.0,0.0033276524094291125
799.0,0.0033500233783316674
800.0,0.0033689852615118947
801.0,0.0033819229438587263
802.0,0.003398429855536874
803.0,0.0034240942949438505
804.0,0.0034360396829300156
805.0,0.003437012921270245
806.0,0.0034359802807209135
807.0,0.003440164671297364
808.0,0.003445835670037524
809.0,0.003427487976826523
810.0,0.0034096270833829045
811.0,0.0033931394429090613
812.0,0.0033663384574710636
813.0,0.003342094614111794
814.0,0.003309977384926875
815.0,0.0032767256532847287
816.0,0.003241531598144268
817.0,0.003206564138839385
818.0,0.0031631355464956227
819.0,0.0031145379954587117
820.0,0.0030575634253260852
821.0,0.0029919639337772762
822.0,0.002935073441304113
823.0,0.002864897937328121
824.0,0.0027702869592491275
825.0,0.0026407350778868
826.0,0.002531928779703159
827.0,0.0024540946490272364
828.0,0.0023531895672587815
829.0,0.0022395198699418184
830.0,0.0021510404957946934
831.0,0.0020924617259029553
832.0,0.0020434491911530124
833.0,0.001970695191812306
834.0,0.0019151714355249527
835.0,0.0018841076907701534
836.0,0.0018527268233279246
837.0,0.0018208524291411059
838.0,0.0018021244617953303
839.0,0.0017847194860697983
840.0,0.0017651312060510051
841.0,0.0017333925535270346
842.0,0.0017119017773995048
843.0,0.0017063748197908928
844.0,0.0016914607940099497
845.0,0.0016668657657227081
846.0,0.0016492557328744856
847.0,0.0016441816102957362
848.0,0.0016369419288036798
849.0,0.001617247554377426
850.0,0.0016030237942860556
851.0,0.0015889185340049665
852.0,0.001577019845431885
853.0,0.0015620809133127381
854.0,0.001526187991837457
855.0,0.001518767241538726
856.0,0.0015165274459975962
857.0,0.0014754927135360624
858.0,0.0014571739238418524
859.0,0.0014705929601271435
860.0,0.0014622188113516178
861.0,0.0014475249947504196
862.0,0.0014448574763119535
863.0,0.0014065553495473519
864.0,0.0013699078036476116
865.0,0.0013944927237131272
866.0,0.0013861956429392455
867.0,0.0013461365964685334
868.0,0.0013539105112626497
869.0,0.001350355416845321
870.0,0.0013184231497177794
871.0,0.001308090808325095
872.0,0.0013001761067941817
873.0,0.0012826922212281554
874.0,0.0012772385881899013
875.0,0.0012706053122638686
876.0,0.001251306720439631
877.0,0.0012305821195526564
878.0,0.0012354098194664413
879.0,0.0012358354324668644
880.0,0.0012261105900165368
881.0,0.0012056896695966047
882.0,0.0011729838979662392
883.0,0.0011492756571400964
884.0,0.0011733455129323777
885.0,0.0011593306541535283
886.0,0.0010978935887000084
887.0,0.0011020582086149057
888.0,0.0011017832577038319
889.0,0.0010582546021920029
890.0,0.0010471284911982106
891.0,0.0010571795815182117
892.0,0.0010673613526041383
893.0,0.0010663374888537944
894.0,0.00104784586179638
895.0,0.0010083975798306263
896.0,0.000962090094372628
897.0,0.0009285602003602343
898.0,0.0009594069127028815
899.0,0.0009964661845265343
