/begin_header
/west_longitude=UNKNOWN
/south_latitude=NA
/north_latitude=UNKNOWN
/calibration_files=NA
/cruise=NA
/station=NA
/documents=NA
/data_type=NA
/affiliations=NOAA
/experiment=NA
/units=nm,dl
/start_date=2019-08-01
/end_date=NA
/missing=9999
/start_time=13:18:35
/data_file_name=NA
/cloud_percent=NA
/water_depth=NA
/data_status=NA
/east_longitude=NA
/wind_speed=NA
/secchi=NA
/measurement_depth=NA
/fields=wavelength,rrs
/delimiter=comma
/contact=NA
/end_time=NA
/wave_height=NA
/investigators=NA
/end_header@
325.0,0.02519810494660723
326.0,0.02511118623612264
327.0,0.025030138188469643
328.0,0.024947220632529195
329.0,0.024839664438775846
330.0,0.024713972070407528
331.0,0.02459556970151225
332.0,0.024486761545574817
333.0,0.024375694697031824
334.0,0.024256949093008386
335.0,0.024117874156456172
336.0,0.023960167624085253
337.0,0.023775722004161604
338.0,0.023608360330801853
339.0,0.02346151199710273
340.0,0.0233181166947151
341.0,0.023182710271311677
342.0,0.02302477691819679
343.0,0.022868376489559424
344.0,0.022729273983188143
345.0,0.022594930303801407
346.0,0.022457345138557922
347.0,0.022304270601898796
348.0,0.022174163084061005
349.0,0.022041097229946984
350.0,0.021876444561282647
351.0,0.021754291784125017
352.0,0.021644991819147093
353.0,0.021537846864896043
354.0,0.02140951974116321
355.0,0.021263196229078678
356.0,0.02113483288874319
357.0,0.021025481539727862
358.0,0.02092794163448239
359.0,0.020767030500267503
360.0,0.020586942446650536
361.0,0.020478630820426273
362.0,0.02036434450010229
363.0,0.020231331206471546
364.0,0.020101575890847358
365.0,0.01998521473560342
366.0,0.019883292203861126
367.0,0.01977656811919292
368.0,0.01966140869846913
369.0,0.0195573218515102
370.0,0.01945384162293578
371.0,0.01934365103673518
372.0,0.01922559140104255
373.0,0.019095035608409614
374.0,0.018964857776338318
375.0,0.018832470779554737
376.0,0.018703842569373512
377.0,0.018585183735521527
378.0,0.0184709275188903
379.0,0.018360120653176236
380.0,0.018260392819331374
381.0,0.018160839438070894
382.0,0.01806553676565009
383.0,0.017965775482477138
384.0,0.01786256900396053
385.0,0.0177456955710148
386.0,0.01762643281492318
387.0,0.017513173478537817
388.0,0.01743855500391695
389.0,0.017355029712401545
390.0,0.017250811074132517
391.0,0.01717102181788877
392.0,0.017095433712870735
393.0,0.01700345920187381
394.0,0.01689683071606175
395.0,0.01678566426342157
396.0,0.016675838423889887
397.0,0.0165564442719439
398.0,0.016432357890573335
399.0,0.016336889573220433
400.0,0.01625145303754949
401.0,0.016162709278945024
402.0,0.016083271901710057
403.0,0.016009824621587256
404.0,0.015922274081791733
405.0,0.015831256404524426
406.0,0.015737135344999445
407.0,0.015639715459295708
408.0,0.01554102531241196
409.0,0.01544197719260674
410.0,0.01534569599935968
411.0,0.01525215190186012
412.0,0.015160934499036303
413.0,0.015075650445650157
414.0,0.01499523408440102
415.0,0.014920107324408141
416.0,0.014849584907960994
417.0,0.014778478270762101
418.0,0.014711171363565104
419.0,0.014645538113176126
420.0,0.014576109194496863
421.0,0.01451152988168244
422.0,0.014452098833650054
423.0,0.01439048289139228
424.0,0.014327920447152392
425.0,0.014274977523329995
426.0,0.014221023989348418
427.0,0.01416411009150135
428.0,0.014104441078074676
429.0,0.014036212363981154
430.0,0.013960890797554016
431.0,0.01388385483615549
432.0,0.013810290134339778
433.0,0.013737052371509384
434.0,0.013669067258811122
435.0,0.013611668438881702
436.0,0.013565639935176985
437.0,0.013521624562628034
438.0,0.013482681573174856
439.0,0.013451916892150442
440.0,0.013427820006335791
441.0,0.013406989392915309
442.0,0.013392492678200914
443.0,0.01338968711364134
444.0,0.013403167103245184
445.0,0.013425877254103538
446.0,0.013450210857782322
447.0,0.013481765548590211
448.0,0.013516207738869612
449.0,0.013547711096682024
450.0,0.013582535235798379
451.0,0.013623129101926012
452.0,0.013657751816064465
453.0,0.013690307587297033
454.0,0.013721326820300417
455.0,0.013741607005807477
456.0,0.0137539495964084
457.0,0.013762992543436544
458.0,0.013767428292084171
459.0,0.0137717083186201
460.0,0.013773538728956564
461.0,0.013776175307153754
462.0,0.013785661194459245
463.0,0.013796255367958806
464.0,0.013805806814756336
465.0,0.013813442409704677
466.0,0.01382213051899064
467.0,0.013832536032431985
468.0,0.013843588161137238
469.0,0.013855512509481721
470.0,0.013868445684504488
471.0,0.013885615037226653
472.0,0.013904953801208911
473.0,0.013915368052649715
474.0,0.013930334166405042
475.0,0.013954399329931916
476.0,0.013973341118335644
477.0,0.013987218186706642
478.0,0.014005944858902506
479.0,0.01402475503134295
480.0,0.014045855331157356
481.0,0.01408082611419265
482.0,0.014118431607421772
483.0,0.014142486747446304
484.0,0.014170163576786816
485.0,0.014202540571946354
486.0,0.014235721997752823
487.0,0.01426280436235526
488.0,0.014285713987353624
489.0,0.014311512153308153
490.0,0.014342846946968756
491.0,0.014385581839639592
492.0,0.014435931212127318
493.0,0.014494310251857026
494.0,0.014562151014102732
495.0,0.014639751425761321
496.0,0.014726601187024268
497.0,0.014823116575953265
498.0,0.014935392129857524
499.0,0.015068132415115315
500.0,0.015205489301229145
501.0,0.015347024306428389
502.0,0.015503937965996306
503.0,0.015670635213252897
504.0,0.015848942443360943
505.0,0.01603906635896558
506.0,0.016239377802353166
507.0,0.016452514207908074
508.0,0.01667668651509354
509.0,0.016911205857800555
510.0,0.017152260281697224
511.0,0.01740325415772764
512.0,0.017662812126628943
513.0,0.01793272983042126
514.0,0.018216089360867774
515.0,0.018507055144973188
516.0,0.018812218597873603
517.0,0.019129962622984407
518.0,0.019445172408947425
519.0,0.01975315738790502
520.0,0.02005438305401825
521.0,0.020354240277212166
522.0,0.020656799996213532
523.0,0.020960667336505465
524.0,0.021268610914825133
525.0,0.02157504600790209
526.0,0.021887077658341553
527.0,0.02220212427922948
528.0,0.022508116457479785
529.0,0.02279805600023279
530.0,0.023076815114511207
531.0,0.02336794336197781
532.0,0.023662777858421746
533.0,0.023946438085184575
534.0,0.02422695399689396
535.0,0.02450216560115235
536.0,0.024770749446241986
537.0,0.025034309608106216
538.0,0.025293630370032592
539.0,0.025545439028152882
540.0,0.02578885547242212
541.0,0.02602486300865776
542.0,0.02624922982059133
543.0,0.02646022179798326
544.0,0.026660693957319292
545.0,0.0268543362790975
546.0,0.027040054029053656
547.0,0.027211163385475058
548.0,0.027372122641915693
549.0,0.02752580540930768
550.0,0.027675238707882566
551.0,0.02782302233030718
552.0,0.027961234776715645
553.0,0.028087776045618608
554.0,0.028204728629984754
555.0,0.02830679541381359
556.0,0.02839584089924555
557.0,0.0284781425901575
558.0,0.02854829996484669
559.0,0.02860308316760158
560.0,0.02864135973757816
561.0,0.028663707875067095
562.0,0.0286732379949211
563.0,0.028670793509404602
564.0,0.028656022442846686
565.0,0.02862309917388544
566.0,0.028577063650568273
567.0,0.028521416640887132
568.0,0.028451909125116297
569.0,0.02836900251549527
570.0,0.028275770409948164
571.0,0.028168767077101153
572.0,0.028050325104697304
573.0,0.027936990461490348
574.0,0.027825118554776235
575.0,0.02770838151964573
576.0,0.02758089336819187
577.0,0.027439687279501544
578.0,0.02727937756463459
579.0,0.02710985582044299
580.0,0.026936089074070257
581.0,0.026753857887771466
582.0,0.02656209721060892
583.0,0.02635770427563137
584.0,0.026141634853194273
585.0,0.02591408340853397
586.0,0.025677630935358936
587.0,0.025434208110798932
588.0,0.025179595875407614
589.0,0.024919852497495242
590.0,0.02466195684685605
591.0,0.024413159415945983
592.0,0.024162589569811845
593.0,0.023893596476249793
594.0,0.02359960854971644
595.0,0.02327493977887666
596.0,0.0229204242594189
597.0,0.02252874741988408
598.0,0.022106458136631618
599.0,0.021676004122556176
600.0,0.021265646447361883
601.0,0.020899293124669684
602.0,0.020585956017830104
603.0,0.020328300468216817
604.0,0.020120233025581566
605.0,0.01994062076067415
606.0,0.019775931100561986
607.0,0.01961869699472857
608.0,0.019460815747761963
609.0,0.01929957060476998
610.0,0.01913399193005921
611.0,0.01896735995735201
612.0,0.018808830779932735
613.0,0.018655614255553846
614.0,0.018504637338927023
615.0,0.018354887323216468
616.0,0.018204596312892875
617.0,0.01805499535203901
618.0,0.017920995955317424
619.0,0.017806595484518364
620.0,0.01770122133298213
621.0,0.017602386467179168
622.0,0.01751237616444206
623.0,0.017430345720652947
624.0,0.017354663930934308
625.0,0.017287971555263928
626.0,0.01722647212310342
627.0,0.017165342961953704
628.0,0.017111475200064126
629.0,0.017066412680086167
630.0,0.017040165291726327
631.0,0.017017032883478864
632.0,0.016996510765251518
633.0,0.01699195838379865
634.0,0.016992828551349533
635.0,0.01699196407629363
636.0,0.01699778335709832
637.0,0.017009345823177795
638.0,0.017029563454575167
639.0,0.017046949313239496
640.0,0.01705434363221024
641.0,0.017049840206493038
642.0,0.017038913361112698
643.0,0.017024474439214437
644.0,0.01699221119393029
645.0,0.016941458625831348
646.0,0.016879023350725095
647.0,0.016813126339505765
648.0,0.016742854076086174
649.0,0.01665937170966322
650.0,0.016550535396906714
651.0,0.01640615890774114
652.0,0.01623112468304584
653.0,0.01602717439646429
654.0,0.015810592758299078
655.0,0.015527492250940661
656.0,0.015145339020234728
657.0,0.0147008946484014
658.0,0.01425777623307326
659.0,0.013843545391063961
660.0,0.013441994969316983
661.0,0.013056820229287211
662.0,0.012698049364197526
663.0,0.012359142265597665
664.0,0.012038019944917887
665.0,0.011753528300855003
666.0,0.011510160416332344
667.0,0.01129833356237517
668.0,0.01112092025037995
669.0,0.010984998713708196
670.0,0.010893702824854832
671.0,0.01083593072001034
672.0,0.010797175479650013
673.0,0.010784600824878785
674.0,0.010797938321282024
675.0,0.010826669864147345
676.0,0.010876760803500075
677.0,0.010951111408198428
678.0,0.011049239249967743
679.0,0.011172192890479982
680.0,0.011327959968993684
681.0,0.011519750278327889
682.0,0.011748636138613768
683.0,0.012017166642994594
684.0,0.012338878447793166
685.0,0.012751347421936423
686.0,0.013226113338973014
687.0,0.013715298613675719
688.0,0.014077043799947819
689.0,0.014385627663260717
690.0,0.014725546195232728
691.0,0.015056356727735056
692.0,0.015384679612310465
693.0,0.015727215387541554
694.0,0.01604661683980659
695.0,0.016321685141622345
696.0,0.016554216683370974
697.0,0.016730994845191603
698.0,0.016842526892991937
699.0,0.016885056911997598
700.0,0.016859893944231884
701.0,0.016788492687840124
702.0,0.01666079897452508
703.0,0.016477646310825586
704.0,0.01624588878161546
705.0,0.015974825892034448
706.0,0.01567045145753936
707.0,0.01532358942091119
708.0,0.014938281843300044
709.0,0.014519255574649406
710.0,0.014074289897399797
711.0,0.013608504308694697
712.0,0.013116710471986823
713.0,0.012609912235966558
714.0,0.012102656406317913
715.0,0.011603584265229817
716.0,0.011103519992692306
717.0,0.010614730219312583
718.0,0.010129750662408236
719.0,0.009677453919082616
720.0,0.009269769409312742
721.0,0.008904278482111349
722.0,0.008540668225196103
723.0,0.008168481937459974
724.0,0.007792009397525726
725.0,0.007429992148848245
726.0,0.007084729932827559
727.0,0.00674239926862325
728.0,0.006391206534739511
729.0,0.006040048555068972
730.0,0.0057084380258168145
731.0,0.005406233105217181
732.0,0.005140633172266222
733.0,0.004915496079512285
734.0,0.004731502138783318
735.0,0.004580305049281043
736.0,0.004457874143754824
737.0,0.0043638263864486364
738.0,0.004290784261329821
739.0,0.004233193125168323
740.0,0.004192598180702203
741.0,0.004157554953265727
742.0,0.004123849482414503
743.0,0.004092674419115202
744.0,0.004072435115557527
745.0,0.00405649775596971
746.0,0.0040380711688194695
747.0,0.0040198511584545234
748.0,0.003998108504284682
749.0,0.003980937369740461
750.0,0.003969490749840749
751.0,0.003950176561138498
752.0,0.003926874950308782
753.0,0.0039067743873377695
754.0,0.003891761825864256
755.0,0.0038794967332663973
756.0,0.003864230869727364
757.0,0.003852191562895467
758.0,0.003839350256514826
759.0,0.0038159643034536075
760.0,0.003777595198064438
761.0,0.00373211291281021
762.0,0.0036731031133609266
763.0,0.0036309746486456276
764.0,0.003637966423452756
765.0,0.0036513876038351397
766.0,0.0036648533327136414
767.0,0.003686791511631372
768.0,0.0037082030894114463
769.0,0.0037164015594260457
770.0,0.0037199291990571886
771.0,0.003723003724412243
772.0,0.0037290631366276076
773.0,0.0037358784752947135
774.0,0.003739103330496425
775.0,0.003745490633976234
776.0,0.0037551676072198324
777.0,0.0037731838279171986
778.0,0.0037853384935583904
779.0,0.0037930381703791807
780.0,0.0038059520604365417
781.0,0.003824953932494545
782.0,0.0038468427692592753
783.0,0.003867553880606286
784.0,0.003883036154234594
785.0,0.0038999204860355923
786.0,0.003914856452642098
787.0,0.003930404139059622
788.0,0.003947940746442874
789.0,0.003969393608716307
790.0,0.003999469441663878
791.0,0.0040303754659207726
792.0,0.004063846824708548
793.0,0.004101674808374851
794.0,0.004131482964755497
795.0,0.004154324524018584
796.0,0.004182607340257349
797.0,0.004209068114094149
798.0,0.004232433950225639
799.0,0.004254963395140099
800.0,0.004274608896432279
801.0,0.004291366814108077
802.0,0.0043053241313237645
803.0,0.004321203386737351
804.0,0.004323571152244882
805.0,0.004324775659340259
806.0,0.004337091223598766
807.0,0.0043332283877113905
808.0,0.004306756531454257
809.0,0.004270162108500452
810.0,0.004234479009519862
811.0,0.004202398225930048
812.0,0.004153996942044559
813.0,0.004095566412693074
814.0,0.004033797211607748
815.0,0.003974173945724622
816.0,0.003922324897631941
817.0,0.003875771091534959
818.0,0.003823090199327373
819.0,0.003757968117457581
820.0,0.003687453531690141
821.0,0.0036033199978801602
822.0,0.003503554827217572
823.0,0.003391108268454937
824.0,0.003271792201375758
825.0,0.0031604945759287164
826.0,0.0030448523780435954
827.0,0.0029220281501521578
828.0,0.0027903504128421507
829.0,0.0026625715658992527
830.0,0.002553279253320359
831.0,0.0024621905803420023
832.0,0.002387670665057232
833.0,0.0023265651914555477
834.0,0.0022765170402912933
835.0,0.0022307304779689264
836.0,0.0021904665897538316
837.0,0.0021559474748002678
838.0,0.002137055309343945
839.0,0.0021295454652455023
840.0,0.00212016214771265
841.0,0.0020930949597956225
842.0,0.0020584546700644956
843.0,0.0020258160529851386
844.0,0.0020116912992511372
845.0,0.0020043362078291543
846.0,0.0019986630274328367
847.0,0.001975428622491414
848.0,0.0019432198952147074
849.0,0.0019499277098415449
850.0,0.0019380437911641099
851.0,0.0019001081532961917
852.0,0.0018831554276035455
853.0,0.0018742606643811894
854.0,0.0018670118901570824
855.0,0.0018384756540193348
856.0,0.0018143505908326495
857.0,0.001811024401671042
858.0,0.0017995084637383641
859.0,0.0017839581114094786
860.0,0.0017853086146595698
861.0,0.0017760203248864282
862.0,0.0017520245263187065
863.0,0.0017322617237829595
864.0,0.001719590836741601
865.0,0.0017100379335781902
866.0,0.0016972421764200247
867.0,0.0016761329607339955
868.0,0.0016655463986684719
869.0,0.0016523895849541279
870.0,0.0016328218460174918
871.0,0.0016102536718938499
872.0,0.0015840781314123368
873.0,0.0015614846572930513
874.0,0.001552051133757845
875.0,0.001543964623577153
876.0,0.001516764249467124
877.0,0.0014897920422861483
878.0,0.0014698067640374734
879.0,0.0014462583602448211
880.0,0.001426879563473853
881.0,0.0014074254407044785
882.0,0.0013776646259326382
883.0,0.001346842501080304
884.0,0.0013384804784531408
885.0,0.001321720041086861
886.0,0.0013082881240132481
887.0,0.0012951921006545968
888.0,0.0012744085617826626
889.0,0.0012439242097913154
890.0,0.0012173552116195193
891.0,0.0011976036776464181
892.0,0.001173058610460072
893.0,0.0011495322307287872
894.0,0.0011200580645446092
895.0,0.0010880493522847539
896.0,0.0010562471592383382
897.0,0.0010334655948314364
898.0,0.0010166768633798008
899.0,0.0010095755286990732
