/begin_header
/west_longitude=UNKNOWN
/south_latitude=NA
/north_latitude=UNKNOWN
/calibration_files=NA
/cruise=NA
/station=NA
/documents=NA
/data_type=NA
/affiliations=NOAA
/experiment=NA
/units=nm,dl
/start_date=2019-10-08
/end_date=NA
/missing=9999
/start_time=12:10:06
/data_file_name=NA
/cloud_percent=NA
/water_depth=NA
/data_status=NA
/east_longitude=NA
/wind_speed=NA
/secchi=NA
/measurement_depth=NA
/fields=wavelength,rrs
/delimiter=comma
/contact=NA
/end_time=NA
/wave_height=NA
/investigators=NA
/end_header@
325.0,0.00010000000000000002
326.0,0.00010000000000000002
327.0,0.00010000000000000002
328.0,0.00010000000000000002
329.0,0.00010000000000000002
330.0,0.00010000000000000002
331.0,0.00010000000000000002
332.0,0.00010000000000000002
333.0,0.00010000000000000002
334.0,0.00010000000000000002
335.0,0.00010000000000000002
336.0,0.00010000000000000002
337.0,0.00010000000000000002
338.0,0.00010000000000000002
339.0,0.00010000000000000002
340.0,0.00010000000000000002
341.0,0.00010000000000000002
342.0,0.00010000000000000002
343.0,0.00010000000000000002
344.0,0.00010000000000000002
345.0,0.00010000000000000002
346.0,0.00010000000000000002
347.0,0.00010000000000000002
348.0,0.00010000000000000002
349.0,0.00010000000000000002
350.0,0.00010000000000000002
351.0,0.00010000000000000002
352.0,0.00010000000000000002
353.0,0.00010000000000000002
354.0,0.00010000000000000002
355.0,0.00010000000000000002
356.0,0.00010000000000000002
357.0,0.00010000000000000002
358.0,0.00010000000000000002
359.0,0.00010000000000000002
360.0,0.00010000000000000002
361.0,0.00010000000000000002
362.0,0.00010000000000000002
363.0,0.00010000000000000002
364.0,0.00010000000000000002
365.0,0.00010000000000000002
366.0,0.00010000000000000002
367.0,0.00010000000000000002
368.0,0.00010000000000000002
369.0,0.00010000000000000002
370.0,0.00010000000000000002
371.0,0.00010000000000000002
372.0,0.00010000000000000002
373.0,0.00010000000000000002
374.0,0.00010000000000000002
375.0,0.00010000000000000002
376.0,0.00010000000000000002
377.0,0.00010000000000000002
378.0,0.00010000000000000002
379.0,0.00010000000000000002
380.0,0.00010000000000000002
381.0,0.00010000000000000002
382.0,0.00010000000000000002
383.0,0.00010000000000000002
384.0,0.00010000000000000002
385.0,0.00010000000000000002
386.0,0.00010000000000000002
387.0,0.00010000000000000002
388.0,0.00010000000000000002
389.0,0.00010000000000000002
390.0,0.00010000000000000002
391.0,0.00010000000000000002
392.0,0.00010000000000000002
393.0,0.00010000000000000002
394.0,0.00010000000000000002
395.0,0.00010000000000000002
396.0,0.00010000000000000002
397.0,0.00010000000000000002
398.0,0.00010000000000000002
399.0,0.00010000000000000002
400.0,0.00010000000000000002
401.0,0.00010000000000000002
402.0,9.045252561887692e-05
403.0,6.180247131702416e-05
404.0,0.0001482998319743219
405.0,0.0002362258864063627
406.0,0.0003071757668914784
407.0,0.0003705792451294687
408.0,0.0004401113837110502
409.0,0.0005072926126916287
410.0,0.000568284126291149
411.0,0.0006317059029197691
412.0,0.0007068000304390422
413.0,0.0007845149063080215
414.0,0.0008628865919592403
415.0,0.0009398541815940525
416.0,0.0010192796375237542
417.0,0.0010998840769286746
418.0,0.0011780972260624666
419.0,0.0012548220556135648
420.0,0.00133759204432384
421.0,0.0014213384100167186
422.0,0.0015027746685422438
423.0,0.0015897768380713846
424.0,0.0016771158590349294
425.0,0.001754662049232514
426.0,0.0018237959917125194
427.0,0.0018919490853791746
428.0,0.0019739739526706606
429.0,0.0020621871656201435
430.0,0.0021377771223885407
431.0,0.002213243734041324
432.0,0.0022840704138530864
433.0,0.0023427470125996033
434.0,0.002406635148411991
435.0,0.0024777336760968614
436.0,0.002541957666871174
437.0,0.0026187333314298808
438.0,0.002710490064302222
439.0,0.0028071803568057016
440.0,0.002906232636328092
441.0,0.0030131152212644436
442.0,0.0031115684647193944
443.0,0.00320574899884304
444.0,0.0033246461235761082
445.0,0.003449455109547582
446.0,0.0035785659453821186
447.0,0.003718292019469746
448.0,0.0038581318589502867
449.0,0.003984974717599919
450.0,0.004113182741118218
451.0,0.004246784166425549
452.0,0.0043781750913855335
453.0,0.004505596430528308
454.0,0.004632648150552089
455.0,0.004745784462396508
456.0,0.0048515726988846795
457.0,0.004964792384986299
458.0,0.0050738963873471375
459.0,0.005179573360623341
460.0,0.005273636738520339
461.0,0.0053673618224524084
462.0,0.005470376259291397
463.0,0.005569430653976677
464.0,0.005662602086921492
465.0,0.005762244244046139
466.0,0.0058693730009614
467.0,0.0059787845303969755
468.0,0.006088080231684575
469.0,0.006195133063934791
470.0,0.006307197060943279
471.0,0.006426382047161014
472.0,0.0065477233701592835
473.0,0.0066596775042263665
474.0,0.006772378695236676
475.0,0.006887636944288347
476.0,0.006993413130912357
477.0,0.007090372610778178
478.0,0.007191223395279782
479.0,0.0072841080612062
480.0,0.00736456932414131
481.0,0.007442799530224481
482.0,0.007524320960652878
483.0,0.007612158474026272
484.0,0.007699594041882449
485.0,0.00778358080639269
486.0,0.007855608161416667
487.0,0.007926865598404161
488.0,0.00800172873530816
489.0,0.008068475945403619
490.0,0.008142253207943487
491.0,0.008239302252991186
492.0,0.008333445562030512
493.0,0.008424185227718728
494.0,0.008529928846542703
495.0,0.008638359403253873
496.0,0.008750033903699068
497.0,0.008877591871932383
498.0,0.009014946713038022
499.0,0.009162000332430292
500.0,0.009321897205380627
501.0,0.009491625678360765
502.0,0.00966147480535505
503.0,0.009836465874249436
504.0,0.010017296098652208
505.0,0.010196349975139707
506.0,0.010385066943578162
507.0,0.010597810727165358
508.0,0.010805476397398801
509.0,0.011001808568838428
510.0,0.011218546889064375
511.0,0.011441314576072264
512.0,0.011664669052591892
513.0,0.011890244923458271
514.0,0.012122386602889616
515.0,0.012365441490150678
516.0,0.012617722414967966
517.0,0.012876291416085992
518.0,0.013122213888323794
519.0,0.013361577626537696
520.0,0.013615435157294043
521.0,0.013863208735496443
522.0,0.014102307139375223
523.0,0.01434408106713218
524.0,0.014587969981230747
525.0,0.014827933212338407
526.0,0.015077872592986393
527.0,0.015331928590680577
528.0,0.015572187246509609
529.0,0.015800774066337158
530.0,0.01602638908245479
531.0,0.016259122388029856
532.0,0.016491714041271956
533.0,0.016722535422484856
534.0,0.016951318875441188
535.0,0.017172367648551422
536.0,0.017391688452783757
537.0,0.017611870201276972
538.0,0.017832242365272973
539.0,0.018052221940110674
540.0,0.018272193294360167
541.0,0.018487291017151814
542.0,0.018694977593415728
543.0,0.018893005921230596
544.0,0.01909140947210778
545.0,0.019289738174162064
546.0,0.01948175590154398
547.0,0.0196670506765878
548.0,0.01985092197917282
549.0,0.020033437259873266
550.0,0.020212957925296853
551.0,0.02039086180737281
552.0,0.020565962684204152
553.0,0.020738160763442058
554.0,0.020910473921512712
555.0,0.02107901465936498
556.0,0.02124051895285237
557.0,0.021387929824819338
558.0,0.02152032230476243
559.0,0.021639924113638714
560.0,0.02174676269700049
561.0,0.02184274825414577
562.0,0.021926815322619482
563.0,0.021997974122113108
564.0,0.022058783979699133
565.0,0.022106586840689082
566.0,0.022139163996511235
567.0,0.022156718248218868
568.0,0.022153605477739025
569.0,0.02213212481763188
570.0,0.022094724055583666
571.0,0.022039633783526098
572.0,0.021970006022739158
573.0,0.02189834513103462
574.0,0.02181550932431888
575.0,0.021711455193809716
576.0,0.021590787922917548
577.0,0.021453578110348974
578.0,0.021299188285824115
579.0,0.021126869456743275
580.0,0.020933363096144884
581.0,0.02073822887531318
582.0,0.020539323341415446
583.0,0.02032925175372241
584.0,0.02012167066965253
585.0,0.01992162201717464
586.0,0.01972861794745184
587.0,0.019544081658786443
588.0,0.019365663834392626
589.0,0.01916214828603118
590.0,0.018942265889936315
591.0,0.018734689004130663
592.0,0.018526313625893482
593.0,0.018306576736354448
594.0,0.01806243067307357
595.0,0.017787493489591848
596.0,0.017470170803181265
597.0,0.017132140642108072
598.0,0.01678307391280969
599.0,0.01642589068915255
600.0,0.01608712062263102
601.0,0.015786861268478496
602.0,0.01552992729021897
603.0,0.015315390707632891
604.0,0.01514292624490593
605.0,0.015000339804364462
606.0,0.014873692414239751
607.0,0.014747215890429238
608.0,0.01462487459044878
609.0,0.014507274397851568
610.0,0.014390733339362815
611.0,0.014275495909504245
612.0,0.014158216094725751
613.0,0.014041221546573907
614.0,0.013928191081072397
615.0,0.013827905044639177
616.0,0.013737003298083847
617.0,0.013641569511553087
618.0,0.013552930702317995
619.0,0.0134777793853784
620.0,0.013423981723519666
621.0,0.01338036966466794
622.0,0.013339046112291728
623.0,0.013305721133929674
624.0,0.013278815950381054
625.0,0.013248307744222646
626.0,0.01323834796032743
627.0,0.013246113989654062
628.0,0.013224673378908678
629.0,0.013186503355759886
630.0,0.013160185279726783
631.0,0.013124471972163706
632.0,0.013080836383261468
633.0,0.013062149684235694
634.0,0.0130550640110428
635.0,0.013050648072573875
636.0,0.013051033662693173
637.0,0.013054717336330308
638.0,0.01305985184758697
639.0,0.013062710243778525
640.0,0.013067789578959604
641.0,0.01306407314542147
642.0,0.013056374156930412
643.0,0.013050453685811415
644.0,0.013034375454000718
645.0,0.013008373507758714
646.0,0.012984497354318694
647.0,0.01294042138263228
648.0,0.01286114796681367
649.0,0.01276338372625149
650.0,0.012650416008885617
651.0,0.012515891426710276
652.0,0.012366764304496477
653.0,0.012208154598081115
654.0,0.012045269852163887
655.0,0.011829826187389219
656.0,0.011544922067507212
657.0,0.011240717905953632
658.0,0.010955084629436618
659.0,0.010695723848011084
660.0,0.010447234987049464
661.0,0.010206435358249475
662.0,0.00998849703528897
663.0,0.00978853134867678
664.0,0.00959716720785293
665.0,0.009433083033430743
666.0,0.00930496260652604
667.0,0.009209406051130761
668.0,0.009140316165394442
669.0,0.009104164683253238
670.0,0.00909274356805403
671.0,0.009107303617894748
672.0,0.00915603881852144
673.0,0.009221307231997213
674.0,0.009291025452045515
675.0,0.009377396923405544
676.0,0.009476257820750547
677.0,0.009578762176480137
678.0,0.00970084670827928
679.0,0.00984221639937177
680.0,0.009992189902311259
681.0,0.010150793054529716
682.0,0.010320416905320429
683.0,0.01050892936571031
684.0,0.010760885455902132
685.0,0.011164098358624471
686.0,0.011653382888416164
687.0,0.012132336727677332
688.0,0.012314068462699553
689.0,0.012365883023293958
690.0,0.012445921541342863
691.0,0.012568455076656451
692.0,0.01272194769347681
693.0,0.012886740404697191
694.0,0.013020457413712369
695.0,0.013108921546353944
696.0,0.013176552733143273
697.0,0.01323773266851003
698.0,0.013297913363990808
699.0,0.013333255183224025
700.0,0.01332564811863142
701.0,0.013252803345317154
702.0,0.013130572804628959
703.0,0.012983857081067257
704.0,0.012836557021046472
705.0,0.012680251561605654
706.0,0.012492151726703996
707.0,0.012279861096564891
708.0,0.012048237261742622
709.0,0.01180060449558012
710.0,0.011539101218393046
711.0,0.011266897085153178
712.0,0.010998239735270535
713.0,0.010739516391727755
714.0,0.010496032953713
715.0,0.010312468578747225
716.0,0.010181706580290686
717.0,0.010044208967841238
718.0,0.009834394771871686
719.0,0.009500340152465682
720.0,0.009134821081846928
721.0,0.008810520390192212
722.0,0.008601707225387396
723.0,0.008429274848136162
724.0,0.008246946096232763
725.0,0.008024144211420548
726.0,0.00778394462729905
727.0,0.007550448171789778
728.0,0.007303302768200799
729.0,0.007039269744853996
730.0,0.006751859440351641
731.0,0.006459963940753113
732.0,0.006177963570414649
733.0,0.005951526972894261
734.0,0.005776954246006586
735.0,0.005643142798505869
736.0,0.0055321871363959
737.0,0.005428304675433133
738.0,0.005335148393974038
739.0,0.005250534811366661
740.0,0.005179356405603989
741.0,0.0051147665318860905
742.0,0.005060362188511544
743.0,0.005023067180652644
744.0,0.0049880420513418984
745.0,0.004952733933240325
746.0,0.004928635399387057
747.0,0.0049062477124603805
748.0,0.004868647292312008
749.0,0.004845779940897596
750.0,0.004836526022525782
751.0,0.004823816710003271
752.0,0.004804842095232892
753.0,0.00478423749635262
754.0,0.0047653987302608255
755.0,0.004757499672495394
756.0,0.00479326288175054
757.0,0.00491898240981771
758.0,0.005187004373692683
759.0,0.005675273208119903
760.0,0.006344725861694196
761.0,0.0067195845057670105
762.0,0.0067219323471382555
763.0,0.006434673141949676
764.0,0.005983259802662401
765.0,0.005552595655589267
766.0,0.0052049153889652585
767.0,0.0049519564846919484
768.0,0.004786451055210972
769.0,0.004701815117133775
770.0,0.004658573958051525
771.0,0.004632102262272458
772.0,0.004605299626157964
773.0,0.004587055839614095
774.0,0.004577364044415905
775.0,0.004574725959957815
776.0,0.0045799241110981844
777.0,0.004585251565974789
778.0,0.004597830383182009
779.0,0.00461398887428517
780.0,0.004615724051986135
781.0,0.004620623036091234
782.0,0.004638605416716587
783.0,0.004655779715987811
784.0,0.004678118673644982
785.0,0.004727075841307661
786.0,0.004763353817950386
787.0,0.004785566125209579
788.0,0.004830898435047776
789.0,0.004869773772773102
790.0,0.004879507866197729
791.0,0.004888704931898674
792.0,0.004902286462882781
793.0,0.004911864714128363
794.0,0.00493557193063462
795.0,0.004967607698611208
796.0,0.004985283800147146
797.0,0.005008114905820564
798.0,0.005045944560847679
799.0,0.005068160497086733
800.0,0.005082243410040779
801.0,0.00510159244616031
802.0,0.005109465110289496
803.0,0.005100893696709572
804.0,0.005091234447541291
805.0,0.005084810696742286
806.0,0.005083392449360287
807.0,0.005097430943277655
808.0,0.0051304432063661465
809.0,0.005174237116864313
810.0,0.005219398701978753
811.0,0.005260023734950725
812.0,0.005302905940082717
813.0,0.005355663130327572
814.0,0.005417207922566454
815.0,0.005430205023022704
816.0,0.005404258255493909
817.0,0.005358308916006589
818.0,0.005290146046767969
819.0,0.0051998881452809745
820.0,0.0051146719219946875
821.0,0.00502888218646136
822.0,0.004958903122500665
823.0,0.004877544820027174
824.0,0.0047874771935766695
825.0,0.004686894696207172
826.0,0.0045870581269015056
827.0,0.004487498488117336
828.0,0.004372926808071984
829.0,0.004274324335432341
830.0,0.00420449409011697
831.0,0.004107793966834717
832.0,0.003995089934558586
833.0,0.0039208920865035635
834.0,0.003857110675187829
835.0,0.0037877125420759583
836.0,0.0037239897949145452
837.0,0.0036648019608984143
838.0,0.0036142207932533996
839.0,0.0035704647411944207
840.0,0.0035362338867253734
841.0,0.0034941900875158096
842.0,0.0034562958452746236
843.0,0.0034254285432649524
844.0,0.003401339811006131
845.0,0.003384824309624365
846.0,0.0033547231968230435
847.0,0.0033268539417723466
848.0,0.003311455811998913
849.0,0.0032907187079474127
850.0,0.0032772003188780902
851.0,0.00327117123430454
852.0,0.003233462426696328
853.0,0.0031983353796329007
854.0,0.0031828523610834937
855.0,0.003174914022247078
856.0,0.0031559906497218896
857.0,0.003107114826619531
858.0,0.00306767350872016
859.0,0.003052565617560709
860.0,0.003063981230045585
861.0,0.003061483814616668
862.0,0.003036537874928095
863.0,0.0030019819992410128
864.0,0.0029584331684366317
865.0,0.0029556265607814606
866.0,0.0029382634073793976
867.0,0.002897125302660431
868.0,0.0028702065751373463
869.0,0.002862948517783367
870.0,0.002868348278701883
871.0,0.002852042469249963
872.0,0.0028156767923196743
873.0,0.0027825207471808546
874.0,0.0027660843713604036
875.0,0.002761443851072539
876.0,0.002756444808358704
877.0,0.002740874553246903
878.0,0.002734954358972881
879.0,0.0027299799996942835
880.0,0.0027229002682142857
881.0,0.002708263964933042
882.0,0.0026784207295124187
883.0,0.0026452850518427157
884.0,0.002648225035651475
885.0,0.0026560118006579985
886.0,0.0026376751621384714
887.0,0.0026396188170828352
888.0,0.0026490791632448572
889.0,0.0026549916600365764
890.0,0.0026820719751996605
891.0,0.0027358893528447352
892.0,0.0027745312907838313
893.0,0.002807874764584277
894.0,0.002851744476659946
895.0,0.002940327680352876
896.0,0.0030107921000899853
897.0,0.0030056990273318747
898.0,0.0029998100096657377
899.0,0.0029913774364367578
