/begin_header
/west_longitude=UNKNOWN
/south_latitude=NA
/north_latitude=UNKNOWN
/calibration_files=NA
/cruise=NA
/station=NA
/documents=NA
/data_type=NA
/affiliations=NOAA
/experiment=NA
/units=nm,dl
/start_date=2019-08-01
/end_date=NA
/missing=9999
/start_time=12:29:08
/data_file_name=NA
/cloud_percent=NA
/water_depth=NA
/data_status=NA
/east_longitude=NA
/wind_speed=NA
/secchi=NA
/measurement_depth=NA
/fields=wavelength,rrs
/delimiter=comma
/contact=NA
/end_time=NA
/wave_height=NA
/investigators=NA
/end_header@
325.0,0.007777729746454855
326.0,0.007850683903005928
327.0,0.007852534078789466
328.0,0.0077816138620105686
329.0,0.007849808727742758
330.0,0.007854300279619843
331.0,0.007782780120047984
332.0,0.007845907504486256
333.0,0.007952184310069258
334.0,0.007889172144365434
335.0,0.007874731697091327
336.0,0.007934335277213357
337.0,0.00791609666537777
338.0,0.007910732397838644
339.0,0.00793614281701175
340.0,0.00791082212865319
341.0,0.007888887594234712
342.0,0.007921041687353077
343.0,0.007930300664606652
344.0,0.007921344559404816
345.0,0.007967648730325187
346.0,0.00799552943346633
347.0,0.007980353879717454
348.0,0.0079789501501729
349.0,0.00800063061416881
350.0,0.00800120027039671
351.0,0.008015439341452053
352.0,0.008026797951742506
353.0,0.008007810431029416
354.0,0.00801407680014351
355.0,0.00804876331434717
356.0,0.008044839912102909
357.0,0.008037115618907308
358.0,0.008058900299479147
359.0,0.008069563302695731
360.0,0.00807135148086694
361.0,0.008067373275854944
362.0,0.008068687103910722
363.0,0.008082551490438699
364.0,0.008092584993154423
365.0,0.008077849840600743
366.0,0.008063456490134678
367.0,0.008063912098773763
368.0,0.008067914785703893
369.0,0.008074818747521964
370.0,0.00808253757830146
371.0,0.008083296326131131
372.0,0.008086938468109107
373.0,0.00809009498737565
374.0,0.008088602648927204
375.0,0.008088246715409315
376.0,0.008086124667168113
377.0,0.008085904282059683
378.0,0.00808341041385249
379.0,0.008086893809662977
380.0,0.008099968997938719
381.0,0.008108927359147809
382.0,0.008110684027673754
383.0,0.008120479925246593
384.0,0.008133911867732508
385.0,0.008131567549022334
386.0,0.008127957373107538
387.0,0.008128637884483269
388.0,0.008132803148142556
389.0,0.008139244041023234
390.0,0.008151627017984902
391.0,0.00816214079801707
392.0,0.008164489860030683
393.0,0.008175453387392473
394.0,0.008163561824277034
395.0,0.008137293059788374
396.0,0.008141426138722959
397.0,0.008137713655912121
398.0,0.008106534928593395
399.0,0.00807964846768264
400.0,0.008057399715950085
401.0,0.00804206421263792
402.0,0.008029767977013236
403.0,0.008019107200844275
404.0,0.008003725672308719
405.0,0.007987140097155046
406.0,0.007972422180435892
407.0,0.00794919115213381
408.0,0.00792091631059116
409.0,0.00790180013354887
410.0,0.007879163137047946
411.0,0.007856186963185874
412.0,0.007837364059020139
413.0,0.007823560981876159
414.0,0.007815684286050171
415.0,0.007802451008115979
416.0,0.00779142009496499
417.0,0.0077925193228480195
418.0,0.007787890982725437
419.0,0.007779655316915818
420.0,0.007779627141968766
421.0,0.007781139515189249
422.0,0.007786302522057026
423.0,0.007788312824701759
424.0,0.007788797552311924
425.0,0.007784053265496767
426.0,0.0077885221575135204
427.0,0.007799527546852886
428.0,0.007793035301106273
429.0,0.007784604956803311
430.0,0.007777279878837286
431.0,0.0077685420187055656
432.0,0.007760130624595284
433.0,0.007751118303751328
434.0,0.007740102085892185
435.0,0.007732121681709667
436.0,0.0077354834505815925
437.0,0.007746334570506714
438.0,0.007763820658731336
439.0,0.007783677858104865
440.0,0.007810653031735698
441.0,0.00784521313417123
442.0,0.007885004993545669
443.0,0.00793260437313645
444.0,0.007988406407379746
445.0,0.008052477354397177
446.0,0.008126686427909684
447.0,0.0082033280601338
448.0,0.008280799378728264
449.0,0.008364825804347586
450.0,0.008443363460869224
451.0,0.008516531005744956
452.0,0.00859430303889465
453.0,0.008672407679605218
454.0,0.008743299023880413
455.0,0.008810350066049652
456.0,0.008872649629891389
457.0,0.008921286179418191
458.0,0.008964203049642818
459.0,0.009009348154235224
460.0,0.009055484423765223
461.0,0.009099226964576781
462.0,0.009137489262106049
463.0,0.009178342821873613
464.0,0.00922461195179847
465.0,0.009274868032111066
466.0,0.00932558075466882
467.0,0.009373770642310781
468.0,0.00943684978105767
469.0,0.009500447826114302
470.0,0.009547199267627444
471.0,0.009599842355690046
472.0,0.009661075109876214
473.0,0.009718881377438109
474.0,0.009778081013787996
475.0,0.009837225903148224
476.0,0.009892490825912825
477.0,0.009947713801320226
478.0,0.010008722558528181
479.0,0.010068388585772536
480.0,0.010124231212832227
481.0,0.010181188286889234
482.0,0.010239951531681332
483.0,0.010302002261455839
484.0,0.010360322753859492
485.0,0.01041561070051927
486.0,0.010465601948051035
487.0,0.010520362760220366
488.0,0.0105850114468783
489.0,0.010639622720030037
490.0,0.010695066364871653
491.0,0.010759007442419005
492.0,0.010832969317401518
493.0,0.010916036095468802
494.0,0.011005600078782578
495.0,0.011103700967867683
496.0,0.011213696344902758
497.0,0.01133733334676739
498.0,0.011472183614284133
499.0,0.011617435344028228
500.0,0.011774707754184741
501.0,0.011943939370462722
502.0,0.012129572508389138
503.0,0.01232454881800588
504.0,0.0125266668864711
505.0,0.012739445945736259
506.0,0.01296227063653126
507.0,0.01319684297584069
508.0,0.013446883684164423
509.0,0.013709826515354132
510.0,0.013973921961068992
511.0,0.014239496861855484
512.0,0.01451654508079681
513.0,0.014805984222335807
514.0,0.0151109754781239
515.0,0.01543228150991982
516.0,0.015761746958833117
517.0,0.01609350470796691
518.0,0.01643353201250902
519.0,0.016775166642934138
520.0,0.01710152169642761
521.0,0.017417996679008084
522.0,0.017733193641410946
523.0,0.018060412348773393
524.0,0.018390172186716344
525.0,0.01871313091071193
526.0,0.019050687185916074
527.0,0.01939297770571694
528.0,0.019717306692059053
529.0,0.020027128117270428
530.0,0.020326721478320132
531.0,0.020625425365482314
532.0,0.02092717239102106
533.0,0.02122922556340477
534.0,0.0215238431620668
535.0,0.021806927887365567
536.0,0.02208333195854211
537.0,0.022352188122659107
538.0,0.022614705589849876
539.0,0.022873165007108398
540.0,0.023129751679485836
541.0,0.02338773643929323
542.0,0.023632636735029782
543.0,0.02386195024944989
544.0,0.024083920326657092
545.0,0.02429729487917293
546.0,0.024504757297463813
547.0,0.024700851691107858
548.0,0.024882996360277847
549.0,0.025058553459917077
550.0,0.02522536785895165
551.0,0.025386208182945614
552.0,0.02554300806533552
553.0,0.025693494051345696
554.0,0.025835347047613928
555.0,0.02596624574983173
556.0,0.026084535347658856
557.0,0.026180940692102188
558.0,0.026260476284078887
559.0,0.02632762540908353
560.0,0.026378894960857747
561.0,0.026415789112614795
562.0,0.026443012684899313
563.0,0.026459790704105323
564.0,0.02646583455213774
565.0,0.02646347548984789
566.0,0.02645090933389744
567.0,0.026424006521984966
568.0,0.026385436953050546
569.0,0.026337274551658418
570.0,0.026280776434211273
571.0,0.026215894970293207
572.0,0.02614542550375522
573.0,0.02606477811681961
574.0,0.025977215589148134
575.0,0.025889084913274973
576.0,0.025792138820324096
577.0,0.025686730012441004
578.0,0.025574012264706257
579.0,0.02545185863148247
580.0,0.025319119347046587
581.0,0.025172576049421497
582.0,0.025011806227868732
583.0,0.024838562670728575
584.0,0.024657940817405827
585.0,0.02447207285701089
586.0,0.024276061917487234
587.0,0.02407675843879794
588.0,0.023881340526239487
589.0,0.023681108484850742
590.0,0.023477437826089735
591.0,0.023275463143276866
592.0,0.02307014006570733
593.0,0.022847181189403976
594.0,0.022602787965368312
595.0,0.022326774324652375
596.0,0.022013014137141688
597.0,0.021659529845793717
598.0,0.021272101719011026
599.0,0.020874836383604073
600.0,0.020494270198242816
601.0,0.020156813384881768
602.0,0.01986650553540754
603.0,0.0196257954732681
604.0,0.01943478472924793
605.0,0.019265600118387283
606.0,0.01910599658055257
607.0,0.018957522505519832
608.0,0.018811195175937667
609.0,0.01865756869199868
610.0,0.01849820799613896
611.0,0.018337890217519016
612.0,0.018183519533279083
613.0,0.018025444582215895
614.0,0.017862620386743366
615.0,0.017706082855357234
616.0,0.017560300086178177
617.0,0.017428471081486527
618.0,0.017305161385674027
619.0,0.017188630161134984
620.0,0.017080907331622805
621.0,0.016985408618048828
622.0,0.016910427603561144
623.0,0.016846118743911533
624.0,0.016785400896504515
625.0,0.016722803903076518
626.0,0.01666398180462987
627.0,0.016614666384710475
628.0,0.0165766432887703
629.0,0.016548726544159183
630.0,0.016532137443305027
631.0,0.016518054057765012
632.0,0.016504230923489467
633.0,0.01650011063876105
634.0,0.01650247926850942
635.0,0.01650546703582827
636.0,0.01651552434877379
637.0,0.01653081755904108
638.0,0.01654644241558394
639.0,0.016567483870920413
640.0,0.016590877623760915
641.0,0.016603279021037053
642.0,0.016602327211573203
643.0,0.01658594685100904
644.0,0.0165615145372596
645.0,0.016529267198313706
646.0,0.01648178202054598
647.0,0.01642388539333493
648.0,0.016353390684105275
649.0,0.01626517795116299
650.0,0.016151738631098946
651.0,0.016000348680952136
652.0,0.015812627982732114
653.0,0.015592099427554493
654.0,0.015348247794672271
655.0,0.015039944649243936
656.0,0.014649682169533
657.0,0.014186705211234996
658.0,0.013718139343566046
659.0,0.013282609199312605
660.0,0.012857921462405122
661.0,0.012449602203770978
662.0,0.012067112729525483
663.0,0.01171035451533494
664.0,0.011383553267697872
665.0,0.01108686173255803
666.0,0.010826596313507651
667.0,0.01060813393173084
668.0,0.01043573089948562
669.0,0.01031000456016704
670.0,0.010216861945307654
671.0,0.010158367025694916
672.0,0.010136143168446427
673.0,0.010136636559614902
674.0,0.010155971198966116
675.0,0.010201355508157975
676.0,0.010269912238359219
677.0,0.010362316895031896
678.0,0.010474321530159843
679.0,0.01061226792831881
680.0,0.010783386581713642
681.0,0.010996692672729734
682.0,0.011252012806054663
683.0,0.011543029524591087
684.0,0.01188782165937415
685.0,0.012326689474982241
686.0,0.012855043477123526
687.0,0.013427403593661865
688.0,0.013861119430210098
689.0,0.014225679794162355
690.0,0.0146127121769458
691.0,0.01502338073085852
692.0,0.015450405681440363
693.0,0.01588034469063362
694.0,0.01628846047259797
695.0,0.01664971912527127
696.0,0.016951456644747363
697.0,0.01719384832744928
698.0,0.01737854413798293
699.0,0.017505206227206693
700.0,0.017565828273214457
701.0,0.017554464893117586
702.0,0.01746988725162953
703.0,0.017313665141245688
704.0,0.01710308298796496
705.0,0.01683862520169529
706.0,0.016523419014930447
707.0,0.016172336625186017
708.0,0.01578759392887976
709.0,0.015352830038449413
710.0,0.014884695773508793
711.0,0.014400737652055753
712.0,0.013888173620667247
713.0,0.013356621678205022
714.0,0.012819454617736504
715.0,0.012308089956178376
716.0,0.01181533493390144
717.0,0.01132986626502862
718.0,0.010834989509792753
719.0,0.010352063974976315
720.0,0.009892225361762447
721.0,0.009474285079958577
722.0,0.009087173808971056
723.0,0.008703087943155953
724.0,0.008315600328322114
725.0,0.007940188268245532
726.0,0.007575507007340404
727.0,0.007211176626448028
728.0,0.00683705429576859
729.0,0.006457759569144406
730.0,0.006091127190041491
731.0,0.00575873904358379
732.0,0.00547001599327604
733.0,0.005222501707041903
734.0,0.005012132971319677
735.0,0.004841377146702927
736.0,0.004713531390262268
737.0,0.004621221042094645
738.0,0.004542326472408698
739.0,0.004479154733359498
740.0,0.004429412297484026
741.0,0.004393561426119546
742.0,0.004367092942334801
743.0,0.004338782501750571
744.0,0.004314374872709413
745.0,0.00429892203420504
746.0,0.004282190724243524
747.0,0.004261328732237414
748.0,0.0042416419500810295
749.0,0.00422773476537403
750.0,0.004217851356174628
751.0,0.004200338583872596
752.0,0.004181975760154554
753.0,0.004169453084349456
754.0,0.004152755474120115
755.0,0.004134099741083282
756.0,0.00412540751173289
757.0,0.004128071289813738
758.0,0.004143783216709268
759.0,0.004169510498587938
760.0,0.004190306810403295
761.0,0.004180729137469904
762.0,0.004149682242792508
763.0,0.004113373489317068
764.0,0.004081503898641694
765.0,0.0040607452309720906
766.0,0.004050268549175841
767.0,0.004044224108361172
768.0,0.004039439673135421
769.0,0.0040407183063822984
770.0,0.004044874645032
771.0,0.004048445558090015
772.0,0.004049056273969875
773.0,0.00405367146306367
774.0,0.00406765194751919
775.0,0.004078133078059627
776.0,0.004089897184400829
777.0,0.004108111060927737
778.0,0.0041276390490475
779.0,0.004143901322329112
780.0,0.004159012819340948
781.0,0.004178043098078089
782.0,0.0041991462368713905
783.0,0.004223958149616142
784.0,0.004248650256187608
785.0,0.0042707076980982375
786.0,0.00429900819418368
787.0,0.004333763407335027
788.0,0.004363587900265634
789.0,0.004391625392951413
790.0,0.0044211152091449815
791.0,0.004457738647757223
792.0,0.00449724081495812
793.0,0.004536804762264226
794.0,0.004567865147294093
795.0,0.004594272626778405
796.0,0.004631872163548324
797.0,0.004663369239382102
798.0,0.004690350948121815
799.0,0.0047246081512604165
800.0,0.004759251983892373
801.0,0.004772829019450373
802.0,0.004792120503105946
803.0,0.004822069363206331
804.0,0.004841443680573937
805.0,0.004846543505151179
806.0,0.004835577877343131
807.0,0.0048250492870457245
808.0,0.004814887192971959
809.0,0.004799074755146099
810.0,0.004770246508386571
811.0,0.004732517369229118
812.0,0.0047035851260460405
813.0,0.004664531668102928
814.0,0.004606563992988656
815.0,0.004556798249054616
816.0,0.004511481954881663
817.0,0.004431888586328634
818.0,0.0043712688345716785
819.0,0.00433180267779661
820.0,0.004254481358421024
821.0,0.0041579830553691004
822.0,0.004052066785954673
823.0,0.003943188467827331
824.0,0.003829634432776541
825.0,0.00369915661890936
826.0,0.003564400472502152
827.0,0.0034345700260945385
828.0,0.0033008543541213917
829.0,0.0031801179065088737
830.0,0.0030787876703192237
831.0,0.0029690350891267126
832.0,0.002863560850623316
833.0,0.0028080670604082444
834.0,0.002755211113261986
835.0,0.002690591342130056
836.0,0.0026578891459809193
837.0,0.0026337149663689208
838.0,0.0026070889012263197
839.0,0.0025821986748035264
840.0,0.002556548762841694
841.0,0.002542784745390824
842.0,0.0025238104910036718
843.0,0.0025007406425400424
844.0,0.0024873469725955203
845.0,0.0024714570731933162
846.0,0.002445187031696155
847.0,0.00242403389193437
848.0,0.0024078967424693543
849.0,0.002395208159861196
850.0,0.0023832796312481786
851.0,0.0023666583150951568
852.0,0.002346516292413033
853.0,0.0023309229122949167
854.0,0.0023174259858504916
855.0,0.002298318611805166
856.0,0.002280382613319483
857.0,0.002270857404182573
858.0,0.00225271077988345
859.0,0.002230877076928479
860.0,0.002227039114114356
861.0,0.0022290407351116303
862.0,0.0022269446961894687
863.0,0.002197083008152069
864.0,0.0021635887055253874
865.0,0.0021738650619719906
866.0,0.002168698232421163
867.0,0.0021365698236006135
868.0,0.0021215059388259997
869.0,0.0021052462524930463
870.0,0.0020829602650552117
871.0,0.0020644076557442903
872.0,0.002044513533878021
873.0,0.002022975471219398
874.0,0.0020042782865878966
875.0,0.001985754664933644
876.0,0.0019780193294963604
877.0,0.00196576648830954
878.0,0.001945733301668705
879.0,0.0019275702202264356
880.0,0.001912094318674252
881.0,0.0019062024383755584
882.0,0.0018833216547551415
883.0,0.0018539629011695054
884.0,0.0018443188278925674
885.0,0.0018266755489221888
886.0,0.0017920409116286434
887.0,0.001780160127334477
888.0,0.0017741409086376111
889.0,0.0017493717740263582
890.0,0.0017445980048686049
891.0,0.0017319558415339227
892.0,0.001682713468006253
893.0,0.0016626428001927697
894.0,0.001680888081642332
895.0,0.0016710683820325843
896.0,0.0016417271674516944
897.0,0.001605905609264825
898.0,0.0015905219760799665
899.0,0.0015783779086197016
