/begin_header
/west_longitude=UNKNOWN
/south_latitude=NA
/north_latitude=UNKNOWN
/calibration_files=NA
/cruise=NA
/station=NA
/documents=NA
/data_type=NA
/affiliations=NOAA
/experiment=NA
/units=nm,dl
/start_date=2019-08-12
/end_date=NA
/missing=9999
/start_time=10:52:43
/data_file_name=NA
/cloud_percent=NA
/water_depth=NA
/data_status=NA
/east_longitude=NA
/wind_speed=NA
/secchi=NA
/measurement_depth=NA
/fields=wavelength,rrs
/delimiter=comma
/contact=NA
/end_time=NA
/wave_height=NA
/investigators=NA
/end_header@
325.0,0.01732790145824354
326.0,0.016986413535483382
327.0,0.017028541526689384
328.0,0.017242342741531396
329.0,0.01692937162599034
330.0,0.01654384915811773
331.0,0.016367197560710468
332.0,0.016320504958463527
333.0,0.01628945971872403
334.0,0.016220475238054137
335.0,0.01606232701279959
336.0,0.015870258882788237
337.0,0.015805759055034025
338.0,0.015632190220878663
339.0,0.015442367899028276
340.0,0.015478144021896905
341.0,0.015428205464801873
342.0,0.015124336983751286
343.0,0.01502716492464215
344.0,0.015043701928757106
345.0,0.014859919944639834
346.0,0.014640872392506606
347.0,0.014530991436189
348.0,0.014459343851980198
349.0,0.014372000177245306
350.0,0.014238756851468462
351.0,0.014161502518576712
352.0,0.014125920545816382
353.0,0.0140628207767421
354.0,0.013978581895579687
355.0,0.01391519826484503
356.0,0.01383660170462232
357.0,0.0137303778750324
358.0,0.013565817618686544
359.0,0.01348322989972188
360.0,0.013443000469466948
361.0,0.013294189251819013
362.0,0.013209383043515566
363.0,0.01320109510406764
364.0,0.01310801429988027
365.0,0.012989552891913881
366.0,0.012919562454472394
367.0,0.012828299333303298
368.0,0.012746235664454802
369.0,0.012674219538630242
370.0,0.012593875191314493
371.0,0.012519359787321122
372.0,0.01243647733797691
373.0,0.012365495232841011
374.0,0.0122893501859645
375.0,0.012233351302118545
376.0,0.01218025882383448
377.0,0.012058941100049039
378.0,0.011982395005542263
379.0,0.011938221310544202
380.0,0.01181151572023473
381.0,0.011720550129718028
382.0,0.011746667684611875
383.0,0.011653232187907588
384.0,0.01153839176688633
385.0,0.011498270356167828
386.0,0.011407674117163851
387.0,0.011288645221713623
388.0,0.011261535447590062
389.0,0.011205747774322062
390.0,0.011116033319349936
391.0,0.011104545105883832
392.0,0.011080423575918019
393.0,0.010971616433600643
394.0,0.01086770895664953
395.0,0.01079101051674318
396.0,0.010702628494790012
397.0,0.010587163215461014
398.0,0.010475706166979338
399.0,0.0104156153579134
400.0,0.010377076161333664
401.0,0.010309573662660181
402.0,0.01021875468710457
403.0,0.010134601872778197
404.0,0.010101838237851886
405.0,0.010050413057048435
406.0,0.009947955230296745
407.0,0.009895451227090629
408.0,0.00986536486598132
409.0,0.009795615382158625
410.0,0.00972411168531478
411.0,0.009668247306712185
412.0,0.009606535810194588
413.0,0.009561547527529657
414.0,0.00954170092654565
415.0,0.009518942305390575
416.0,0.009480844221005102
417.0,0.009441679648171001
418.0,0.009403739748704875
419.0,0.009372574158420414
420.0,0.009345711220388641
421.0,0.009322424680975354
422.0,0.009299530081927826
423.0,0.009281217660739497
424.0,0.009269166037185
425.0,0.009248595391497711
426.0,0.009238954771118756
427.0,0.009237128444046356
428.0,0.009220529697298026
429.0,0.009209533353485
430.0,0.009203151168205663
431.0,0.00917398197643751
432.0,0.009142955856939954
433.0,0.009133701128395422
434.0,0.009117358493215424
435.0,0.009089551928897207
436.0,0.009089019404282944
437.0,0.009098154013676411
438.0,0.009088346797037197
439.0,0.009093616762779609
440.0,0.00911046215015377
441.0,0.009114711535020834
442.0,0.009141792233509013
443.0,0.009187312698290668
444.0,0.00921641408631526
445.0,0.009246580305495512
446.0,0.009297890170697995
447.0,0.009353004493014006
448.0,0.009407449599900761
449.0,0.009464104159845657
450.0,0.009524271880638474
451.0,0.009587978797364904
452.0,0.009640808799958
453.0,0.009691933488083882
454.0,0.009747766205283078
455.0,0.009793770982634245
456.0,0.009835582889866027
457.0,0.009880951204404919
458.0,0.009923705098005452
459.0,0.009959157600161611
460.0,0.009984872765947084
461.0,0.010021350053898408
462.0,0.010072564780700755
463.0,0.010098114035102608
464.0,0.010112181141351243
465.0,0.010171707078367245
466.0,0.010226544422755378
467.0,0.010252000467468006
468.0,0.01029692725664321
469.0,0.01035719334448693
470.0,0.010398166393753978
471.0,0.010441219447349924
472.0,0.010491968411209907
473.0,0.01053890984732574
474.0,0.010586336367618916
475.0,0.010628702815646257
476.0,0.010667887060691755
477.0,0.010711832613815973
478.0,0.010775788408673334
479.0,0.01082836507581737
480.0,0.010867189158082142
481.0,0.01091394418896262
482.0,0.010965135607125377
483.0,0.011010799219746506
484.0,0.011060538784420306
485.0,0.011115689950501953
486.0,0.011156739007689922
487.0,0.011199794721944224
488.0,0.01124841237469046
489.0,0.01129451828265202
490.0,0.01134159526214654
491.0,0.011386288180050377
492.0,0.011450654339022072
493.0,0.011532358025225266
494.0,0.01161251322261392
495.0,0.011693784037732849
496.0,0.011767074755012121
497.0,0.011863715140579137
498.0,0.011977311869317511
499.0,0.012080158760560388
500.0,0.012199853971915371
501.0,0.012337545687143387
502.0,0.012466303948025333
503.0,0.012600782163397838
504.0,0.012757418063826362
505.0,0.012914300706843861
506.0,0.01306795540497627
507.0,0.013250630082427292
508.0,0.013423753422768112
509.0,0.013581560313981136
510.0,0.013752240308954843
511.0,0.013935189198329747
512.0,0.014128561859061906
513.0,0.014314756200004808
514.0,0.014504209690392433
515.0,0.014717111801968764
516.0,0.014929247068809793
517.0,0.015144356049431203
518.0,0.015367545235021481
519.0,0.015584362959766843
520.0,0.01578349851895372
521.0,0.01598387257239302
522.0,0.016190068069590016
523.0,0.016396434744772294
524.0,0.016598458053911618
525.0,0.016790429502641806
526.0,0.016987962717876576
527.0,0.017186199833705354
528.0,0.01737480029874005
529.0,0.017562447423142998
530.0,0.017750077374549644
531.0,0.017924578034922152
532.0,0.01809623361644038
533.0,0.01827623749285428
534.0,0.01845494368086418
535.0,0.018622059466384212
536.0,0.018772446795468835
537.0,0.018925564114586294
538.0,0.019087038061626583
539.0,0.01924883986680053
540.0,0.019407057711319946
541.0,0.01955898196475781
542.0,0.01970119565193616
543.0,0.019834325790675088
544.0,0.019962384172947833
545.0,0.020084642419835375
546.0,0.02020680899986758
547.0,0.02033086119126459
548.0,0.0204483636216275
549.0,0.020557283274259326
550.0,0.020660730817771197
551.0,0.020762670569743756
552.0,0.020873919550109345
553.0,0.020987206540755858
554.0,0.02109420523526534
555.0,0.021194831565198257
556.0,0.02129286971988807
557.0,0.021395380911946867
558.0,0.021494388839901908
559.0,0.021586910527705776
560.0,0.021655335996533357
561.0,0.021711103986680146
562.0,0.02176511301401942
563.0,0.02181013642278151
564.0,0.021843986550155695
565.0,0.021868415966007713
566.0,0.021882673799845022
567.0,0.021882150849643206
568.0,0.02187382395456845
569.0,0.021856492622874178
570.0,0.021823725195482452
571.0,0.02178933120089226
572.0,0.02175462610021466
573.0,0.02170202491226318
574.0,0.021633850576977955
575.0,0.021562854359795165
576.0,0.021497019231109214
577.0,0.02142639348466601
578.0,0.021321037860163823
579.0,0.021199656179410598
580.0,0.021080310460946272
581.0,0.020958668649727362
582.0,0.020822981751641767
583.0,0.020657865257060117
584.0,0.02048627759577542
585.0,0.02031447682184973
586.0,0.02012840277522516
587.0,0.019930321510140306
588.0,0.019725841616711367
589.0,0.01950841587019843
590.0,0.019279207308559997
591.0,0.01905781153741609
592.0,0.018831304185807272
593.0,0.018582752435575518
594.0,0.018322675420881958
595.0,0.018034998966223237
596.0,0.017711528196319694
597.0,0.017357407431189614
598.0,0.01697900271615451
599.0,0.016601353298407222
600.0,0.016248382105201097
601.0,0.015938537883843674
602.0,0.015661828417926568
603.0,0.015433905243676346
604.0,0.015273340678947825
605.0,0.015148308738945085
606.0,0.01504203206829319
607.0,0.014942736893494388
608.0,0.014846092173551822
609.0,0.01474978103968438
610.0,0.014653287018258793
611.0,0.01455420809616273
612.0,0.014449887769401348
613.0,0.014352713552964405
614.0,0.014273560005050773
615.0,0.014177066238044392
616.0,0.014068387177739053
617.0,0.01398865485887861
618.0,0.013906777879170593
619.0,0.013817659731779074
620.0,0.013746681238581124
621.0,0.013688821242431107
622.0,0.013632385706227112
623.0,0.013584705373534279
624.0,0.013542581917573054
625.0,0.013496068027060293
626.0,0.01345442956199575
627.0,0.013417294873793445
628.0,0.013373296343544842
629.0,0.013338666248124806
630.0,0.013321566850011419
631.0,0.013311465788847654
632.0,0.013303252519104516
633.0,0.013302477651941346
634.0,0.013298886679160196
635.0,0.013285228853123426
636.0,0.013289600092727043
637.0,0.013306779454972797
638.0,0.01330018634008651
639.0,0.013295385217478212
640.0,0.013300704392048645
641.0,0.01330349740929993
642.0,0.013300746566587016
643.0,0.013274468362625944
644.0,0.013244879112038177
645.0,0.013219323694715346
646.0,0.013200405304774069
647.0,0.01316214412108932
648.0,0.013100508473342997
649.0,0.01305373098116824
650.0,0.013006408814284576
651.0,0.012919131081330932
652.0,0.012808985550251773
653.0,0.012680291398197716
654.0,0.012551346628307272
655.0,0.012385044947194456
656.0,0.012150464236402508
657.0,0.01186311031741112
658.0,0.01157343434672135
659.0,0.0113116751917599
660.0,0.011060285601862199
661.0,0.01080864433915504
662.0,0.010606317580687427
663.0,0.010412976236484118
664.0,0.010183688695929283
665.0,0.009988782043755865
666.0,0.009835787189799893
667.0,0.009687572760373728
668.0,0.009564095357633088
669.0,0.009471201975162278
670.0,0.009389892577871647
671.0,0.009321620643451437
672.0,0.009305550202419337
673.0,0.009286963064735077
674.0,0.009253586715699796
675.0,0.009242192673494732
676.0,0.009256804863980377
677.0,0.009296180640232484
678.0,0.009340390460931396
679.0,0.009390910032041845
680.0,0.009466559624979293
681.0,0.009580256757210493
682.0,0.009736526329452811
683.0,0.009890109477673699
684.0,0.01006448080811093
685.0,0.010314890629185402
686.0,0.010588085305145385
687.0,0.010853692661100107
688.0,0.01103851796838393
689.0,0.011161234334933615
690.0,0.011255820926604432
691.0,0.011358826382706775
692.0,0.011463693108229391
693.0,0.01153409671913148
694.0,0.011582353762921506
695.0,0.011603850266316277
696.0,0.011588522069091696
697.0,0.011541511989274588
698.0,0.01146843221798256
699.0,0.011365815678497803
700.0,0.011232527610272576
701.0,0.011094059105419257
702.0,0.010919384067435456
703.0,0.010698071528918746
704.0,0.010485462327504691
705.0,0.010264509305778099
706.0,0.009992163285090432
707.0,0.009722885943878287
708.0,0.009463593781363572
709.0,0.009180135611586768
710.0,0.008879130056643165
711.0,0.008572240402961975
712.0,0.008234214719372152
713.0,0.007899241210950042
714.0,0.007611747104738084
715.0,0.007331968632412876
716.0,0.007039383622488296
717.0,0.006764769565524497
718.0,0.006474017001435903
719.0,0.006183664237858865
720.0,0.005887532179253695
721.0,0.005613256616184396
722.0,0.0053918365964638025
723.0,0.005189949775145657
724.0,0.004977276113715965
725.0,0.004751554066813422
726.0,0.004524623454781942
727.0,0.004311601946798533
728.0,0.004099456668309104
729.0,0.003889064183809905
730.0,0.003668778709469681
731.0,0.0034557281947758998
732.0,0.0032694216085043756
733.0,0.003122461801436184
734.0,0.00300991025955553
735.0,0.0029008957642324834
736.0,0.0028120260031032776
737.0,0.002753328020384751
738.0,0.0027022833462386027
739.0,0.0026663088547952316
740.0,0.002655045882470978
741.0,0.0026120870617279213
742.0,0.0025658070435115254
743.0,0.0025875370038697374
744.0,0.0025888484004867648
745.0,0.0025414885294577968
746.0,0.002523506042336583
747.0,0.002515269520896401
748.0,0.002497094417456849
749.0,0.0024879217926197035
750.0,0.0024884003074251
751.0,0.0024717781919779865
752.0,0.0024527298616024832
753.0,0.0024525145167592797
754.0,0.0024369736692124388
755.0,0.002414737107932581
756.0,0.0024184892369225925
757.0,0.0024230511778000553
758.0,0.002420857353949002
759.0,0.002439988378864573
760.0,0.0024686893629236187
761.0,0.0024502269167213154
762.0,0.00242212534882866
763.0,0.0024083943489552344
764.0,0.002397324346464837
765.0,0.0023760266537479835
766.0,0.002348970085938603
767.0,0.00234589979086475
768.0,0.0023585455644928844
769.0,0.002367635044398452
770.0,0.00236085030886792
771.0,0.00234710345080537
772.0,0.002354250003835714
773.0,0.002367702375648052
774.0,0.002371986110036505
775.0,0.0023563975003281423
776.0,0.0023519075400247275
777.0,0.0023886431037146794
778.0,0.0024132836387220063
779.0,0.00241006474524584
780.0,0.0024018900354819905
781.0,0.0024163768210244694
782.0,0.002446832290842643
783.0,0.002448015770187642
784.0,0.0024541401935471996
785.0,0.0024753705248016537
786.0,0.0024851880913649674
787.0,0.0024909875457907967
788.0,0.002508625600803021
789.0,0.0025359892774524276
790.0,0.0025618432995801813
791.0,0.0025828960388784763
792.0,0.0025939984124044497
793.0,0.002605064763002126
794.0,0.002619383417076734
795.0,0.002639958706400356
796.0,0.0026641010499695522
797.0,0.0026834475216512554
798.0,0.0027024413746255566
799.0,0.002707509110713344
800.0,0.0027243974480286983
801.0,0.0027458751480279003
802.0,0.0027572875399409402
803.0,0.002760460265711203
804.0,0.0027724661321538177
805.0,0.0027895377579011714
806.0,0.002793852972680516
807.0,0.0027903803376877713
808.0,0.00278039394066575
809.0,0.0027645363550973644
810.0,0.0027518116310269354
811.0,0.0027424747029456144
812.0,0.002714010613658596
813.0,0.0026846163797662388
814.0,0.002696058267518369
815.0,0.002671512146265013
816.0,0.0026085125575088922
817.0,0.002565173087213368
818.0,0.002526162830425665
819.0,0.002493048140380847
820.0,0.002468239557275875
821.0,0.0024187586086990994
822.0,0.0023697540006775235
823.0,0.0023068710139403864
824.0,0.0022299152441213254
825.0,0.002121362455323988
826.0,0.002031780735977163
827.0,0.00197862486873038
828.0,0.001901252733818282
829.0,0.0018108922479349021
830.0,0.0017339984725953821
831.0,0.0016817482248671213
832.0,0.0016521638732921802
833.0,0.0016066783246746468
834.0,0.001552551117189644
835.0,0.0015086720327942478
836.0,0.0014925484385015526
837.0,0.0014800044638781451
838.0,0.0014411736244868282
839.0,0.001431628231534671
840.0,0.0014521286178853616
841.0,0.0014316641381299832
842.0,0.001413447361279282
843.0,0.0014186461522974548
844.0,0.0013984973087352143
845.0,0.0013665811894343657
846.0,0.0013410335138515
847.0,0.0013301710341479065
848.0,0.0013156242658403953
849.0,0.001308319099633261
850.0,0.0012995656167236142
851.0,0.0012773602700125498
852.0,0.0012774691220592276
853.0,0.0012654603051570408
854.0,0.0012443247870634233
855.0,0.0012354761957903532
856.0,0.0012490796829509078
857.0,0.0012333904112992804
858.0,0.0012155899750080715
859.0,0.0012019751921813644
860.0,0.001194194188256593
861.0,0.0011935390816332208
862.0,0.001196086665684305
863.0,0.0011775859981274126
864.0,0.001149320471248407
865.0,0.0011517242512395752
866.0,0.0011354548085837895
867.0,0.001097285747694862
868.0,0.001100850831226413
869.0,0.001079916073641462
870.0,0.0010289612306623585
871.0,0.0010504911436969703
872.0,0.0011003992631919881
873.0,0.0010677468372734494
874.0,0.0010397879678468915
875.0,0.0010273258327098812
876.0,0.0010037830445675214
877.0,0.001002146370538338
878.0,0.0010382336080347755
879.0,0.0010144665794633914
880.0,0.0009734634760421698
881.0,0.0009627067455352915
882.0,0.0009563269964946757
883.0,0.0009485911678392203
884.0,0.000898804084764984
885.0,0.0008685821255744328
886.0,0.0008680536118436142
887.0,0.0009082458532156728
888.0,0.0009218097809971847
889.0,0.0008500175996980632
890.0,0.0008076098464379299
891.0,0.0008235395482031228
892.0,0.0008465815027640973
893.0,0.0008544718039583012
894.0,0.0008268854678529407
895.0,0.0007560376012415116
896.0,0.0007255502018898362
897.0,0.0008271727309640337
898.0,0.000774580258979558
899.0,0.0006562603814777485
