/begin_header
/west_longitude=UNKNOWN
/south_latitude=NA
/north_latitude=UNKNOWN
/calibration_files=NA
/cruise=NA
/station=NA
/documents=NA
/data_type=NA
/affiliations=NOAA
/experiment=NA
/units=nm,dl
/start_date=2019-08-15
/end_date=NA
/missing=9999
/start_time=12:17:42
/data_file_name=NA
/cloud_percent=NA
/water_depth=NA
/data_status=NA
/east_longitude=NA
/wind_speed=NA
/secchi=NA
/measurement_depth=NA
/fields=wavelength,rrs
/delimiter=comma
/contact=NA
/end_time=NA
/wave_height=NA
/investigators=NA
/end_header@
325.0,0.013260836588471353
326.0,0.013146223706702922
327.0,0.013108829981684856
328.0,0.013128810562524056
329.0,0.01306671836399339
330.0,0.01298509580119886
331.0,0.012937960636252127
332.0,0.012816341591814353
333.0,0.012735687942443119
334.0,0.012715307281391433
335.0,0.012661667801837737
336.0,0.012585521512781828
337.0,0.012500579309008802
338.0,0.012429475729325023
339.0,0.012385965371690254
340.0,0.01231880686263036
341.0,0.012240110625120799
342.0,0.012207799881450532
343.0,0.012148617611159526
344.0,0.01207209727357807
345.0,0.012001884847288275
346.0,0.0119333132547833
347.0,0.011880552760631095
348.0,0.011819428953650747
349.0,0.011768879426268109
350.0,0.011716707117031593
351.0,0.011664798111891797
352.0,0.011593881762597838
353.0,0.011539076789366946
354.0,0.01149472361108009
355.0,0.01145722128099089
356.0,0.011418418804288746
357.0,0.011362749900550057
358.0,0.011292859326775895
359.0,0.01126746627436819
360.0,0.011242833064501896
361.0,0.011161272003867613
362.0,0.011097829648684351
363.0,0.011061733141530628
364.0,0.011011862502448812
365.0,0.010972937049165552
366.0,0.010941880737691954
367.0,0.01089241513639317
368.0,0.010842496064398226
369.0,0.010816009143438967
370.0,0.01077827864521116
371.0,0.010733491384324256
372.0,0.010710049147243278
373.0,0.010672037203448195
374.0,0.010617710556631459
375.0,0.010589459565843359
376.0,0.010566377663495751
377.0,0.01052209722164559
378.0,0.010466692304038842
379.0,0.010417972744203825
380.0,0.010402277622832933
381.0,0.010397101298558687
382.0,0.01038972178834886
383.0,0.010346804223429136
384.0,0.010290804934935414
385.0,0.010261503153211117
386.0,0.010240037996741228
387.0,0.010212696488846696
388.0,0.010173548635836345
389.0,0.010137459200022798
390.0,0.01011180348454631
391.0,0.010110569675669675
392.0,0.01009395376671416
393.0,0.010054388613723986
394.0,0.010033185978998278
395.0,0.010018002244183954
396.0,0.009984999442476609
397.0,0.009939867093937203
398.0,0.009884262367578247
399.0,0.009856831551990198
400.0,0.009837342729950162
401.0,0.00980662013678606
402.0,0.00978390847771449
403.0,0.009770315347401371
404.0,0.009754478800001642
405.0,0.009732475610226079
406.0,0.009711022650144714
407.0,0.009692940196357032
408.0,0.00967053956910254
409.0,0.00964429604423607
410.0,0.009618330927461853
411.0,0.00959629595686325
412.0,0.009575444983531281
413.0,0.009560929527278616
414.0,0.009555491011588192
415.0,0.00954287351437309
416.0,0.009530376549123743
417.0,0.009518739529596355
418.0,0.009509174218706559
419.0,0.00950398312318959
420.0,0.009503986747031207
421.0,0.009500938942273883
422.0,0.009490773548437552
423.0,0.0094855876294954
424.0,0.009485814557378926
425.0,0.009488345636879334
426.0,0.009496620541391762
427.0,0.00950578243924188
428.0,0.009504416044195272
429.0,0.009501800030546287
430.0,0.009502030882206552
431.0,0.009504210018972564
432.0,0.009503383828984264
433.0,0.009497681976915001
434.0,0.009491567488584238
435.0,0.009489442122862334
436.0,0.00949688279991347
437.0,0.009505970260840994
438.0,0.009515808548911344
439.0,0.00953534832008312
440.0,0.009560821794807927
441.0,0.009582766067403112
442.0,0.009607959907087543
443.0,0.009639404143178489
444.0,0.00967423820668083
445.0,0.009710828433768921
446.0,0.009755935374674764
447.0,0.00980377340878204
448.0,0.009850852479101965
449.0,0.009894796421011792
450.0,0.009938721477106954
451.0,0.009985642501787441
452.0,0.010035268054642702
453.0,0.01008634927300552
454.0,0.010133883500193964
455.0,0.010177050512080166
456.0,0.010216314555028031
457.0,0.010254014526128119
458.0,0.01029564687437996
459.0,0.010339812772807069
460.0,0.010384249204022136
461.0,0.010428321509203182
462.0,0.010469775924245603
463.0,0.010512150886254543
464.0,0.010557509445635932
465.0,0.010602972932044704
466.0,0.010651540181321004
467.0,0.010701687660476671
468.0,0.010750205966693502
469.0,0.010797331584033336
470.0,0.010841516589278287
471.0,0.01088522118047087
472.0,0.010930961134671433
473.0,0.010977883617019587
474.0,0.011023058794905356
475.0,0.011066641527092753
476.0,0.011101072561026546
477.0,0.011134639051406606
478.0,0.011175285801096016
479.0,0.0112166461531009
480.0,0.011256365804858648
481.0,0.011297916462987096
482.0,0.011340644867546767
483.0,0.011379878675846593
484.0,0.011423412677172664
485.0,0.01147008341948708
486.0,0.011511007931154098
487.0,0.011554572816641333
488.0,0.01160158545541628
489.0,0.011640354897595604
490.0,0.01167535218151974
491.0,0.011719933218159171
492.0,0.011768046536970141
493.0,0.011821840654179367
494.0,0.011884037976326828
495.0,0.011945689747272928
496.0,0.01200754980264261
497.0,0.012074202280967396
498.0,0.012148845985960735
499.0,0.012225757252551695
500.0,0.012309420769436436
501.0,0.012396598732996214
502.0,0.01247987715786519
503.0,0.012563759995945204
504.0,0.012650037880189624
505.0,0.012730966252653431
506.0,0.012807976169511357
507.0,0.012882237130400093
508.0,0.012951533360903303
509.0,0.013017540980450609
510.0,0.013079787032639284
511.0,0.01314133776929855
512.0,0.013206121776150085
513.0,0.013283169028641637
514.0,0.013373546563003246
515.0,0.013474801405513742
516.0,0.013589691329519144
517.0,0.013714676620052551
518.0,0.013837199146516228
519.0,0.013954554665352245
520.0,0.014071064198758624
521.0,0.014187794216505106
522.0,0.014309547270592674
523.0,0.014435748522838156
524.0,0.01456170922463158
525.0,0.014683301547345614
526.0,0.014809923503152394
527.0,0.014940485613720089
528.0,0.015062896464639472
529.0,0.01518140421161544
530.0,0.015296911927456793
531.0,0.015411391961445276
532.0,0.015528435655004617
533.0,0.015649194273841704
534.0,0.01576037826589493
535.0,0.01586166721598155
536.0,0.015965492456065114
537.0,0.0160682329037929
538.0,0.01616637099625214
539.0,0.016261326143618297
540.0,0.016350958782929303
541.0,0.016433723709569935
542.0,0.016508193973706144
543.0,0.016573364333027245
544.0,0.016630095045172377
545.0,0.0166792337403149
546.0,0.016722096271463184
547.0,0.01675367872746985
548.0,0.016778839246931347
549.0,0.01680357914823546
550.0,0.016827630885834274
551.0,0.016854723838861677
552.0,0.01689051440876483
553.0,0.016934954759449384
554.0,0.016982313821778214
555.0,0.017031703385278082
556.0,0.01708022994353161
557.0,0.017117423859280636
558.0,0.017150271105304753
559.0,0.017183173106126978
560.0,0.017201930183493752
561.0,0.017210132519739345
562.0,0.01721442074594723
563.0,0.017210620434955567
564.0,0.017197924394107767
565.0,0.01717929701324389
566.0,0.01715235249555489
567.0,0.017113152856373392
568.0,0.017060276731333583
569.0,0.016994206944353607
570.0,0.016921120171389963
571.0,0.016842054037058934
572.0,0.016752031406248712
573.0,0.016639949757725765
574.0,0.01651337954908127
575.0,0.01638303264210926
576.0,0.016232804929042808
577.0,0.01605685904541336
578.0,0.015855241444694957
579.0,0.015627443975426134
580.0,0.015377422841166503
581.0,0.015110831420113102
582.0,0.014831669798270325
583.0,0.01454144435088989
584.0,0.014238889271786754
585.0,0.013928605206429506
586.0,0.013620283005248094
587.0,0.013313978456447096
588.0,0.012999909225904795
589.0,0.012670091349312667
590.0,0.012332598758511098
591.0,0.0120008396616665
592.0,0.011666895818508747
593.0,0.011319075499361085
594.0,0.010955503398719809
595.0,0.01056888927470494
596.0,0.010156348040644594
597.0,0.00973095004862064
598.0,0.009303401716326818
599.0,0.00889674443672646
600.0,0.008534601329226179
601.0,0.008239231089333821
602.0,0.008009950342133162
603.0,0.007839263075733028
604.0,0.007715978042987326
605.0,0.007627077411254452
606.0,0.007560134618137701
607.0,0.007503464420974932
608.0,0.007454618863294864
609.0,0.007405828315019014
610.0,0.007361611569116838
611.0,0.0073200948554290645
612.0,0.007269902495771081
613.0,0.0072213351735524135
614.0,0.00717733226674914
615.0,0.007127432666119618
616.0,0.0070767181191176256
617.0,0.007026287973690407
618.0,0.006976694809031972
619.0,0.006930557734973093
620.0,0.006885534894903919
621.0,0.006840942135228005
622.0,0.0067972298376295604
623.0,0.006758887858411044
624.0,0.006721591451705364
625.0,0.006673942489655707
626.0,0.0066276642800378194
627.0,0.006583940670804872
628.0,0.006545225818409592
629.0,0.006508599778493678
630.0,0.006475875657176817
631.0,0.006443151286382881
632.0,0.006408717296768866
633.0,0.0063748474297832
634.0,0.0063425140929125046
635.0,0.006311344930923039
636.0,0.006282711738504941
637.0,0.006253183171208099
638.0,0.006214072029053278
639.0,0.006182073820619633
640.0,0.006157524665684367
641.0,0.006122501456107906
642.0,0.006083451794148184
643.0,0.0060377697382886005
644.0,0.005993487173866554
645.0,0.005949168800728445
646.0,0.005896620672083257
647.0,0.005846958924922088
648.0,0.005805200420402593
649.0,0.0057507486260992636
650.0,0.005685954449993502
651.0,0.005615498495033208
652.0,0.005538831351526739
653.0,0.00545413432954911
654.0,0.005366197370356674
655.0,0.005260802868338693
656.0,0.005137602553570414
657.0,0.005011809175095299
658.0,0.004902916241125286
659.0,0.004812582582514887
660.0,0.0047339350201938525
661.0,0.004664142030387963
662.0,0.0046008624843482115
663.0,0.004548398985864709
664.0,0.004505354570387311
665.0,0.0044576184251901105
666.0,0.004407849161264575
667.0,0.004375792086988288
668.0,0.004348253656079473
669.0,0.004313778479408769
670.0,0.004287020316165702
671.0,0.004265088097490859
672.0,0.004245578790358207
673.0,0.004226343641226386
674.0,0.004206333538707937
675.0,0.004187135267599502
676.0,0.004168649927617096
677.0,0.004147106544047631
678.0,0.004131760086954204
679.0,0.0041227891298682194
680.0,0.004107114908226161
681.0,0.004093296416773245
682.0,0.0040821189563294055
683.0,0.00407061380080096
684.0,0.0040609783726082834
685.0,0.0040498226924161555
686.0,0.0040366856625914695
687.0,0.004014555276005612
688.0,0.003970375863816526
689.0,0.003917976989510678
690.0,0.003867554966623886
691.0,0.0038163690975232282
692.0,0.003758601395921324
693.0,0.003695576999006832
694.0,0.0036279434741900304
695.0,0.0035608698674843577
696.0,0.0034957534317883497
697.0,0.0034265821444953966
698.0,0.0033428878548058816
699.0,0.0032643509801945332
700.0,0.0031917728844453957
701.0,0.0031083766992398786
702.0,0.0030248645642185273
703.0,0.002944432347290535
704.0,0.0028626168918533352
705.0,0.002777402635176657
706.0,0.002695365771572987
707.0,0.002613279372052164
708.0,0.002527377583183273
709.0,0.002446320858986971
710.0,0.0023660915670666734
711.0,0.0022814746966377695
712.0,0.0021911257940460767
713.0,0.0020974349892248353
714.0,0.0020065303367242473
715.0,0.0019154981835793478
716.0,0.0018205699415222488
717.0,0.001736761738187149
718.0,0.001653584122869822
719.0,0.0015734079488825387
720.0,0.0015120229961905476
721.0,0.0014610340847513025
722.0,0.001403655040838416
723.0,0.0013435811414320362
724.0,0.0012753831594233176
725.0,0.0012151724309719695
726.0,0.001162684243274205
727.0,0.0011131517572181074
728.0,0.001061838199241507
729.0,0.0010045803361462377
730.0,0.0009471894720131135
731.0,0.000897330291735121
732.0,0.0008633420563686649
733.0,0.0008313432967074031
734.0,0.0008015429242241871
735.0,0.0007686076478444568
736.0,0.0007487914444847482
737.0,0.0007410391235093062
738.0,0.0007235050851514996
739.0,0.0007096741231171453
740.0,0.0007048720381274553
741.0,0.0006954164067033029
742.0,0.0006851018753357235
743.0,0.0006941607961845747
744.0,0.0006944719523838861
745.0,0.0006806252580744993
746.0,0.000676371910434697
747.0,0.000672086988340811
748.0,0.0006596792182238506
749.0,0.0006588437010984132
750.0,0.0006633882975380978
751.0,0.0006499621103860422
752.0,0.0006380875109523902
753.0,0.0006347362853732659
754.0,0.0006355756767940487
755.0,0.0006369525435801151
756.0,0.0006261345981875085
757.0,0.0006126010182157033
758.0,0.0005981717099461395
759.0,0.0005677192071425597
760.0,0.0005339695641171765
761.0,0.000510084557454624
762.0,0.0004986457263866067
763.0,0.0005040774710719303
764.0,0.0005171407044845884
765.0,0.0005366121142420055
766.0,0.0005523014224641911
767.0,0.0005579765675678174
768.0,0.0005655040682724809
769.0,0.0005809109227060346
770.0,0.0005819588471876484
771.0,0.0005747971841020618
772.0,0.0005777148554483097
773.0,0.0005802886183866136
774.0,0.0005817355313950342
775.0,0.0005808502000489265
776.0,0.0005792138573559577
777.0,0.0005778448854164152
778.0,0.0005782489528294742
779.0,0.0005820140668705493
780.0,0.0005807405776476199
781.0,0.000585904158288321
782.0,0.0005936528867402724
783.0,0.000587015044666058
784.0,0.0005790895605876457
785.0,0.000585310579213719
786.0,0.0005846075161318299
787.0,0.0005770479238111112
788.0,0.0005765762826383748
789.0,0.0005772135641846155
790.0,0.0005827103214258716
791.0,0.0005851318107851554
792.0,0.000586251138715666
793.0,0.0006020439740914349
794.0,0.0006060637507121619
795.0,0.000595398415203052
796.0,0.0005991209253759333
797.0,0.0006061244728723911
798.0,0.0006158833796851453
799.0,0.0006168782639699988
800.0,0.0006131320259981105
801.0,0.0006157822851938758
802.0,0.0006182001561708143
803.0,0.0006148126973469041
804.0,0.0006186247889066831
805.0,0.000623650585212645
806.0,0.0006189198746528665
807.0,0.0006077416628425371
808.0,0.0005994675862218476
809.0,0.0005976456619889024
810.0,0.0005922392371024654
811.0,0.0005834344456038651
812.0,0.0005605584075327912
813.0,0.0005390804183883045
814.0,0.0005364298481805749
815.0,0.0005319723251864174
816.0,0.0005188012467635979
817.0,0.0005013845472367736
818.0,0.00048794534573869884
819.0,0.00048128183045515307
820.0,0.000485159569226392
821.0,0.000475593075214318
822.0,0.00044018083080674304
823.0,0.0004156094296833647
824.0,0.00040238419495439235
825.0,0.0003843280607895236
826.0,0.0003657602718243748
827.0,0.00034417277860659105
828.0,0.00032295968742691373
829.0,0.00030524633137515384
830.0,0.00028297105842154286
831.0,0.0002598486220196668
832.0,0.000245977590993362
833.0,0.00024008586592655186
834.0,0.00023661700021336413
835.0,0.00023090157957686127
836.0,0.0002241805918947621
837.0,0.00021867738227606139
838.0,0.00021668991525477057
839.0,0.00020109210277486261
840.0,0.00018673784480679697
841.0,0.00019331285397446293
842.0,0.0002047380929677341
843.0,0.00020861602017102854
844.0,0.00020183271747453618
845.0,0.00019042780719947578
846.0,0.00016920517288115906
847.0,0.00016610052391336408
848.0,0.00017526536980675035
849.0,0.00016660059000870035
850.0,0.00015605381495928462
851.0,0.00015632020103732415
852.0,0.00014507863536877195
853.0,0.00013565665948617216
854.0,0.0001455078535289484
855.0,0.00014322587385492464
856.0,0.00012537536223503656
857.0,0.00012563917325907826
858.0,0.00013674003504634256
859.0,0.00014838906375428705
860.0,0.00012923104058606806
861.0,0.00010872239375249275
862.0,9.873059840506581e-05
863.0,0.00010396355943220787
864.0,0.00010731561673435958
865.0,9.181912280226686e-05
866.0,8.070295074370006e-05
867.0,6.769346088156808e-05
868.0,6.63314038727249e-05
869.0,6.645385851719585e-05
870.0,5.693570146946252e-05
871.0,6.897347334341909e-05
872.0,7.353110047889022e-05
873.0,6.570574080537598e-05
874.0,5.854483777037356e-05
875.0,6.301076545572445e-05
876.0,5.5333977299753115e-05
877.0,4.905421534926106e-05
878.0,4.977662733343252e-05
879.0,4.135464296680394e-05
880.0,4.750081295891362e-05
881.0,4.899154155640333e-05
882.0,5.2462259622823064e-05
883.0,7.756249122067076e-05
884.0,6.496432639098304e-05
885.0,4.8477414032515904e-05
886.0,4.9292773182143854e-05
887.0,5.162619243607666e-05
888.0,6.154484516506638e-05
889.0,7.54612554480214e-05
890.0,7.580036190057301e-05
891.0,8.819112066144215e-05
892.0,6.345439729953526e-05
893.0,7.807611563543467e-05
894.0,9.474542396320034e-05
895.0,9.270538287281555e-05
896.0,0.00010000000000000002
897.0,0.00010000000000000002
898.0,0.00010000000000000002
899.0,9.229677359689786e-05
