/begin_header
/west_longitude=UNKNOWN
/south_latitude=NA
/north_latitude=UNKNOWN
/calibration_files=NA
/cruise=NA
/station=NA
/documents=NA
/data_type=NA
/affiliations=NOAA
/experiment=NA
/units=nm,dl
/start_date=2019-08-16
/end_date=NA
/missing=9999
/start_time=11:53:24
/data_file_name=NA
/cloud_percent=NA
/water_depth=NA
/data_status=NA
/east_longitude=NA
/wind_speed=NA
/secchi=NA
/measurement_depth=NA
/fields=wavelength,rrs
/delimiter=comma
/contact=NA
/end_time=NA
/wave_height=NA
/investigators=NA
/end_header@
325.0,0.013675724008944174
326.0,0.013639617431339433
327.0,0.013489949610682875
328.0,0.013292889831461518
329.0,0.013268142593273673
330.0,0.013243189226104679
331.0,0.013153827487037844
332.0,0.01312166770496826
333.0,0.013098649991380756
334.0,0.013080155782612096
335.0,0.01302844948066791
336.0,0.012960048990449734
337.0,0.01291824896330446
338.0,0.012866819786596363
339.0,0.012797443896946068
340.0,0.01274963337384016
341.0,0.012716835607760376
342.0,0.012686978470961735
343.0,0.012694295752107282
344.0,0.012710412011036842
345.0,0.012710582231831033
346.0,0.01268626733165538
347.0,0.01264635353748319
348.0,0.01263394830843865
349.0,0.01263757916860308
350.0,0.012636505652139581
351.0,0.012641697692499971
352.0,0.01264701724363514
353.0,0.012628821805632729
354.0,0.012616830896303994
355.0,0.012608295268689002
356.0,0.012593989266497557
357.0,0.012578978982291811
358.0,0.012589415693481053
359.0,0.012564275511053732
360.0,0.012506957652814395
361.0,0.01247702254382397
362.0,0.012458095993679846
363.0,0.012440690486476228
364.0,0.012400705691568491
365.0,0.012359030912895542
366.0,0.01233151657065853
367.0,0.012307229234653452
368.0,0.012272871429054644
369.0,0.012226923425951934
370.0,0.012174889086427002
371.0,0.012123496835668594
372.0,0.012089106373559241
373.0,0.012058195273786515
374.0,0.012006284767345903
375.0,0.011966673145161939
376.0,0.011916405036330891
377.0,0.011845272162717718
378.0,0.011795151822185001
379.0,0.011767791756806279
380.0,0.011734907191072229
381.0,0.01170276538184152
382.0,0.01167225659347273
383.0,0.011645103656865963
384.0,0.011621341085915915
385.0,0.011585584668012539
386.0,0.011537246289394476
387.0,0.011500638168845344
388.0,0.011503676976815085
389.0,0.011487932269198546
390.0,0.011434470089759523
391.0,0.011391338413076798
392.0,0.011365458269424537
393.0,0.011355125936707256
394.0,0.011320302892919586
395.0,0.011257623946304973
396.0,0.011206471045246698
397.0,0.011149406412247976
398.0,0.011091964965944837
399.0,0.011040848342727585
400.0,0.010991188856265006
401.0,0.010946883380080128
402.0,0.010900826361864634
403.0,0.010857239851134393
404.0,0.01081394304588833
405.0,0.01076486234461723
406.0,0.010714363573184418
407.0,0.010660190432082427
408.0,0.010597066321408435
409.0,0.01053395054032366
410.0,0.01047840251091081
411.0,0.010430625170085231
412.0,0.01038780533788969
413.0,0.010344383599233975
414.0,0.010292752635000948
415.0,0.010261800354562287
416.0,0.01024133525511048
417.0,0.010212448931242341
418.0,0.010185993380015915
419.0,0.010165928603124149
420.0,0.010154664087983966
421.0,0.010142641735952938
422.0,0.010124163242464856
423.0,0.01011091828720934
424.0,0.010103154561777749
425.0,0.01009633744336429
426.0,0.01008657371671782
427.0,0.010072118230147769
428.0,0.01005784468044398
429.0,0.01003773869079649
430.0,0.010010385612756738
431.0,0.009980246765712322
432.0,0.009948313742181782
433.0,0.009922534064315622
434.0,0.009896502459237901
435.0,0.009876147854324013
436.0,0.009870897454726111
437.0,0.00986927492632628
438.0,0.00987045610570005
439.0,0.009891215481960976
440.0,0.00992841965828886
441.0,0.009969340131975056
442.0,0.010018791259295914
443.0,0.010080203396011943
444.0,0.010163769893421997
445.0,0.010259289374710599
446.0,0.010362990235479251
447.0,0.010482498713273593
448.0,0.010611296969533082
449.0,0.010737857998383149
450.0,0.010868880563560685
451.0,0.011008161995070296
452.0,0.011141758637785113
453.0,0.011270406761090358
454.0,0.011402268012343574
455.0,0.0115246050637447
456.0,0.011633206812144154
457.0,0.0117315597970313
458.0,0.011822482188061987
459.0,0.011908103453617204
460.0,0.011984103339017328
461.0,0.012055907593799476
462.0,0.012131626535815438
463.0,0.012208310453326135
464.0,0.01228304767568927
465.0,0.01236122768039086
466.0,0.012443624711793246
467.0,0.01253314800588071
468.0,0.012623831495517362
469.0,0.012715119862910917
470.0,0.012810286490409276
471.0,0.01290237672374786
472.0,0.012990843105401467
473.0,0.013086077301681829
474.0,0.013176920855625973
475.0,0.013258614953262072
476.0,0.01334149952924476
477.0,0.013422778195285364
478.0,0.013495183625065443
479.0,0.013561701255201713
480.0,0.01362576029457167
481.0,0.013692273623413109
482.0,0.013752770791895866
483.0,0.013802353374913146
484.0,0.013855176242304604
485.0,0.013911444259942344
486.0,0.01395958082591873
487.0,0.014003965396106188
488.0,0.01404519492511672
489.0,0.014091047032073678
490.0,0.014145692017915707
491.0,0.014210259368924403
492.0,0.014281816903678416
493.0,0.014363030595181242
494.0,0.014454827243663515
495.0,0.014558294883793555
496.0,0.01467461209182184
497.0,0.014816525806236191
498.0,0.014979957237299068
499.0,0.015154593426009121
500.0,0.015341509138357315
501.0,0.01554281540336159
502.0,0.01576926593887374
503.0,0.01600554317712235
504.0,0.016240933426205827
505.0,0.016489210803820296
506.0,0.016753123967969005
507.0,0.01702996515270156
508.0,0.017323059119340716
509.0,0.01762848058084498
510.0,0.01793149842684367
511.0,0.01823820161682336
512.0,0.018562835907190184
513.0,0.018906328512467957
514.0,0.01927118370282124
515.0,0.01965202130404718
516.0,0.0200577637079239
517.0,0.020486640717800007
518.0,0.020923888513361303
519.0,0.021352984558425693
520.0,0.021768168936448416
521.0,0.022190339888345505
522.0,0.022626721413315443
523.0,0.023065490991981717
524.0,0.02351749554232623
525.0,0.023983920529787886
526.0,0.024457307484461004
527.0,0.024938125168961895
528.0,0.025421320727604297
529.0,0.025888051557218884
530.0,0.026341989988322122
531.0,0.026808339467408925
532.0,0.0272837800271786
533.0,0.027760893905234146
534.0,0.028229001499364574
535.0,0.028679227657445926
536.0,0.02911784249553671
537.0,0.02954579878722762
538.0,0.02996414256833408
539.0,0.030373882804495912
540.0,0.030769695199666696
541.0,0.03114010301932112
542.0,0.03148317109843622
543.0,0.03179689198707361
544.0,0.03208502589957777
545.0,0.03234608332860379
546.0,0.03257679836971743
547.0,0.032774634495056014
548.0,0.03294566374085635
549.0,0.03309929006734597
550.0,0.03323379162853518
551.0,0.03335042928665249
552.0,0.03345116707345706
553.0,0.03353626538362573
554.0,0.03360201435328285
555.0,0.033640693416641505
556.0,0.03365129264423533
557.0,0.03363748024610409
558.0,0.03359750466727422
559.0,0.03352970505340108
560.0,0.03343339564112437
561.0,0.03331066712542914
562.0,0.03316364513972715
563.0,0.032990479364917745
564.0,0.03278936089309155
565.0,0.03255776104625553
566.0,0.03229448917684164
567.0,0.03200386203334411
568.0,0.031685030774472586
569.0,0.03133640434924612
570.0,0.030961380594480763
571.0,0.030564349453162543
572.0,0.030154545296883273
573.0,0.029728498810808145
574.0,0.029288695502556812
575.0,0.02884220409488288
576.0,0.028379569537460292
577.0,0.027902045398174306
578.0,0.027409862396782076
579.0,0.02690580269823741
580.0,0.02639527875247557
581.0,0.02587999358524979
582.0,0.02536176046784842
583.0,0.02483364829402354
584.0,0.02430987635905243
585.0,0.023795602250379466
586.0,0.023283797750320297
587.0,0.02277368823005741
588.0,0.02226299507878659
589.0,0.021747798037507877
590.0,0.021238582691255246
591.0,0.0207439631187517
592.0,0.020262219503818717
593.0,0.019770841722875875
594.0,0.01925848869193546
595.0,0.018720688653698195
596.0,0.018156208876784895
597.0,0.017569722247438246
598.0,0.016973631788396823
599.0,0.016395170813923724
600.0,0.01586613980262918
601.0,0.015408341383173815
602.0,0.015024643589481612
603.0,0.014714561218592482
604.0,0.01446706429789632
605.0,0.014261698788460005
606.0,0.014080657742653819
607.0,0.013909146326393996
608.0,0.01374602020656851
609.0,0.013589271547864152
610.0,0.0134307889072954
611.0,0.013272980148924632
612.0,0.013125504215833219
613.0,0.012985466612698723
614.0,0.012850121815882054
615.0,0.012718445395949598
616.0,0.012591373730584656
617.0,0.012476697513349348
618.0,0.012372200889872429
619.0,0.01227563592552389
620.0,0.012189473687878297
621.0,0.012115064247471784
622.0,0.01205632828444117
623.0,0.012004618917593074
624.0,0.011956275398901817
625.0,0.011910779772576456
626.0,0.011869583036475595
627.0,0.01183479600331039
628.0,0.011814121087840784
629.0,0.011803568270219585
630.0,0.011806180718757508
631.0,0.011817127157143965
632.0,0.011834129805719094
633.0,0.011863051487066015
634.0,0.011894978880944247
635.0,0.01193139902825485
636.0,0.011975628822969316
637.0,0.012024730373079131
638.0,0.012068680586310047
639.0,0.012114914329995796
640.0,0.012165029800322509
641.0,0.012200853788727501
642.0,0.012223863241476283
643.0,0.012238877536434592
644.0,0.01224804616473647
645.0,0.0122506677782508
646.0,0.012236844528693802
647.0,0.012210110630181827
648.0,0.012176370023688677
649.0,0.01212686085048322
650.0,0.012054418163507937
651.0,0.01194037375900468
652.0,0.011799712839253528
653.0,0.01163911634270221
654.0,0.011464783240807273
655.0,0.011238284927429381
656.0,0.010942346571722333
657.0,0.010601468302344003
658.0,0.010260160553342614
659.0,0.00994095788307182
660.0,0.009626814158189497
661.0,0.009312552791761623
662.0,0.009009276247483593
663.0,0.008718208040645482
664.0,0.008436381538513062
665.0,0.008175325392341795
666.0,0.007941356809114935
667.0,0.0077314601368828045
668.0,0.007555589913128746
669.0,0.0074165715837186145
670.0,0.007314696360009294
671.0,0.007241349425359064
672.0,0.007181929347870483
673.0,0.0071417020481988214
674.0,0.007119911064409186
675.0,0.007117232882539784
676.0,0.007132860050616729
677.0,0.0071709829618781555
678.0,0.0072207690030511125
679.0,0.007287734902591295
680.0,0.007389836919909215
681.0,0.007521117279730245
682.0,0.007679978359384018
683.0,0.00787545757614143
684.0,0.008111993743575234
685.0,0.008410662041439584
686.0,0.008763950411219926
687.0,0.009147069805930556
688.0,0.009481558610422427
689.0,0.009796561749083
690.0,0.010146822368851036
691.0,0.010517630592336926
692.0,0.010904256441615285
693.0,0.011280686649691951
694.0,0.011637391157957748
695.0,0.011951599291175532
696.0,0.012211321276706082
697.0,0.012417150232424939
698.0,0.012578235990091013
699.0,0.01268498467488222
700.0,0.012735307080867533
701.0,0.012731322411896034
702.0,0.012668027074882186
703.0,0.01255849756475189
704.0,0.012420787122164819
705.0,0.012255219563939056
706.0,0.012049869557061192
707.0,0.01181769688950971
708.0,0.011564497410399999
709.0,0.011287819029579366
710.0,0.010981492815089897
711.0,0.010648498654719016
712.0,0.010299700253474242
713.0,0.009946433170461805
714.0,0.009594292444698676
715.0,0.009252757948074022
716.0,0.00891186760185506
717.0,0.008565124561081936
718.0,0.008199634033382686
719.0,0.007839436962195658
720.0,0.007502783535789079
721.0,0.007206677771812044
722.0,0.006935279039952225
723.0,0.006653421080144049
724.0,0.006357974299931878
725.0,0.006063169029006062
726.0,0.00577651118835652
727.0,0.005486879232255328
728.0,0.00518518441948439
729.0,0.004880129254574925
730.0,0.004584469845159107
731.0,0.004313331271880822
732.0,0.004080648716275641
733.0,0.0038905928528139787
734.0,0.0037277324061463653
735.0,0.003588250821947208
736.0,0.0034768026991307114
737.0,0.0033965076602189685
738.0,0.003341985193577826
739.0,0.0033039913048538367
740.0,0.003269606705013098
741.0,0.003244852018833907
742.0,0.0032288425105292465
743.0,0.003213463417165811
744.0,0.0031993098614267698
745.0,0.0031856159200621334
746.0,0.0031838849291285854
747.0,0.003179843027520752
748.0,0.0031598027161643485
749.0,0.0031470106633137047
750.0,0.003142424256855168
751.0,0.00313239027602372
752.0,0.003122077874053455
753.0,0.003114372958417735
754.0,0.0031039999699269336
755.0,0.0030950699559325777
756.0,0.0030954254116859537
757.0,0.0030904841361171177
758.0,0.0030729061848993816
759.0,0.003044515414146764
760.0,0.00300807505182158
761.0,0.002990031891980723
762.0,0.0029674684246097363
763.0,0.0029565599877969364
764.0,0.002973299444826846
765.0,0.002988166314362244
766.0,0.002998904209025694
767.0,0.0030146423606615116
768.0,0.00303062266821132
769.0,0.003046689606310572
770.0,0.0030566403975883704
771.0,0.003063500092210862
772.0,0.003079348922286362
773.0,0.0030912345068268084
774.0,0.0030955552702821012
775.0,0.0031068269720308955
776.0,0.0031213827747311436
777.0,0.003142090265676227
778.0,0.003158774911287455
779.0,0.0031731732633013448
780.0,0.003189803949690373
781.0,0.003208528772675385
782.0,0.0032326718429666773
783.0,0.0032573508226883116
784.0,0.0032836597782006085
785.0,0.0033059576773138157
786.0,0.003319153780083424
787.0,0.0033307995510399634
788.0,0.0033616870481957403
789.0,0.0033947355664037523
790.0,0.0034229157228758697
791.0,0.003461998757570222
792.0,0.0035017384141537086
793.0,0.0035268009826626783
794.0,0.003554118644859882
795.0,0.0035856343530321793
796.0,0.0036164426558160353
797.0,0.003644709645301545
798.0,0.003662995504091958
799.0,0.0036868286188344694
800.0,0.003714321556220827
801.0,0.0037357716522930795
802.0,0.003750076262905981
803.0,0.0037577251933440248
804.0,0.0037669308643929963
805.0,0.0037800873651169147
806.0,0.0037876085638108648
807.0,0.003778601975767456
808.0,0.0037550261099475817
809.0,0.003726484939727215
810.0,0.0036929757418484497
811.0,0.003660148967323406
812.0,0.003620158623020407
813.0,0.003575128873545383
814.0,0.0035236832533192064
815.0,0.003473350264827839
816.0,0.003422038193524495
817.0,0.0033619942666139615
818.0,0.003306030336124583
819.0,0.0032505046865842916
820.0,0.003170346028073809
821.0,0.0030815985224607904
822.0,0.002998031828850534
823.0,0.0028925895988431934
824.0,0.0027732168069714096
825.0,0.0026488605770176596
826.0,0.002522874733204767
827.0,0.0024034828347182856
828.0,0.0022916071416753296
829.0,0.0021768407409222886
830.0,0.0020612111068321433
831.0,0.001968276851039547
832.0,0.0018938646342642174
833.0,0.0018362770140222563
834.0,0.0017812181396918193
835.0,0.0017205874063236728
836.0,0.0016841926550881243
837.0,0.0016599528586327139
838.0,0.0016367599348021747
839.0,0.0016109611449366301
840.0,0.0015879639561907101
841.0,0.0015733663015065804
842.0,0.0015555504085135261
843.0,0.0015344536604177902
844.0,0.0015316851806868072
845.0,0.0015303576769343304
846.0,0.0015019952303839293
847.0,0.0014722320017307759
848.0,0.0014561931396489189
849.0,0.0014412401745588382
850.0,0.0014264113318200665
851.0,0.0014077006807771178
852.0,0.0013791135374890383
853.0,0.0013652643664835143
854.0,0.0013575656867866773
855.0,0.0013310613441330703
856.0,0.0012981957501583044
857.0,0.0012941494722152336
858.0,0.0012922630762983978
859.0,0.0012805868534616043
860.0,0.0012659469568916352
861.0,0.001257460762608375
862.0,0.0012462209578533888
863.0,0.001231156945469326
864.0,0.0012113607659460942
865.0,0.0012059299181357897
866.0,0.0011849466301338395
867.0,0.0011467700519876775
868.0,0.001149961484123612
869.0,0.0011427355245611005
870.0,0.0011059562045116842
871.0,0.0010925427575835687
872.0,0.0010831040085677035
873.0,0.0010674925961139284
874.0,0.001047197270275809
875.0,0.0010240436893791023
876.0,0.0010155262759563033
877.0,0.0009947934903133658
878.0,0.0009545502394611296
879.0,0.0009423634010423156
880.0,0.0009297970734791497
881.0,0.0009023191717187665
882.0,0.000884852605657609
883.0,0.0008830761590257457
884.0,0.0008642428550941078
885.0,0.0008246514473847233
886.0,0.0007891279218843139
887.0,0.0007896176176358481
888.0,0.00079370216191115
889.0,0.0007549317170483765
890.0,0.0007260450563390793
891.0,0.0007204869214698902
892.0,0.0007207045192111189
893.0,0.0006971791972259277
894.0,0.0006487254538616955
895.0,0.000634754956946283
896.0,0.0006070451078483434
897.0,0.0005440729631223534
898.0,0.0005157124870583174
899.0,0.0005199901706720211
