/begin_header
/west_longitude=UNKNOWN
/south_latitude=NA
/north_latitude=UNKNOWN
/calibration_files=NA
/cruise=NA
/station=NA
/documents=NA
/data_type=NA
/affiliations=NOAA
/experiment=NA
/units=nm,dl
/start_date=2019-08-15
/end_date=NA
/missing=9999
/start_time=12:51:27
/data_file_name=NA
/cloud_percent=NA
/water_depth=NA
/data_status=NA
/east_longitude=NA
/wind_speed=NA
/secchi=NA
/measurement_depth=NA
/fields=wavelength,rrs
/delimiter=comma
/contact=NA
/end_time=NA
/wave_height=NA
/investigators=NA
/end_header@
325.0,0.011928668780738288
326.0,0.011960268430833396
327.0,0.011928123194820065
328.0,0.011826278582068651
329.0,0.011693782896582627
330.0,0.011665226346214896
331.0,0.011712432984558412
332.0,0.011701025912965745
333.0,0.011624576321351103
334.0,0.011569621356763322
335.0,0.011529046370676059
336.0,0.011498208666682093
337.0,0.01146077945778238
338.0,0.011364211413328357
339.0,0.011259924348503689
340.0,0.011190644711482853
341.0,0.011151771558420199
342.0,0.011111361576511766
343.0,0.01106590219255739
344.0,0.010999905695899795
345.0,0.010964275910152702
346.0,0.010927957134569333
347.0,0.01088018062635111
348.0,0.010826474967586775
349.0,0.010770145934660556
350.0,0.010725963605295274
351.0,0.010670374872361133
352.0,0.010618327735483333
353.0,0.01059133371808869
354.0,0.010571000731754605
355.0,0.010540279947490527
356.0,0.010494361232711497
357.0,0.010438853449897117
358.0,0.010403256684950095
359.0,0.010376216785127432
360.0,0.010353717077756012
361.0,0.010316455356633383
362.0,0.010276846534501888
363.0,0.010247327456163852
364.0,0.010223638054058643
365.0,0.010186145350870597
366.0,0.010149227338532091
367.0,0.01012603090138813
368.0,0.010105607671408055
369.0,0.010073380257184012
370.0,0.010049694725176025
371.0,0.010032387632533897
372.0,0.009989566021301716
373.0,0.009947069141372568
374.0,0.009927736899143464
375.0,0.009920539658804966
376.0,0.009898520619702925
377.0,0.00985853520694015
378.0,0.009826631651120424
379.0,0.009806712136472596
380.0,0.009792646900155704
381.0,0.009771583020548936
382.0,0.009740257496515605
383.0,0.009734236782098473
384.0,0.009729909180566782
385.0,0.00969561158988677
386.0,0.009684932774655442
387.0,0.009694268185761846
388.0,0.009670109206678114
389.0,0.009641308826215137
390.0,0.009621163174635307
391.0,0.009613110729974516
392.0,0.009597892662616242
393.0,0.009564022610789188
394.0,0.009543808948311595
395.0,0.00953466969909469
396.0,0.009523214311157067
397.0,0.009498867220814045
398.0,0.009468032650380192
399.0,0.009440271045350581
400.0,0.009417300566315182
401.0,0.00940050721830768
402.0,0.009381379660968966
403.0,0.00936521494242733
404.0,0.009357992949011271
405.0,0.009350391052989739
406.0,0.009344448582834857
407.0,0.009324769668498174
408.0,0.00930812748126174
409.0,0.009308356437092819
410.0,0.009295943161604567
411.0,0.00927402724251403
412.0,0.009262697359519173
413.0,0.009256022381507214
414.0,0.009253562351616817
415.0,0.009247405918858346
416.0,0.009242390720007813
417.0,0.009238480600997578
418.0,0.009235838904794392
419.0,0.009236100827968587
420.0,0.009247285950008238
421.0,0.009256416139807872
422.0,0.009259151375146369
423.0,0.009261737048424232
424.0,0.009268000923950375
425.0,0.009278959332102621
426.0,0.009291273806642906
427.0,0.009301426417780773
428.0,0.00931909530424277
429.0,0.009333581095032706
430.0,0.009340031783420884
431.0,0.00934933288564307
432.0,0.009355372993139485
433.0,0.009351738446158364
434.0,0.009354048724097577
435.0,0.00936576909921975
436.0,0.009379954764949272
437.0,0.00939463705835773
438.0,0.009410598804075413
439.0,0.009432252213578884
440.0,0.00946150546092461
441.0,0.009499362241472511
442.0,0.009530983503954014
443.0,0.00955541364303757
444.0,0.00959712178366669
445.0,0.009645641407554929
446.0,0.0096934832307852
447.0,0.009747355105045324
448.0,0.009801226951333595
449.0,0.009841554577272265
450.0,0.009888513827376919
451.0,0.009947112791712457
452.0,0.009998847807911961
453.0,0.010045780412165474
454.0,0.010098342985315556
455.0,0.010147793560133709
456.0,0.010192946414108381
457.0,0.01023908849774369
458.0,0.010283436480175455
459.0,0.010326926346068013
460.0,0.010372346770168456
461.0,0.010417404656577405
462.0,0.01046524113794548
463.0,0.010509308614292525
464.0,0.010552950442091499
465.0,0.010607753626468697
466.0,0.01066459736604671
467.0,0.010719123234867721
468.0,0.010768031518633451
469.0,0.010818106042305906
470.0,0.010871746992224242
471.0,0.01092121025098882
472.0,0.010967933832336577
473.0,0.011015558882768646
474.0,0.011061045780581744
475.0,0.011108765703351257
476.0,0.011158666962824965
477.0,0.011204348989227009
478.0,0.011242469961934462
479.0,0.011283737565195176
480.0,0.011330583392782177
481.0,0.011374978209456597
482.0,0.011422311573357062
483.0,0.011470854301883472
484.0,0.011517865336991591
485.0,0.011565555382969142
486.0,0.011614692422354096
487.0,0.011660614484890964
488.0,0.011702611008215017
489.0,0.011738788249696734
490.0,0.011773858582596117
491.0,0.011822538328375409
492.0,0.011879129569325068
493.0,0.011938619549588216
494.0,0.01199153641168669
495.0,0.01205120480369097
496.0,0.012120202706947057
497.0,0.012191413674147004
498.0,0.012263118538392532
499.0,0.012343610686548543
500.0,0.01243150675426946
501.0,0.012522335180316124
502.0,0.012604883821626212
503.0,0.012686040548913449
504.0,0.01276870735333149
505.0,0.012852092339429305
506.0,0.012934840795844837
507.0,0.013015913262059054
508.0,0.013089754773138774
509.0,0.013156737713833739
510.0,0.013224037834883181
511.0,0.013290494021841199
512.0,0.013365130038499099
513.0,0.01345143432168434
514.0,0.013549017176825023
515.0,0.0136516360483292
516.0,0.01376799282262069
517.0,0.01389680842673686
518.0,0.014028682860123218
519.0,0.014154619397984635
520.0,0.014270855235828725
521.0,0.014386578315111666
522.0,0.014506425186261485
523.0,0.014629255231532115
524.0,0.014754086328251755
525.0,0.014878550028919815
526.0,0.015005950618716183
527.0,0.015133366328201453
528.0,0.015258213921143168
529.0,0.015371465241349339
530.0,0.015476857626770538
531.0,0.015595828432654748
532.0,0.015714865133573758
533.0,0.01582598862933069
534.0,0.015932657097408202
535.0,0.016034914406027622
536.0,0.01613359421440766
537.0,0.016228085695785155
538.0,0.016323228331153468
539.0,0.01641606919923274
540.0,0.016501384726120304
541.0,0.016575084414788572
542.0,0.01664386625489065
543.0,0.016705742121205173
544.0,0.01675792155065533
545.0,0.016800580868082768
546.0,0.016836366949195273
547.0,0.016866377603903027
548.0,0.01688947765129529
549.0,0.016908007777309893
550.0,0.016928403892358373
551.0,0.016954844959802068
552.0,0.01699322645548606
553.0,0.017036780401062927
554.0,0.0170813198693186
555.0,0.01712657895490579
556.0,0.017168732702666632
557.0,0.017207191832046782
558.0,0.017241230810829032
559.0,0.01726961551199353
560.0,0.01728505256919611
561.0,0.01729344378232317
562.0,0.017301622260682905
563.0,0.017299524508725055
564.0,0.017286352759015196
565.0,0.01726714912873826
566.0,0.017236063822348206
567.0,0.017194824733333124
568.0,0.017147680638173228
569.0,0.017091246060631872
570.0,0.01702285039651625
571.0,0.016940668109766098
572.0,0.016846649194629883
573.0,0.016744152422496175
574.0,0.016631364414827803
575.0,0.01650005503750561
576.0,0.01634416651254234
577.0,0.01616560012736747
578.0,0.01597168554835192
579.0,0.015753757333469426
580.0,0.015511611226760355
581.0,0.015247635029337722
582.0,0.01496803190681791
583.0,0.014681305327217106
584.0,0.01438774939404015
585.0,0.014086405859509257
586.0,0.013778083501956931
587.0,0.013466137999986643
588.0,0.013150072167612686
589.0,0.01282186312380319
590.0,0.012487122703145559
591.0,0.012159391276823412
592.0,0.01183359110145061
593.0,0.011489053491825134
594.0,0.011121816938350067
595.0,0.010733234276391303
596.0,0.010322354073569932
597.0,0.009896253703484641
598.0,0.009468727711551661
599.0,0.009067516852580743
600.0,0.008712278728066033
601.0,0.008424091839031143
602.0,0.008194392634827564
603.0,0.008019284920143529
604.0,0.007903475328788543
605.0,0.00781989844051244
606.0,0.0077536781282153775
607.0,0.007698409248003761
608.0,0.007645718497662911
609.0,0.007597923117355888
610.0,0.007556317680898124
611.0,0.007514598150229264
612.0,0.007463199012216687
613.0,0.007413518201736397
614.0,0.007366304969908829
615.0,0.007318240636642338
616.0,0.00726834628716169
617.0,0.007224561689040137
618.0,0.007176069921325573
619.0,0.007124220606827818
620.0,0.007086372113440255
621.0,0.007048822419700276
622.0,0.0070008160752097915
623.0,0.006953500625312062
624.0,0.006911051772858866
625.0,0.00687429984142123
626.0,0.006829698267437835
627.0,0.006775865215129932
628.0,0.006736880979276628
629.0,0.00670731432821101
630.0,0.006679174530759752
631.0,0.006646533313914524
632.0,0.006607651765537621
633.0,0.006570223568491486
634.0,0.006537739753023936
635.0,0.0065061109456882454
636.0,0.006472963023975547
637.0,0.006437678835715622
638.0,0.006416174358454688
639.0,0.006385382253263736
640.0,0.006339896464925224
641.0,0.006299792319304169
642.0,0.006262256725516127
643.0,0.00622748374059435
644.0,0.006189204963510454
645.0,0.006144842992675434
646.0,0.006093230455147746
647.0,0.006036383590173793
648.0,0.005980914517582594
649.0,0.00592617360501501
650.0,0.005870408627779738
651.0,0.005806821783213017
652.0,0.005729969819697214
653.0,0.005639795817135822
654.0,0.005550354242676231
655.0,0.005444576841043278
656.0,0.005315843533734881
657.0,0.00519091660864365
658.0,0.005083178315182781
659.0,0.004981363822524674
660.0,0.004896646689165288
661.0,0.004829893251040192
662.0,0.004772165121375612
663.0,0.004723135107805232
664.0,0.0046773935314249546
665.0,0.004633757960459707
666.0,0.004590369597156375
667.0,0.004554743385952117
668.0,0.004524110491788009
669.0,0.004496532024330641
670.0,0.00447274879397438
671.0,0.004450156768188584
672.0,0.004439034606446271
673.0,0.004422744061688328
674.0,0.004396761838950596
675.0,0.0043797181079321765
676.0,0.004366957037989174
677.0,0.004351582935116211
678.0,0.004338422403486522
679.0,0.004326142476447016
680.0,0.004315719846008533
681.0,0.004302897209950208
682.0,0.004291074596241594
683.0,0.004277149999981538
684.0,0.004265378905127466
685.0,0.004264074523808756
686.0,0.0042484292335947
687.0,0.004209776976024869
688.0,0.0041659916133450865
689.0,0.0041149868103577
690.0,0.004052861682719391
691.0,0.003987965149070105
692.0,0.003921797135987011
693.0,0.0038555646371330374
694.0,0.003787532536898755
695.0,0.0037155388291674847
696.0,0.0036435373654972168
697.0,0.003568750106647713
698.0,0.0034857818355687265
699.0,0.0033970096472600063
700.0,0.003307955923856974
701.0,0.003226898112578642
702.0,0.0031495859947314373
703.0,0.0030617804557565875
704.0,0.0029748747271672272
705.0,0.002893700941166868
706.0,0.002811263595013024
707.0,0.0027198047850248877
708.0,0.00262327206295915
709.0,0.002538025392250476
710.0,0.0024511012231491773
711.0,0.0023607500562455403
712.0,0.0022714156430056046
713.0,0.0021830633114131594
714.0,0.002082718817086812
715.0,0.001986529614061322
716.0,0.001899243532629056
717.0,0.001807934517002386
718.0,0.0017223830991425625
719.0,0.0016451749494904746
720.0,0.001580871324543222
721.0,0.001526200189934482
722.0,0.0014670618028557348
723.0,0.0014026391882201845
724.0,0.0013309050268830306
725.0,0.0012678113859214445
726.0,0.0012162354735349022
727.0,0.001157404257440436
728.0,0.00109297203726593
729.0,0.0010289237162231033
730.0,0.0009700529246465768
731.0,0.0009249304509259357
732.0,0.000891533964039509
733.0,0.0008584428481246603
734.0,0.0008247321088788414
735.0,0.000796486357720802
736.0,0.0007752226121182307
737.0,0.0007599964464502971
738.0,0.000747322938826123
739.0,0.0007393888029799164
740.0,0.000729563289848379
741.0,0.0007198716317136013
742.0,0.0007117263604386459
743.0,0.0007102750002891004
744.0,0.0007082274437620929
745.0,0.0007033597789390889
746.0,0.0006959836481000774
747.0,0.0006883002321968222
748.0,0.0006890983949466858
749.0,0.0006868707073279419
750.0,0.0006806572033695721
751.0,0.000678814735087374
752.0,0.000675173850745965
753.0,0.000669400818928452
754.0,0.0006629660940900197
755.0,0.0006585689962030573
756.0,0.000653728912356167
757.0,0.0006479110261224009
758.0,0.0006355310815923599
759.0,0.0006115729684294327
760.0,0.0005777692869607458
761.0,0.0005483186453354421
762.0,0.0005350780331038442
763.0,0.000538866305852871
764.0,0.0005621176764102905
765.0,0.0005765062469951226
766.0,0.0005830780800434149
767.0,0.0005952343167502759
768.0,0.0006034599014145298
769.0,0.0006077855929363857
770.0,0.0006093542980378378
771.0,0.0006104104454558591
772.0,0.0006136148876524376
773.0,0.0006153414473883303
774.0,0.0006157186495662919
775.0,0.0006153534764953793
776.0,0.0006147174646938488
777.0,0.0006156646588799242
778.0,0.0006173355412564772
779.0,0.0006186178440866708
780.0,0.0006196610780002854
781.0,0.0006229671899796308
782.0,0.0006286819410879686
783.0,0.0006261966307501562
784.0,0.0006198538422150325
785.0,0.0006222213375416277
786.0,0.0006213157694433269
787.0,0.0006212795674849761
788.0,0.0006300877597903885
789.0,0.0006342872950761165
790.0,0.0006378449224140078
791.0,0.0006391322406100609
792.0,0.0006406257128659458
793.0,0.0006510414625370738
794.0,0.0006534956515196856
795.0,0.0006521733190589512
796.0,0.0006652943210666429
797.0,0.0006692488191920893
798.0,0.0006593611597014049
799.0,0.0006628082787253958
800.0,0.0006719410259471211
801.0,0.0006683966937601479
802.0,0.0006631745969310043
803.0,0.0006620861059499232
804.0,0.0006737177572589487
805.0,0.0006814039416873164
806.0,0.0006655139565560602
807.0,0.0006624491660279399
808.0,0.0006646664668133043
809.0,0.0006446432588132876
810.0,0.0006278846694603679
811.0,0.0006268988886509475
812.0,0.0006301686628400841
813.0,0.0006186102406020083
814.0,0.0005865102974767853
815.0,0.0005629599113707176
816.0,0.0005558791180877795
817.0,0.0005633974099780038
818.0,0.0005604402744507272
819.0,0.0005408057425798614
820.0,0.0005260967750769716
821.0,0.000510262668595637
822.0,0.0004962752823610047
823.0,0.00048263859380595923
824.0,0.00047049674174652855
825.0,0.00044351670043799734
826.0,0.000416596068418466
827.0,0.0003936491638563022
828.0,0.00036532099477220805
829.0,0.00034096919091320944
830.0,0.00031635509227694497
831.0,0.0003112400605222517
832.0,0.0003160624497104185
833.0,0.0003071943587064173
834.0,0.00029232548408523356
835.0,0.0002722613876211686
836.0,0.0002610317398422686
837.0,0.00024989779829427157
838.0,0.00024890674792386284
839.0,0.00024128489811218388
840.0,0.000232981489635805
841.0,0.00023455595851537832
842.0,0.00023661519792475316
843.0,0.00023695624443386055
844.0,0.00024065457078757454
845.0,0.00023509552035546688
846.0,0.0002267604524531266
847.0,0.00022725621886671813
848.0,0.0002258568073422623
849.0,0.00021476068615816556
850.0,0.0002053500448593813
851.0,0.00020017154984876108
852.0,0.00018828131929508416
853.0,0.00017665883345733017
854.0,0.00017402469885616952
855.0,0.0001748356955785384
856.0,0.00018521314691001466
857.0,0.00019735165327665593
858.0,0.00018352935066051162
859.0,0.00014658506431201686
860.0,0.00015359105741843642
861.0,0.00016410580414899165
862.0,0.00015792863930877047
863.0,0.00015344707011898622
864.0,0.00015059305732057485
865.0,0.0001577016958041012
866.0,0.0001619792860119769
867.0,0.0001614389347742577
868.0,0.0001691370614671533
869.0,0.0001575908125883854
870.0,0.00012096933943074356
871.0,0.00011218531811409503
872.0,0.00012945949772220146
873.0,0.00013806709231337482
874.0,0.00011975965659547159
875.0,8.644590614237404e-05
876.0,0.00010025311855755424
877.0,0.00010621389769899269
878.0,7.36004675680969e-05
879.0,5.957620875025138e-05
880.0,6.83146421488007e-05
881.0,8.506612146237598e-05
882.0,7.416180552197083e-05
883.0,6.169872626463993e-05
884.0,5.0330472445940314e-05
885.0,5.220991889949156e-05
886.0,5.8288367507011146e-05
887.0,4.9430388962551274e-05
888.0,5.0619834501212806e-05
889.0,7.699615048721163e-05
890.0,5.771280407460529e-05
891.0,8.155989736123698e-05
892.0,8.099149416014523e-05
893.0,6.175592103181847e-05
894.0,6.270836532862638e-05
895.0,7.217603682574685e-05
896.0,8.747898591590349e-05
897.0,6.660363535001647e-05
898.0,6.428975642406288e-05
899.0,4.739976263547488e-05
