/begin_header
/west_longitude=UNKNOWN
/south_latitude=NA
/north_latitude=UNKNOWN
/calibration_files=NA
/cruise=NA
/station=NA
/documents=NA
/data_type=NA
/affiliations=NOAA
/experiment=NA
/units=nm,dl
/start_date=2019-08-16
/end_date=NA
/missing=9999
/start_time=12:34:16
/data_file_name=NA
/cloud_percent=NA
/water_depth=NA
/data_status=NA
/east_longitude=NA
/wind_speed=NA
/secchi=NA
/measurement_depth=NA
/fields=wavelength,rrs
/delimiter=comma
/contact=NA
/end_time=NA
/wave_height=NA
/investigators=NA
/end_header@
325.0,0.011362208331131015
326.0,0.011370793658274895
327.0,0.01135594309127442
328.0,0.011259854689246956
329.0,0.011238683383775159
330.0,0.011252787930853192
331.0,0.011247364866059432
332.0,0.011178631544166302
333.0,0.011120095429177038
334.0,0.011117283268715226
335.0,0.011074552482126673
336.0,0.010994484412648423
337.0,0.01097187368952172
338.0,0.010961515614608638
339.0,0.010907066821239405
340.0,0.01086171966449007
341.0,0.010834942472091295
342.0,0.01081038314004792
343.0,0.010770846590572241
344.0,0.010732369701657246
345.0,0.010726016122223112
346.0,0.010726886094782194
347.0,0.010704430137903436
348.0,0.010733111154976948
349.0,0.010751305374096121
350.0,0.010710186413473585
351.0,0.010695033307542979
352.0,0.010688845349816251
353.0,0.010655744611081971
354.0,0.010622026681023201
355.0,0.010615142822073608
356.0,0.010623884954595313
357.0,0.010626872219433621
358.0,0.01060554657657191
359.0,0.01058039702044926
360.0,0.01055752227701472
361.0,0.010530537760912222
362.0,0.010501109745568588
363.0,0.010461546894244602
364.0,0.010440382076817292
365.0,0.01042455780148627
366.0,0.0104025773567595
367.0,0.01037899156395237
368.0,0.010362504205834821
369.0,0.010343945408981566
370.0,0.010319038077535604
371.0,0.01028583265668446
372.0,0.01025551559362464
373.0,0.010225951398778573
374.0,0.010188017701014917
375.0,0.010137530397633432
376.0,0.01009028287555105
377.0,0.010080740882883176
378.0,0.01005607986755611
379.0,0.010013179063957382
380.0,0.010009452396005111
381.0,0.010009498415199217
382.0,0.00999497696461524
383.0,0.009985964019391414
384.0,0.009970423315891975
385.0,0.009940028802002355
386.0,0.009904631182119211
387.0,0.009873615364348427
388.0,0.00985861927745901
389.0,0.009842855763525806
390.0,0.009820999880088378
391.0,0.00982706954749511
392.0,0.009835243531342365
393.0,0.009798394848261194
394.0,0.00976495505329625
395.0,0.009739217613705721
396.0,0.009688923115340713
397.0,0.009642433519624512
398.0,0.009614051736789841
399.0,0.00958356781114455
400.0,0.009547220948140854
401.0,0.009508108407606356
402.0,0.009482843140129768
403.0,0.0094637445812527
404.0,0.009425158859117497
405.0,0.009382769154604582
406.0,0.009344088020382007
407.0,0.009300730647555832
408.0,0.009260764417032904
409.0,0.009232042327882075
410.0,0.00919559898034926
411.0,0.00915480552570017
412.0,0.009123348698431606
413.0,0.009096855157619863
414.0,0.009070978367603953
415.0,0.009049512258482826
416.0,0.009033709742533834
417.0,0.009018776161092437
418.0,0.009007491692442852
419.0,0.008999120400076577
420.0,0.00899396167596984
421.0,0.008985917696312185
422.0,0.008978050539232691
423.0,0.008977702151739403
424.0,0.008978604213865805
425.0,0.008981619440818722
426.0,0.008976806509888986
427.0,0.008966823627380865
428.0,0.008966391087384765
429.0,0.00896180569023226
430.0,0.008949487422945034
431.0,0.0089372717810885
432.0,0.008920707650816742
433.0,0.008894408748369194
434.0,0.008878442989020761
435.0,0.008874907390860044
436.0,0.00887799365443764
437.0,0.008884313986419045
438.0,0.008890743419036212
439.0,0.00890690282476525
440.0,0.00893579508750955
441.0,0.00897597248778982
442.0,0.009025708875089977
443.0,0.009085148447289823
444.0,0.009159335262531154
445.0,0.009244095620823024
446.0,0.009337211333076311
447.0,0.009436778559338176
448.0,0.009543145213704956
449.0,0.009656421534400593
450.0,0.009770261487247498
451.0,0.009883451747909002
452.0,0.00999676460971291
453.0,0.010108599073498804
454.0,0.010218702606734596
455.0,0.010322130202389203
456.0,0.010415936851297882
457.0,0.010495605356447278
458.0,0.01056887356628921
459.0,0.010641885256257293
460.0,0.010713353809910656
461.0,0.010780205395524763
462.0,0.010842749263594662
463.0,0.010912721907780837
464.0,0.010988796791857137
465.0,0.011057236535154603
466.0,0.011127548071248081
467.0,0.011205752603972618
468.0,0.01128541024795127
469.0,0.011362303139577073
470.0,0.011439931358299404
471.0,0.011522269710900415
472.0,0.011607477852963349
473.0,0.011682541163701954
474.0,0.011757369623955481
475.0,0.011834600930673782
476.0,0.01191390871488626
477.0,0.01199054711118478
478.0,0.012054351925692144
479.0,0.012115546188876385
480.0,0.012177721864817467
481.0,0.012241462627955349
482.0,0.012303652278250397
483.0,0.012361013797420916
484.0,0.012422451625238926
485.0,0.012486724368090108
486.0,0.01254129371097031
487.0,0.012595055657020746
488.0,0.012653489048773451
489.0,0.012707865895582171
490.0,0.012763375813015187
491.0,0.012823712749887273
492.0,0.012903294647809349
493.0,0.012999107973314234
494.0,0.01309149844874954
495.0,0.013188602870457358
496.0,0.01329923668264824
497.0,0.013424419230734142
498.0,0.013566887886922655
499.0,0.013725183053316789
500.0,0.013894944475833875
501.0,0.014070235744723932
502.0,0.014249112899770705
503.0,0.014443508939141902
504.0,0.01465291794048211
505.0,0.014863918522160837
506.0,0.015079430207685133
507.0,0.015307163981362087
508.0,0.01554261720178271
509.0,0.015785604076109433
510.0,0.01603091038087207
511.0,0.016284099527998683
512.0,0.016552255811982778
513.0,0.016828615601976845
514.0,0.017119568767805758
515.0,0.017435334715288554
516.0,0.017771122436025584
517.0,0.018121249063411907
518.0,0.018479224345241473
519.0,0.018833922677517413
520.0,0.01918122352960249
521.0,0.01953772983145083
522.0,0.019909077964775777
523.0,0.020282589307905545
524.0,0.020670051426341533
525.0,0.021072748891635566
526.0,0.021488210219575827
527.0,0.021914621884825115
528.0,0.022334528000806455
529.0,0.022746896336716064
530.0,0.023157406091573192
531.0,0.023582364899989657
532.0,0.024017273288255835
533.0,0.024452737783704454
534.0,0.02488542102719096
535.0,0.025306809167752638
536.0,0.025714739473373903
537.0,0.026118681621909418
538.0,0.02652330885841317
539.0,0.02691339861860036
540.0,0.027287890907196948
541.0,0.027647812761442254
542.0,0.027986495058518572
543.0,0.028302041000310675
544.0,0.028598686065163435
545.0,0.02886960901553992
546.0,0.029112207879857153
547.0,0.02933220305259491
548.0,0.02953037025182246
549.0,0.029703702909379175
550.0,0.029863890752505628
551.0,0.030017195220174313
552.0,0.030152160557217568
553.0,0.030272769797617827
554.0,0.030383409229253956
555.0,0.03046851790460332
556.0,0.030527005804945627
557.0,0.030567962101688034
558.0,0.030581561886399832
559.0,0.030561895078753176
560.0,0.030519619801331103
561.0,0.0304547431606892
562.0,0.030362071996515833
563.0,0.030246721130786476
564.0,0.030105348061682906
565.0,0.02993084347758072
566.0,0.029727344038542925
567.0,0.029496929663743076
568.0,0.02923934717308475
569.0,0.028952749652591404
570.0,0.028639197923858044
571.0,0.02830228720525808
572.0,0.0279499217693919
573.0,0.027582705484592258
574.0,0.027200183834726156
575.0,0.02680469107363582
576.0,0.0263953397176633
577.0,0.02597130221767504
578.0,0.02553078062765895
579.0,0.02507676284829291
580.0,0.024613962179410278
581.0,0.024144891488285615
582.0,0.023673891326238813
583.0,0.023199794211740395
584.0,0.022722949613933133
585.0,0.02224655526416161
586.0,0.021778518370242264
587.0,0.021316890033246168
588.0,0.020851267680195767
589.0,0.02037501234579473
590.0,0.019900336102494094
591.0,0.01944387649590567
592.0,0.019000307353819926
593.0,0.018547174015370545
594.0,0.018070162881098258
595.0,0.017565476165770963
596.0,0.017031282968487823
597.0,0.016476275685260257
598.0,0.015913391164169004
599.0,0.01537089239265869
600.0,0.014871747873659363
601.0,0.014437362356316466
602.0,0.01408053883117924
603.0,0.013799464619630252
604.0,0.013573296075734603
605.0,0.013385227817956697
606.0,0.013222348483403784
607.0,0.013070409416290585
608.0,0.012924339306778446
609.0,0.01278780372644292
610.0,0.012653164623027397
611.0,0.012518585635012255
612.0,0.012383549779633404
613.0,0.012251984817896591
614.0,0.01213257801414842
615.0,0.01201935087096164
616.0,0.011908839491666061
617.0,0.01180323639241627
618.0,0.011705996526595402
619.0,0.011618370600446945
620.0,0.011542232654699577
621.0,0.011472710443288181
622.0,0.01140736621240412
623.0,0.011355142510823632
624.0,0.011311255313824372
625.0,0.011263150449917509
626.0,0.011223761561602687
627.0,0.011193397016590993
628.0,0.01117174080278866
629.0,0.011155381604592179
630.0,0.011141312760548966
631.0,0.011141103767688934
632.0,0.01115144294496105
633.0,0.01115819735583928
634.0,0.011172291720935628
635.0,0.011198750025536112
636.0,0.011228391322067951
637.0,0.011258220670632871
638.0,0.011293845082269074
639.0,0.011331173619947957
640.0,0.01136490736247155
641.0,0.011387770820654392
642.0,0.01140329969104346
643.0,0.011410966367317565
644.0,0.011414206794780366
645.0,0.011410514455728878
646.0,0.011386517432332318
647.0,0.011356281472636684
648.0,0.011328627853700427
649.0,0.011277253270355541
650.0,0.011196340530402433
651.0,0.011091378778982714
652.0,0.010962674824746471
653.0,0.010813118886187814
654.0,0.010653798740821637
655.0,0.010442118883866305
656.0,0.01016892582505043
657.0,0.009866321137564922
658.0,0.009569730074004884
659.0,0.009286842806829888
660.0,0.009014353197523592
661.0,0.008756862204906294
662.0,0.00850250235717009
663.0,0.008259657166140234
664.0,0.008041684714606792
665.0,0.007838053288544158
666.0,0.0076485166068233496
667.0,0.007482781629065682
668.0,0.0073440152090206035
669.0,0.007235034948511257
670.0,0.007149951017879931
671.0,0.007088732645369737
672.0,0.0070561592016803384
673.0,0.007034189542060228
674.0,0.007017795589083148
675.0,0.007016632358911009
676.0,0.007031402290920988
677.0,0.007057143341816642
678.0,0.007100216977664019
679.0,0.0071635612730642185
680.0,0.007244217976072079
681.0,0.007351149070386596
682.0,0.007485648972543444
683.0,0.007637153923015791
684.0,0.007822331106649339
685.0,0.00807338213686817
686.0,0.008364388127943151
687.0,0.008664713515330606
688.0,0.008901224571725
689.0,0.009119230183563583
690.0,0.009371982345382304
691.0,0.009634216464581975
692.0,0.00990041964634088
693.0,0.010158298995451176
694.0,0.01039591113677709
695.0,0.010595409635527412
696.0,0.010750435343715658
697.0,0.01086349062416313
698.0,0.010935743363764957
699.0,0.010962253460189518
700.0,0.010942560106349836
701.0,0.010879696758341155
702.0,0.010780708653376209
703.0,0.010652628583883977
704.0,0.010484006149938052
705.0,0.010288853235354455
706.0,0.010080203698470961
707.0,0.009848501026332588
708.0,0.009595313729656078
709.0,0.009319949949648042
710.0,0.009028609690577224
711.0,0.008727288949492144
712.0,0.008410270943080748
713.0,0.00808900300570134
714.0,0.007772585281790108
715.0,0.007475929031262182
716.0,0.007186789169444312
717.0,0.006890987621781422
718.0,0.006578638816054333
719.0,0.006268994520725463
720.0,0.005988570960619307
721.0,0.0057478220651625556
722.0,0.005529479611885238
723.0,0.005305313335616511
724.0,0.0050687892149308255
725.0,0.004839792118141437
726.0,0.0046142597432815725
727.0,0.00437260955171175
728.0,0.004132826222148729
729.0,0.0039031833125795154
730.0,0.003683400561141167
731.0,0.0034797700752622744
732.0,0.0033048224149270404
733.0,0.003159545458529509
734.0,0.0030376879683160873
735.0,0.00293780502228831
736.0,0.0028559378601678274
737.0,0.0027913033354836315
738.0,0.0027471881543756826
739.0,0.0027175768043669482
740.0,0.0026950071531562647
741.0,0.002675476864416456
742.0,0.0026587384518444676
743.0,0.002643424305363473
744.0,0.0026331338403802348
745.0,0.00262644859184668
746.0,0.0026193720413967988
747.0,0.002610579404129535
748.0,0.0026016018238126824
749.0,0.0025934748718161246
750.0,0.002585770475082589
751.0,0.002573838826514588
752.0,0.002566417079484012
753.0,0.002561171519187014
754.0,0.002551193696154595
755.0,0.0025428179398511727
756.0,0.0025366407511598354
757.0,0.0025318793894140634
758.0,0.002525429144222421
759.0,0.002522436760167584
760.0,0.002510140563289294
761.0,0.0024858252405081946
762.0,0.0024675013159700565
763.0,0.002453386135817734
764.0,0.0024519991029127025
765.0,0.002455604961549
766.0,0.002460480220662439
767.0,0.002474681055135076
768.0,0.0024839025113247604
769.0,0.0024895501807536335
770.0,0.0025004124080352927
771.0,0.0025105483692645647
772.0,0.0025099030560096483
773.0,0.0025158646864524743
774.0,0.002529226708910097
775.0,0.002536733987058737
776.0,0.002545605494989416
777.0,0.0025617010237575038
778.0,0.002575331639515975
779.0,0.00258391042702278
780.0,0.002593140169447919
781.0,0.002608650054318105
782.0,0.0026289927378469065
783.0,0.002636342835485338
784.0,0.002641076138841755
785.0,0.002658693190842825
786.0,0.0026824713647627704
787.0,0.002704111176654492
788.0,0.002716669724975525
789.0,0.002728945811678437
790.0,0.002748447356414974
791.0,0.002774640488678981
792.0,0.002803363670499513
793.0,0.002824667152864043
794.0,0.002850702863985228
795.0,0.0028766224509984063
796.0,0.00288921227502622
797.0,0.0029073483842131068
798.0,0.0029354031543865036
799.0,0.0029531070468498295
800.0,0.002966014295342625
801.0,0.0029774031961482864
802.0,0.0029836806260648456
803.0,0.002989129921836784
804.0,0.0030026017726853477
805.0,0.0030175483149226063
806.0,0.003017565365736254
807.0,0.0030096299909911544
808.0,0.0029953215169444014
809.0,0.0029759867090063037
810.0,0.0029560388967089543
811.0,0.0029333120392829584
812.0,0.002903431235098729
813.0,0.002872213270626129
814.0,0.002836550008047115
815.0,0.0027930782249564494
816.0,0.0027434867940142084
817.0,0.002707803347202788
818.0,0.002669436023533732
819.0,0.002624044877437475
820.0,0.0025861474299842075
821.0,0.0025316209505134813
822.0,0.0024513066746545717
823.0,0.0023793456746798542
824.0,0.002305696810421746
825.0,0.0022105366437420427
826.0,0.002119930082567433
827.0,0.0020347737952953323
828.0,0.0019484688234922807
829.0,0.0018630731022837416
830.0,0.0017833607079137293
831.0,0.0017224414718628761
832.0,0.0016786273156375758
833.0,0.0016412595909484086
834.0,0.0015966247035385738
835.0,0.0015442325263916525
836.0,0.0015245883792323416
837.0,0.001518883228674022
838.0,0.0015048262802769125
839.0,0.0014818435437796754
840.0,0.0014652643833892346
841.0,0.0014639364731533833
842.0,0.001454054191723137
843.0,0.0014314364839195493
844.0,0.0014218959261638807
845.0,0.001414479568658864
846.0,0.0014009319094260004
847.0,0.0013815555030531348
848.0,0.0013607673804281301
849.0,0.0013578983646269636
850.0,0.001359030418819214
851.0,0.0013549403503253193
852.0,0.001325344452755974
853.0,0.0012931396163397076
854.0,0.001288830971142798
855.0,0.0012811001997857176
856.0,0.0012747809249195549
857.0,0.001268400386862066
858.0,0.0012575160733750053
859.0,0.001248637240883004
860.0,0.0012496985738381066
861.0,0.0012435542190098905
862.0,0.001219892749899428
863.0,0.0012083914650168782
864.0,0.001205584983443823
865.0,0.0011933578784936497
866.0,0.001184833929563413
867.0,0.0011790181833832376
868.0,0.0011561126835263505
869.0,0.0011418495984961414
870.0,0.001133198385373178
871.0,0.0011222840956187714
872.0,0.0011168706319869734
873.0,0.001103391687428225
874.0,0.0010897667606244968
875.0,0.0010703998651954622
876.0,0.0010521470394846272
877.0,0.0010479550646020966
878.0,0.0010414954447419242
879.0,0.001023068154781673
880.0,0.0010081737432102082
881.0,0.0010033619779764688
882.0,0.0009926385812688927
883.0,0.0009760650986423566
884.0,0.0009656639073387793
885.0,0.0009525023223291162
886.0,0.0009438510321063012
887.0,0.0009289556837736512
888.0,0.0009228453421557699
889.0,0.0009277876659454273
890.0,0.0008942227767458682
891.0,0.0008557351026244765
892.0,0.0008767845609512359
893.0,0.0008765285917129618
894.0,0.0008337603427174044
895.0,0.0008037876769658055
896.0,0.0007909870590613075
897.0,0.0008010639453487964
898.0,0.0007863972939787916
899.0,0.0007627658550987232
