/begin_header
/west_longitude=UNKNOWN
/south_latitude=NA
/north_latitude=UNKNOWN
/calibration_files=NA
/cruise=NA
/station=NA
/documents=NA
/data_type=NA
/affiliations=NOAA
/experiment=NA
/units=nm,dl
/start_date=2019-08-12
/end_date=NA
/missing=9999
/start_time=12:21:44
/data_file_name=NA
/cloud_percent=NA
/water_depth=NA
/data_status=NA
/east_longitude=NA
/wind_speed=NA
/secchi=NA
/measurement_depth=NA
/fields=wavelength,rrs
/delimiter=comma
/contact=NA
/end_time=NA
/wave_height=NA
/investigators=NA
/end_header@
325.0,0.017015213581067466
326.0,0.01709358879544555
327.0,0.017085773971261688
328.0,0.016981481731332272
329.0,0.016862408261057817
330.0,0.016850698050692517
331.0,0.016891365556552858
332.0,0.016731439510400868
333.0,0.01653029832661957
334.0,0.016415203166265217
335.0,0.016301574458442932
336.0,0.016185712354402425
337.0,0.016036535550663818
338.0,0.015950742810552566
339.0,0.01589551688968078
340.0,0.015768359693046193
341.0,0.015639651304629094
342.0,0.015564540532949114
343.0,0.015454538155161724
344.0,0.01531797486083528
345.0,0.01523845578016505
346.0,0.015162127837336734
347.0,0.015040732380014816
348.0,0.014943448761315314
349.0,0.014865521487446461
350.0,0.014745256400970519
351.0,0.014628331138598061
352.0,0.014535616986227105
353.0,0.014517400866682208
354.0,0.014452629114624551
355.0,0.014324040557754807
356.0,0.014236203546634765
357.0,0.014156213296199812
358.0,0.014036409887271584
359.0,0.013962994873045892
360.0,0.013913487922987425
361.0,0.013791910876350252
362.0,0.013703693480072337
363.0,0.01366372085585602
364.0,0.013599977942223673
365.0,0.013520329397040187
366.0,0.013441071765903975
367.0,0.013371466554718447
368.0,0.013318782460546722
369.0,0.013267195790436333
370.0,0.013199447137206558
371.0,0.013119176938235074
372.0,0.013039795171195176
373.0,0.012962269357258837
374.0,0.012892146536542585
375.0,0.012810764151932889
376.0,0.012724700444429504
377.0,0.012641757811659776
378.0,0.0125716304126316
379.0,0.012517458987131441
380.0,0.012476073789456952
381.0,0.012435558793752133
382.0,0.012368493718262222
383.0,0.012291612325555857
384.0,0.012219062467835927
385.0,0.012158451000494602
386.0,0.01210402238990703
387.0,0.012060315229152154
388.0,0.01200734325719795
389.0,0.01195521534556911
390.0,0.011896454124576327
391.0,0.011845033193348942
392.0,0.01178629288324171
393.0,0.011703663511799424
394.0,0.011639933848924798
395.0,0.011592427514953799
396.0,0.011501549859742397
397.0,0.011415252216448853
398.0,0.011347963905686617
399.0,0.01129532439434372
400.0,0.011243103705534375
401.0,0.01118484374851171
402.0,0.011128124856222417
403.0,0.011077866706120607
404.0,0.01103960007277906
405.0,0.01098569912575259
406.0,0.01091447612881629
407.0,0.0108508283275572
408.0,0.010798948416644426
409.0,0.01074843790603917
410.0,0.010695463448759851
411.0,0.010644154258378802
412.0,0.010595660791475395
413.0,0.010552681963727908
414.0,0.01052265678105274
415.0,0.010490877792853997
416.0,0.010454257519075463
417.0,0.01042229121742254
418.0,0.01039110021111192
419.0,0.010359761657016539
420.0,0.010339898903059492
421.0,0.010319550287504807
422.0,0.010292485184485205
423.0,0.010276721910454277
424.0,0.010261101274723449
425.0,0.010239348546573452
426.0,0.010224230483888801
427.0,0.010214555773209847
428.0,0.010197958923506821
429.0,0.010175369785770492
430.0,0.010151951541918867
431.0,0.010128470418884863
432.0,0.010102879247819965
433.0,0.010082029979146135
434.0,0.010062621434428327
435.0,0.010046881852985539
436.0,0.010036980093720673
437.0,0.01003446458021342
438.0,0.010038859819394163
439.0,0.010046958424791284
440.0,0.01005836086482233
441.0,0.010075966760160602
442.0,0.010097519792694878
443.0,0.010124313743858275
444.0,0.010159496027586144
445.0,0.010202550883024505
446.0,0.010251590247627269
447.0,0.010309176416445577
448.0,0.010371557478523329
449.0,0.010428062868300076
450.0,0.010484828482809665
451.0,0.010544626361972686
452.0,0.01060038095772045
453.0,0.010653909434314936
454.0,0.010708029474287516
455.0,0.01075973488125742
456.0,0.010806265706852097
457.0,0.01084729392624435
458.0,0.010883390984403753
459.0,0.010918348166610728
460.0,0.01095110067743173
461.0,0.01098261047250204
462.0,0.011017643482914407
463.0,0.011054114754203146
464.0,0.011094043703779902
465.0,0.011142170429015242
466.0,0.011186691477824424
467.0,0.011221842377609441
468.0,0.011264776581674931
469.0,0.01131206354963291
470.0,0.01135637354772773
471.0,0.011399464972405498
472.0,0.011441382242376499
473.0,0.011480264589926991
474.0,0.011522297216537842
475.0,0.01156917337849008
476.0,0.011614398360907408
477.0,0.011656419696303178
478.0,0.011701733418194579
479.0,0.01174680840173438
480.0,0.011793298749294693
481.0,0.011842761308715765
482.0,0.011894830168409365
483.0,0.011947760661783453
484.0,0.011998406304021212
485.0,0.01204812462975857
486.0,0.012102509659838575
487.0,0.01215437284240801
488.0,0.01220016296454213
489.0,0.012245946155681597
490.0,0.012295267701731474
491.0,0.012357211216499412
492.0,0.012419537738252632
493.0,0.012485960780674567
494.0,0.01256988618805115
495.0,0.012661084392365126
496.0,0.012753959492439066
497.0,0.012853592379221557
498.0,0.012963479254124527
499.0,0.01309137829690472
500.0,0.013226527553660763
501.0,0.013365232655918274
502.0,0.013508602528403288
503.0,0.013659783533936454
504.0,0.013819039986305954
505.0,0.013985867210048575
506.0,0.014162508753498065
507.0,0.0143479405217041
508.0,0.014538742421003708
509.0,0.014733186111991639
510.0,0.014926802528924327
511.0,0.015123175523756624
512.0,0.015326329275261725
513.0,0.015543264884902314
514.0,0.015771825988029654
515.0,0.01599639212781153
516.0,0.016229232366431628
517.0,0.0164690960744997
518.0,0.01671390351711385
519.0,0.016952706183133676
520.0,0.017172076141796347
521.0,0.017393122536011364
522.0,0.017618444805065712
523.0,0.01783846609899513
524.0,0.018060307855592046
525.0,0.01828483468373998
526.0,0.018509053746256932
527.0,0.018733683939227017
528.0,0.018949597593269564
529.0,0.0191553615436042
530.0,0.019355419138115747
531.0,0.01955391455289377
532.0,0.019752968101455482
533.0,0.01995160958109791
534.0,0.020149468050605725
535.0,0.02034114133862313
536.0,0.02051941165477205
537.0,0.020694677165333984
538.0,0.02087412629008126
539.0,0.02105147491066216
540.0,0.021223297099346686
541.0,0.021382122138686035
542.0,0.021536682539037257
543.0,0.021689196371115074
544.0,0.021836788579368722
545.0,0.02197704614814868
546.0,0.02210892341425564
547.0,0.02223951746813274
548.0,0.022367415240582465
549.0,0.022488374935793382
550.0,0.02260832229705604
551.0,0.02272993861733614
552.0,0.022847512032697446
553.0,0.022964528629743637
554.0,0.02308091784068329
555.0,0.02319178439313034
556.0,0.023298517667832454
557.0,0.02340036552933963
558.0,0.023492641014858213
559.0,0.0235724632751063
560.0,0.023640471776745144
561.0,0.023696459404413426
562.0,0.023744227604546038
563.0,0.0237801249302578
564.0,0.023803794804890994
565.0,0.023814941058789764
566.0,0.023814758704881377
567.0,0.023803139329135883
568.0,0.02377592264788011
569.0,0.023737561000643993
570.0,0.023695261113772063
571.0,0.023642101413399945
572.0,0.0235758754368977
573.0,0.023504535859217267
574.0,0.02342385767555153
575.0,0.02333226307850063
576.0,0.023231222116630097
577.0,0.023121164589096244
578.0,0.022998149582113943
579.0,0.022863319774923146
580.0,0.02271958585922464
581.0,0.022554119201045407
582.0,0.022374156179047765
583.0,0.022192684509851103
584.0,0.02199734816356015
585.0,0.02178507436223921
586.0,0.021565882405981913
587.0,0.02133779733328106
588.0,0.02109217663425116
589.0,0.020838349429805357
590.0,0.020583086427641593
591.0,0.02033310920432404
592.0,0.02008138620559529
593.0,0.019811306873369593
594.0,0.01951025368004298
595.0,0.01917901863915516
596.0,0.018819351889329178
597.0,0.01842667367777657
598.0,0.01801035710646663
599.0,0.01759742974634069
600.0,0.017211646510478726
601.0,0.016874038636774696
602.0,0.01659723034680784
603.0,0.016381278577225076
604.0,0.01621218365877828
605.0,0.016072968669710225
606.0,0.015950036409778715
607.0,0.015841086605887324
608.0,0.015738197374541994
609.0,0.015633599067630993
610.0,0.01552832420152619
611.0,0.015422655543343744
612.0,0.015312637070150384
613.0,0.0152028742464145
614.0,0.01510288882490741
615.0,0.014998941493782978
616.0,0.014891262223145074
617.0,0.01479171540674391
618.0,0.014695970922555762
619.0,0.014606264152326093
620.0,0.014529907915880247
621.0,0.014458589249835275
622.0,0.01439088926013895
623.0,0.01432894792228417
624.0,0.01427367723737453
625.0,0.014226355196661869
626.0,0.014176937745239144
627.0,0.014127248282744823
628.0,0.014092366116096485
629.0,0.014070022767806912
630.0,0.014053697191474349
631.0,0.014039308498795935
632.0,0.014025336348215489
633.0,0.014017838073995778
634.0,0.01401216160401832
635.0,0.014010121428272543
636.0,0.014009782384668431
637.0,0.014009524187900333
638.0,0.014012350480790792
639.0,0.014012718707918148
640.0,0.014006843991181295
641.0,0.013996495445982516
642.0,0.013981072525730475
643.0,0.013958521417354866
644.0,0.013926859644825137
645.0,0.013884712884201608
646.0,0.013833953166094159
647.0,0.013783369850236551
648.0,0.01373944489546981
649.0,0.013684125742132852
650.0,0.013608966317520404
651.0,0.01350623803515789
652.0,0.013385096409074537
653.0,0.013247640633261528
654.0,0.01309266912780152
655.0,0.012891478085510463
656.0,0.0126349119661986
657.0,0.012336437159460905
658.0,0.012042197453348568
659.0,0.011770041081925363
660.0,0.011506518580468753
661.0,0.011251317741106166
662.0,0.01101250378574216
663.0,0.010790618511336876
664.0,0.010583473846566613
665.0,0.010389617043683744
666.0,0.010212357694237286
667.0,0.010061610695710396
668.0,0.009932436468241445
669.0,0.00982635227503662
670.0,0.009747588232675823
671.0,0.009692843404928212
672.0,0.009646030099294498
673.0,0.009619713099578228
674.0,0.009610748742534345
675.0,0.00960226847124349
676.0,0.009610750940587182
677.0,0.009641910880732034
678.0,0.009690514652097155
679.0,0.00975586902673528
680.0,0.009840493248870487
681.0,0.009956782770741463
682.0,0.010105602980659907
683.0,0.01027017012318481
684.0,0.010457143358633566
685.0,0.0106965916793134
686.0,0.010970307809332404
687.0,0.011239977811914478
688.0,0.011412457901384083
689.0,0.011532246031238338
690.0,0.011645522655364624
691.0,0.011750428917828244
692.0,0.011843207602462217
693.0,0.011920636013810628
694.0,0.011974203584594997
695.0,0.011995031072907225
696.0,0.011985928133474938
697.0,0.011940335791904632
698.0,0.011854874240427549
699.0,0.011740442725694992
700.0,0.011597741402273033
701.0,0.01143373717355453
702.0,0.011243151092892789
703.0,0.011028220874811569
704.0,0.010793239728335104
705.0,0.010542402613511543
706.0,0.010289322434551443
707.0,0.01002209686259136
708.0,0.009735647603191148
709.0,0.009432524426887913
710.0,0.009119772094841622
711.0,0.008797219093835509
712.0,0.008462470543760954
713.0,0.008125324911394652
714.0,0.007797006432282205
715.0,0.007480081875431625
716.0,0.007162228624857108
717.0,0.006855934026177392
718.0,0.006544899931502588
719.0,0.006241775486471297
720.0,0.005970975495828524
721.0,0.005735819746403974
722.0,0.005509935815348245
723.0,0.005276478996339818
724.0,0.005039128364062164
725.0,0.004807704456649112
726.0,0.00458447169176115
727.0,0.0043559657194440805
728.0,0.004129061715775541
729.0,0.003907258923587087
730.0,0.003688310496581717
731.0,0.003491519302192498
732.0,0.0033254616805477393
733.0,0.0031880274596429023
734.0,0.003074153284843296
735.0,0.002976764581816946
736.0,0.0028984409069389696
737.0,0.002835197015641391
738.0,0.0027803344175719794
739.0,0.002740674907732666
740.0,0.002723145415177065
741.0,0.0027107893615673424
742.0,0.0026971388543428113
743.0,0.0026800634211222316
744.0,0.0026650167628479876
745.0,0.0026558721266449455
746.0,0.0026448704747562782
747.0,0.002631688105084284
748.0,0.00261906402489404
749.0,0.002608115664962488
750.0,0.00259832135180472
751.0,0.002583026355441986
752.0,0.002566550637935991
753.0,0.0025521801741947145
754.0,0.0025448055429533223
755.0,0.0025428237634100197
756.0,0.002528399333582606
757.0,0.002511861102101004
758.0,0.002494188430563771
759.0,0.0024666863679639293
760.0,0.0024253563190823556
761.0,0.002377005554169933
762.0,0.0023503077730555695
763.0,0.0023488291415699096
764.0,0.002354314057078555
765.0,0.00237329771878717
766.0,0.0024003015508200242
767.0,0.002417082334376821
768.0,0.0024297204075408125
769.0,0.002439275905441571
770.0,0.002446532950002081
771.0,0.0024510481063950594
772.0,0.0024477530905634226
773.0,0.0024505317257571117
774.0,0.002455951260350587
775.0,0.0024612327252680763
776.0,0.0024718583738450955
777.0,0.0024829866782906463
778.0,0.0024928205717083237
779.0,0.002500419710268699
780.0,0.0025058482958733265
781.0,0.0025139306278099726
782.0,0.0025282180832363887
783.0,0.002540417081676976
784.0,0.0025498525582527696
785.0,0.002559154071487056
786.0,0.0025684975161492348
787.0,0.002579417657025562
788.0,0.002592510390992863
789.0,0.0026068421299346996
790.0,0.002626115043419689
791.0,0.002648861023433015
792.0,0.0026742944512221922
793.0,0.00269511091791311
794.0,0.0027081921263529384
795.0,0.0027183490835120945
796.0,0.0027389872750681363
797.0,0.0027586549616889712
798.0,0.0027812201775717685
799.0,0.0027902528145730553
800.0,0.0027936575362951226
801.0,0.002806707205378289
802.0,0.0028170294375535762
803.0,0.002828325151767866
804.0,0.0028423605114171503
805.0,0.0028469263033356488
806.0,0.002837925893464967
807.0,0.002834348686339865
808.0,0.0028312115807918826
809.0,0.0028132502253184963
810.0,0.0027857066809360335
811.0,0.0027519984859957296
812.0,0.0027186027584480206
813.0,0.0026847734554076067
814.0,0.002655978202613966
815.0,0.0026253305269188735
816.0,0.002587861341923438
817.0,0.0025456550551981143
818.0,0.002510553858578307
819.0,0.0024837853659343025
820.0,0.0024386436438323987
821.0,0.0023819975950912895
822.0,0.002319075027411999
823.0,0.002250840153666573
824.0,0.0021778242718760083
825.0,0.002091178128784861
826.0,0.002007011471443042
827.0,0.0019287158641964907
828.0,0.0018547869799946403
829.0,0.0017776453593920892
830.0,0.0016951474054690118
831.0,0.0016256431664351013
832.0,0.001573949659409038
833.0,0.0015372325186709134
834.0,0.001504650489873313
835.0,0.0014768167532508221
836.0,0.0014573684893440396
837.0,0.0014406477799184566
838.0,0.0014195597328185905
839.0,0.0014021750608676261
840.0,0.001387438742586055
841.0,0.0013735215904109132
842.0,0.0013642822044281047
843.0,0.0013611241426794841
844.0,0.0013512064588814933
845.0,0.0013359256190654256
846.0,0.0013206929335907835
847.0,0.0013073116196806605
848.0,0.00129814655468934
849.0,0.0012988649780641946
850.0,0.0012851807820701167
851.0,0.0012556312303571976
852.0,0.0012382233493790035
853.0,0.0012317017602959748
854.0,0.0012349137988848793
855.0,0.0012217225538584712
856.0,0.001198894838980051
857.0,0.0011890957451918664
858.0,0.0011831825689022023
859.0,0.001180566373742519
860.0,0.0011669011224630218
861.0,0.0011527887837418684
862.0,0.001149529541388057
863.0,0.0011374477021389232
864.0,0.001114286810892794
865.0,0.0011092414181367851
866.0,0.0010932002548738676
867.0,0.0010639462174953612
868.0,0.0010740553462417497
869.0,0.001075470034275779
870.0,0.0010455257470207723
871.0,0.0010318644891411425
872.0,0.001023451135515702
873.0,0.0010156906929751001
874.0,0.0010033802788686546
875.0,0.0009860298223095653
876.0,0.0009732925354412022
877.0,0.0009605671364256281
878.0,0.0009567731788066788
879.0,0.0009386891745642478
880.0,0.000915692872394368
881.0,0.000896896846855488
882.0,0.000872870995417572
883.0,0.0008494764083803426
884.0,0.0008586108620574261
885.0,0.0008615724938994911
886.0,0.0008266968471298727
887.0,0.0008296097373061424
888.0,0.0008310739584647369
889.0,0.0007876428879539409
890.0,0.0007707232616613903
891.0,0.0007816417474486436
892.0,0.0007534664471295023
893.0,0.0007255210839181541
894.0,0.0007175500055048021
895.0,0.000684178038620774
896.0,0.0006535204403044607
897.0,0.0006472280147129093
898.0,0.0006354800973133673
899.0,0.0006264822569129922
