/begin_header
/west_longitude=UNKNOWN
/south_latitude=NA
/north_latitude=UNKNOWN
/calibration_files=NA
/cruise=NA
/station=NA
/documents=NA
/data_type=NA
/affiliations=NOAA
/experiment=NA
/units=nm,dl
/start_date=2019-08-12
/end_date=NA
/missing=9999
/start_time=14:07:05
/data_file_name=NA
/cloud_percent=NA
/water_depth=NA
/data_status=NA
/east_longitude=NA
/wind_speed=NA
/secchi=NA
/measurement_depth=NA
/fields=wavelength,rrs
/delimiter=comma
/contact=NA
/end_time=NA
/wave_height=NA
/investigators=NA
/end_header@
325.0,0.027833463704752794
326.0,0.02769249926549721
327.0,0.0276612522347028
328.0,0.02768838953357377
329.0,0.027478988997381278
330.0,0.02727411353273394
331.0,0.027141404403261783
332.0,0.027043932605371985
333.0,0.026887898724028275
334.0,0.026646962524255302
335.0,0.02645087162411569
336.0,0.026313043399149232
337.0,0.026142790438689327
338.0,0.025987918865623162
339.0,0.025827479252022882
340.0,0.025600147799596136
341.0,0.02538232713162139
342.0,0.025251798812420106
343.0,0.025107386347108972
344.0,0.024919245981446698
345.0,0.024700412323811635
346.0,0.024513623865969916
347.0,0.024348592534449855
348.0,0.024152943608899552
349.0,0.023964156249582463
350.0,0.023787705316634173
351.0,0.023652479700247354
352.0,0.023532845218612337
353.0,0.02338576812387828
354.0,0.023207551474491807
355.0,0.023003320470198662
356.0,0.022830445437548752
357.0,0.022679914758895324
358.0,0.022517496652465108
359.0,0.022371736639299263
360.0,0.02222358558650735
361.0,0.02202690884633987
362.0,0.021866128860580186
363.0,0.021746139444044986
364.0,0.02161486244842919
365.0,0.021478503711351335
366.0,0.02134145014657452
367.0,0.021211991796926274
368.0,0.021090708661450144
369.0,0.020971528554273606
370.0,0.02084298583563141
371.0,0.020706931657131136
372.0,0.020565344533502443
373.0,0.02041884997963111
374.0,0.020277667147592555
375.0,0.020116181311389054
376.0,0.019956708053935363
377.0,0.019807490431628307
378.0,0.01966537283917748
379.0,0.019538098758925912
380.0,0.019432442945168764
381.0,0.019340237699246473
382.0,0.01922930761487978
383.0,0.0191150701977839
384.0,0.01898016849913525
385.0,0.018827155503511613
386.0,0.018684790215552867
387.0,0.01856277783599109
388.0,0.018452954436049804
389.0,0.018340221373119563
390.0,0.018224404794766356
391.0,0.018113622778974894
392.0,0.01800994753628899
393.0,0.017905182695475592
394.0,0.017781149387815196
395.0,0.017652946148418815
396.0,0.01752375952307628
397.0,0.017384567082065976
398.0,0.017237281795225094
399.0,0.017121755316514227
400.0,0.017024918000845116
401.0,0.016934716323178108
402.0,0.01685331255701122
403.0,0.016777522372526926
404.0,0.016678070412719098
405.0,0.016572773553887133
406.0,0.016465609780017383
407.0,0.01635889711395364
408.0,0.016250220942958873
409.0,0.016140017862544195
410.0,0.016037017049349893
411.0,0.015944670455076634
412.0,0.015850142737343673
413.0,0.015757128992346076
414.0,0.015666587408578538
415.0,0.015584331195823345
416.0,0.015510612144959699
417.0,0.015442568676487693
418.0,0.015370297218883725
419.0,0.015293968691942935
420.0,0.015228245818729422
421.0,0.015166236226179233
422.0,0.015099441161865328
423.0,0.015044363801518074
424.0,0.014993245278409312
425.0,0.014936197334966855
426.0,0.014879114000280877
427.0,0.014824336830664147
428.0,0.014771577034512724
429.0,0.014716600332379976
430.0,0.01465600039986066
431.0,0.014586772806015285
432.0,0.014515763128133097
433.0,0.014453421604205385
434.0,0.01439763965298701
435.0,0.014350671874014644
436.0,0.014308991559746636
437.0,0.014272471179582958
438.0,0.0142388787590218
439.0,0.014211655046343854
440.0,0.014191036317440698
441.0,0.014172276381388054
442.0,0.014161755146626816
443.0,0.01416059595742394
444.0,0.014170596402420946
445.0,0.014192651502045548
446.0,0.014221433381734044
447.0,0.014249051035789457
448.0,0.014278346172372763
449.0,0.014316240481626222
450.0,0.014357303791810763
451.0,0.014400210081396483
452.0,0.01444477553345253
453.0,0.01448382169768143
454.0,0.01451200968772326
455.0,0.014537398336017643
456.0,0.0145607962254378
457.0,0.014576610452958466
458.0,0.014590388404039405
459.0,0.014604680706030099
460.0,0.01462221467428756
461.0,0.014636402441541515
462.0,0.01464760956166163
463.0,0.01466623786381526
464.0,0.014688521810638558
465.0,0.014703684548906993
466.0,0.01472258825741749
467.0,0.01474391094895626
468.0,0.014762023464357062
469.0,0.014781452453313615
470.0,0.014803539412293376
471.0,0.014823430987364123
472.0,0.014840751595195382
473.0,0.014855317524312333
474.0,0.014873627385956729
475.0,0.014897917503074804
476.0,0.01491827986343901
477.0,0.014935396926676402
478.0,0.014964009873907827
479.0,0.014999219092845833
480.0,0.015035208630287835
481.0,0.015068045450661639
482.0,0.015104367313329124
483.0,0.015148779073667084
484.0,0.015188946359711696
485.0,0.015224196220669655
486.0,0.01525395560941474
487.0,0.015283485698799176
488.0,0.015318655882845311
489.0,0.015358442640692352
490.0,0.015400947448374391
491.0,0.01544436713354225
492.0,0.015500379994733466
493.0,0.015570708930962449
494.0,0.01563809709836636
495.0,0.015714249913234845
496.0,0.015803394063106498
497.0,0.015905449918041815
498.0,0.016015774738439008
499.0,0.016132627415392488
500.0,0.016258732976585765
501.0,0.016393518506967523
502.0,0.016532564117374707
503.0,0.016678590630346515
504.0,0.016836331699514966
505.0,0.017001647855718033
506.0,0.017177734753545563
507.0,0.01736623838258739
508.0,0.017565497188039313
509.0,0.017773949769694722
510.0,0.01797970658554877
511.0,0.018186832812108762
512.0,0.01840594648296383
513.0,0.018628892162411034
514.0,0.018859155012874284
515.0,0.019099919168362598
516.0,0.019348566180650863
517.0,0.0196037094685156
518.0,0.019857150278241673
519.0,0.020101509873118442
520.0,0.02033623635114124
521.0,0.020572583400899562
522.0,0.02081344742949821
523.0,0.021053203622000534
524.0,0.02129248061034705
525.0,0.02153230139416031
526.0,0.021781229886452015
527.0,0.02203041333361447
528.0,0.02225705737123303
529.0,0.022474882156263594
530.0,0.022692232160845045
531.0,0.022914462525961143
532.0,0.023136452281690062
533.0,0.02335342686395178
534.0,0.023567165842046225
535.0,0.023774688320816376
536.0,0.023976814109232875
537.0,0.024177190436492864
538.0,0.024374226244813647
539.0,0.02455672230244221
540.0,0.02473150455287281
541.0,0.024908427240351902
542.0,0.02507434172023053
543.0,0.025229314544836533
544.0,0.025380948261546105
545.0,0.025529055708361857
546.0,0.025670934755466956
547.0,0.025802689005087538
548.0,0.025927587928843247
549.0,0.02604998204231762
550.0,0.026170747295919422
551.0,0.026290795289223866
552.0,0.026410921532148413
553.0,0.02652757470733392
554.0,0.026639251384784603
555.0,0.026744823935350426
556.0,0.026842029088394982
557.0,0.026929700305656078
558.0,0.027004846536220158
559.0,0.02706610844035781
560.0,0.0271184849934908
561.0,0.027158995111908512
562.0,0.027183835848160504
563.0,0.02720025359280635
564.0,0.027208604373988515
565.0,0.027201577333461353
566.0,0.027175550204711185
567.0,0.027132146386818566
568.0,0.027077138427494624
569.0,0.0270114205594777
570.0,0.026936535536662094
571.0,0.026850265140374096
572.0,0.02675374137769852
573.0,0.026650831602510687
574.0,0.02653697614054106
575.0,0.02641147473363838
576.0,0.026278220947593568
577.0,0.02613803310108917
578.0,0.025987258593439665
579.0,0.025821410798088078
580.0,0.02564105778677962
581.0,0.025446010434617368
582.0,0.025238647973364225
583.0,0.02501378978581343
584.0,0.024773729261729237
585.0,0.024518812757563402
586.0,0.0242440846369771
587.0,0.023947493710312576
588.0,0.023628530319205497
589.0,0.023307988591388877
590.0,0.022997148929906758
591.0,0.022694094328445002
592.0,0.022390776897414526
593.0,0.022069649662278472
594.0,0.02171564681378057
595.0,0.021327775436788175
596.0,0.020909422163320156
597.0,0.020455672572259036
598.0,0.0199763290547539
599.0,0.019506378698219858
600.0,0.019066545614163655
601.0,0.018679309938253338
602.0,0.018360918589649687
603.0,0.01811037295827459
604.0,0.017916137430778863
605.0,0.017762096060064063
606.0,0.01763030786711207
607.0,0.01750258747461176
608.0,0.017382473080780707
609.0,0.017270576988878177
610.0,0.017154217236257475
611.0,0.017032525512460282
612.0,0.016914849302973458
613.0,0.01679510823700254
614.0,0.016676247675499457
615.0,0.016561897848409536
616.0,0.016450653291634504
617.0,0.01633312982582579
618.0,0.01622172996577799
619.0,0.016121049823391694
620.0,0.01602832623463534
621.0,0.015942344512271025
622.0,0.01586926524016269
623.0,0.01580381714214934
624.0,0.01573863302479108
625.0,0.01566262735322037
626.0,0.015587583923843401
627.0,0.015519856857192593
628.0,0.015467941812966601
629.0,0.015434389416571437
630.0,0.015424172171012426
631.0,0.015415819511291878
632.0,0.015404458070784343
633.0,0.015395272714822406
634.0,0.015386653170588354
635.0,0.015381352531358122
636.0,0.015378823448746668
637.0,0.015381199106598761
638.0,0.01538546348514568
639.0,0.01538634397838608
640.0,0.015381792318738149
641.0,0.015365440494729899
642.0,0.01534170139362058
643.0,0.015316244648638155
644.0,0.015274196128688942
645.0,0.015212819471685452
646.0,0.015131130675383051
647.0,0.015052308817202565
648.0,0.014991814569171018
649.0,0.014932426186751831
650.0,0.014853261214876696
651.0,0.014733514476707756
652.0,0.014596777678582204
653.0,0.014445521708868009
654.0,0.01427435230336041
655.0,0.014048406426871935
656.0,0.013757324072106714
657.0,0.013429539084806697
658.0,0.013109619718512405
659.0,0.012811668164093798
660.0,0.012528807840692463
661.0,0.01226321369032775
662.0,0.012015824131417989
663.0,0.011774894796825097
664.0,0.01153255194984747
665.0,0.011321153615868648
666.0,0.011138874965289024
667.0,0.010951654358476233
668.0,0.010789277019660908
669.0,0.010670499873852005
670.0,0.010569346394639927
671.0,0.010480601564491588
672.0,0.010415022812543433
673.0,0.010363673561268345
674.0,0.010324480365482882
675.0,0.010303669956495743
676.0,0.010296819035044754
677.0,0.010302552504572599
678.0,0.010323660744075178
679.0,0.01036511821770606
680.0,0.010443968225407241
681.0,0.010552030018100487
682.0,0.01068488144479997
683.0,0.01084574410431299
684.0,0.011028734704667519
685.0,0.011239007082531406
686.0,0.011462538188168425
687.0,0.011677835693501028
688.0,0.011849671903031109
689.0,0.011988170099445469
690.0,0.012110230139196206
691.0,0.012208362811562477
692.0,0.012284258647315508
693.0,0.01234216503630178
694.0,0.01238698556004258
695.0,0.012414590270076516
696.0,0.012405271587519898
697.0,0.012350003398358539
698.0,0.01224157149333252
699.0,0.012098160700872414
700.0,0.01192739075112081
701.0,0.011746287478477549
702.0,0.011543586931831077
703.0,0.011320824220976775
704.0,0.011077949795959934
705.0,0.010814821840698364
706.0,0.010545110403631576
707.0,0.010255785986148005
708.0,0.00994847736970234
709.0,0.009638557348626944
710.0,0.009315960954949262
711.0,0.00897722802038183
712.0,0.008625340983159095
713.0,0.008266632939979673
714.0,0.007901347605816133
715.0,0.007528057919504824
716.0,0.007137687302140333
717.0,0.006755883951192762
718.0,0.0063926751366191565
719.0,0.006093972760355295
720.0,0.005857573348802525
721.0,0.005658664680136991
722.0,0.005425443379383974
723.0,0.0051730919382523294
724.0,0.004915998972190778
725.0,0.004667983229228218
726.0,0.004439988383118173
727.0,0.0042316452151753055
728.0,0.0040124997368142035
729.0,0.003780769212801356
730.0,0.003580882259604938
731.0,0.003416463198375861
732.0,0.003283369183836541
733.0,0.0031711062637038955
734.0,0.003069958294082708
735.0,0.002981060111500163
736.0,0.0029093088402698704
737.0,0.002855512076842404
738.0,0.002819093641324595
739.0,0.002801425028795559
740.0,0.0027970222605064885
741.0,0.002787055714956641
742.0,0.002772094904425506
743.0,0.0027634998320119632
744.0,0.0027524531013761676
745.0,0.0027378318341022318
746.0,0.002732857445090326
747.0,0.0027293632719306857
748.0,0.0027145205353427846
749.0,0.0027005584834952348
750.0,0.002691029198782085
751.0,0.002675829275991968
752.0,0.0026587323481789037
753.0,0.0026399823812180523
754.0,0.0026292149931942664
755.0,0.0026221585930604847
756.0,0.0026039455082102862
757.0,0.0025730539145051687
758.0,0.0025178229960861245
759.0,0.002416382906608288
760.0,0.0022654300618464803
761.0,0.0021380030822915033
762.0,0.0020946487745691347
763.0,0.0021265868657721065
764.0,0.0021872910069979513
765.0,0.002257434824283907
766.0,0.0023232691527014697
767.0,0.00238126333354286
768.0,0.0024269944275316898
769.0,0.002451672081030668
770.0,0.0024730852761849762
771.0,0.0024907602351462387
772.0,0.002492614981134299
773.0,0.002490891454225306
774.0,0.002497474765709832
775.0,0.002502938298745925
776.0,0.002505742708253831
777.0,0.0025136736164247343
778.0,0.002521920509877034
779.0,0.0025280343168440724
780.0,0.002538386660800993
781.0,0.002545459535489668
782.0,0.002548204138132861
783.0,0.0025544327968528074
784.0,0.0025607166876667315
785.0,0.002562965908402288
786.0,0.002557659174304343
787.0,0.0025469223019401127
788.0,0.00254849678563998
789.0,0.0025634009169343275
790.0,0.0025831377141685777
791.0,0.002609026744816536
792.0,0.0026352252452012713
793.0,0.0026481415561137494
794.0,0.0026613320695151915
795.0,0.0026759951683410594
796.0,0.002675971084329417
797.0,0.0026826305496614453
798.0,0.0027016516151624867
799.0,0.0027146908278884796
800.0,0.002724533316701714
801.0,0.002728597754644264
802.0,0.002731831700548707
803.0,0.0027372989373345494
804.0,0.002754732364351244
805.0,0.0027653968706545283
806.0,0.002756872319948753
807.0,0.0027439790953621536
808.0,0.0027285443190755007
809.0,0.00270149970752531
810.0,0.0026591099631326593
811.0,0.0026019252376591894
812.0,0.0025445734716658505
813.0,0.002480671792095545
814.0,0.0024156001954460183
815.0,0.0023653696745585913
816.0,0.002322324293448642
817.0,0.002294826038322082
818.0,0.0022677984306562786
819.0,0.0022306004951888844
820.0,0.002180452006460539
821.0,0.0021225139042317
822.0,0.0020661112359199587
823.0,0.0020048299534076186
824.0,0.0019344162968095934
825.0,0.0018640998730309658
826.0,0.0017917331363708252
827.0,0.0017195826391837022
828.0,0.0016384773918266266
829.0,0.0015440519255435555
830.0,0.0014580524841539461
831.0,0.0013953005948822738
832.0,0.0013525497009034709
833.0,0.001334169052320196
834.0,0.0013100649082937918
835.0,0.0012762535533385557
836.0,0.0012653056432330397
837.0,0.001256659530504727
838.0,0.0012390401047353147
839.0,0.001233127854090834
840.0,0.0012329218834908936
841.0,0.0011991603577187686
842.0,0.0011823478518247648
843.0,0.0011929190728196142
844.0,0.0011824226738569056
845.0,0.0011660758613881495
846.0,0.001166543975495269
847.0,0.0011522868997859853
848.0,0.001135107484147932
849.0,0.0011300537464193764
850.0,0.00111763803624377
851.0,0.001091000382139757
852.0,0.0010844298861876762
853.0,0.0010833345042058332
854.0,0.0010606867036142649
855.0,0.0010488174729984113
856.0,0.001036990249831189
857.0,0.0010150513014395585
858.0,0.0010050232714314245
859.0,0.0010018510242388872
860.0,0.0009932563440189766
861.0,0.0009792543991331585
862.0,0.0009771472806070077
863.0,0.0009722356104477917
864.0,0.0009595483672918764
865.0,0.0009534117225627446
866.0,0.0009431878597099634
867.0,0.0009227747210811474
868.0,0.0008964514822847377
869.0,0.0008793976327063594
870.0,0.0008739704047709077
871.0,0.0008656002554165426
872.0,0.0008607084562966575
873.0,0.0008400100499796739
874.0,0.0008148979340307109
875.0,0.000798208789707119
876.0,0.0007824871866395425
877.0,0.000768343452196034
878.0,0.0007525080670491192
879.0,0.0007358992893919878
880.0,0.0007131826752220106
881.0,0.0006796609150600269
882.0,0.0006681018954625992
883.0,0.0006715771327249993
884.0,0.0006656212380941204
885.0,0.0006575903127296127
886.0,0.000636433342840615
887.0,0.0005963776233237103
888.0,0.0005563204847816381
889.0,0.0005274209607234062
890.0,0.000521160990316078
891.0,0.0005324571468212449
892.0,0.00048152144338305564
893.0,0.0004148439402030018
894.0,0.00035731124733120925
895.0,0.00031840721237310406
896.0,0.00029846387372585724
897.0,0.0002926002413280916
898.0,0.00025293454385425147
899.0,0.00022202655954523011
