/begin_header
/west_longitude=UNKNOWN
/south_latitude=NA
/north_latitude=UNKNOWN
/calibration_files=NA
/cruise=NA
/station=NA
/documents=NA
/data_type=NA
/affiliations=NOAA
/experiment=NA
/units=nm,dl
/start_date=2019-08-01
/end_date=NA
/missing=9999
/start_time=13:56:05
/data_file_name=NA
/cloud_percent=NA
/water_depth=NA
/data_status=NA
/east_longitude=NA
/wind_speed=NA
/secchi=NA
/measurement_depth=NA
/fields=wavelength,rrs
/delimiter=comma
/contact=NA
/end_time=NA
/wave_height=NA
/investigators=NA
/end_header@
325.0,0.0195337938719327
326.0,0.019509006984902356
327.0,0.019481046541933687
328.0,0.019413509118125644
329.0,0.019269450931708586
330.0,0.019152850329314932
331.0,0.019132551088802456
332.0,0.019051829660798585
333.0,0.018937317485929417
334.0,0.018826794971963226
335.0,0.018722706223006223
336.0,0.018622634469735437
337.0,0.018488858324880463
338.0,0.01836287949341568
339.0,0.01825053418739871
340.0,0.018152072564305545
341.0,0.018055185286799415
342.0,0.0179914128361768
343.0,0.017913458695070567
344.0,0.017833774342194384
345.0,0.017730655100753907
346.0,0.017626663354594375
347.0,0.01752306383673688
348.0,0.01743038654841622
349.0,0.017348204726337003
350.0,0.017262845785855803
351.0,0.01720589151237192
352.0,0.01714039077385458
353.0,0.017064189539335042
354.0,0.01697807739521416
355.0,0.016891429950062157
356.0,0.01681012783770824
357.0,0.016733017899740455
358.0,0.01664036552184202
359.0,0.016560043643709332
360.0,0.01648471513116209
361.0,0.016385335182330676
362.0,0.016291240410819544
363.0,0.016215597196377978
364.0,0.016136872196425886
365.0,0.016061792153709557
366.0,0.015993585329882397
367.0,0.015918491599942807
368.0,0.015856050882816948
369.0,0.015804824121619807
370.0,0.015731434597457974
371.0,0.015638327754359724
372.0,0.015553756016733308
373.0,0.015466095600948217
374.0,0.015383137646219019
375.0,0.015300265742200692
376.0,0.015224608831826155
377.0,0.015150615115982605
378.0,0.01506645061215251
379.0,0.014972443671029415
380.0,0.014914007212485572
381.0,0.014865395547709121
382.0,0.01480556639849733
383.0,0.014739147419177734
384.0,0.014665585131477036
385.0,0.014571251339516375
386.0,0.01448551815112914
387.0,0.014418404234111526
388.0,0.014361296010080626
389.0,0.014306257795451366
390.0,0.014248111109823856
391.0,0.014189972375881044
392.0,0.014130810715367717
393.0,0.014063053537427173
394.0,0.013993204105324166
395.0,0.013922222327511368
396.0,0.01383629560993559
397.0,0.013750765212046958
398.0,0.013664415446250031
399.0,0.01359103582467153
400.0,0.013522392230397575
401.0,0.013449481242260915
402.0,0.013389018675245168
403.0,0.013335805696866968
404.0,0.013264117309911385
405.0,0.013189745234664757
406.0,0.013110034281762065
407.0,0.01302800056585444
408.0,0.012946146868542346
409.0,0.012873786551583324
410.0,0.012795679977010676
411.0,0.01271325566432202
412.0,0.012643914028751585
413.0,0.012586566426181191
414.0,0.01253632118067837
415.0,0.012477447122853974
416.0,0.01241349181904693
417.0,0.012359214512658883
418.0,0.012309690158523574
419.0,0.012261917718866783
420.0,0.012210913993686172
421.0,0.012162074931974697
422.0,0.01211665616767057
423.0,0.01206727205533975
424.0,0.012020068457037349
425.0,0.011990100573007577
426.0,0.01195418696493441
427.0,0.011905795103758384
428.0,0.011859960939554048
429.0,0.011812544766040201
430.0,0.01175992897823172
431.0,0.011705414956650045
432.0,0.011645384421463638
433.0,0.011583069726234107
434.0,0.011537069946952007
435.0,0.011508337590606769
436.0,0.011477678238157537
437.0,0.011448855248122853
438.0,0.01142697896415581
439.0,0.0114158461153659
440.0,0.011414928889742998
441.0,0.011414242934812345
442.0,0.011421217777739452
443.0,0.011438164224001731
444.0,0.01147016369046315
445.0,0.01151169743460924
446.0,0.011552826390740463
447.0,0.01160679606689501
448.0,0.011666095658961251
449.0,0.01171672122465773
450.0,0.011767334073599176
451.0,0.0118220340052891
452.0,0.011876079174386201
453.0,0.011926710004052047
454.0,0.011971832996173267
455.0,0.012007533649359787
456.0,0.012035235627778234
457.0,0.012059016078475527
458.0,0.01207918271541544
459.0,0.01209849982160785
460.0,0.012113976422652339
461.0,0.012130150255602557
462.0,0.012151330353246304
463.0,0.012168591786427853
464.0,0.012183806746373187
465.0,0.012209454649739587
466.0,0.012236728228872855
467.0,0.012264646776847937
468.0,0.012291069607293753
469.0,0.012319590717994898
470.0,0.012352531925117077
471.0,0.012387878123240685
472.0,0.012423076948933699
473.0,0.012452730338769827
474.0,0.012485383239638277
475.0,0.0125221376807653
476.0,0.012558356755643294
477.0,0.012596005351134055
478.0,0.01263428135928325
479.0,0.012670636030967186
480.0,0.0127064986730135
481.0,0.01274037120229605
482.0,0.012776785135730004
483.0,0.012821006816110644
484.0,0.012859088218062545
485.0,0.012892033470762726
486.0,0.012926170478405209
487.0,0.012960924485415831
488.0,0.012995844910021006
489.0,0.013035574287420795
490.0,0.01308007272322002
491.0,0.013131078104542246
492.0,0.013190905719381122
493.0,0.01326156852386005
494.0,0.013341891117082774
495.0,0.013430759752521379
496.0,0.013534160328134176
497.0,0.013653618894950096
498.0,0.013785662672943916
499.0,0.013932926356674669
500.0,0.014094259848604272
501.0,0.014267919895164993
502.0,0.014453910228756204
503.0,0.01465364912422403
504.0,0.014862559592813577
505.0,0.015090548735432214
506.0,0.01533666275146216
507.0,0.015592052606323386
508.0,0.015862131373585883
509.0,0.01614668694583621
510.0,0.016438035010171752
511.0,0.016738358141687358
512.0,0.01705002606790479
513.0,0.017373293218648132
514.0,0.017710010362409778
515.0,0.018060880588342935
516.0,0.01842347847118562
517.0,0.018790814391688816
518.0,0.01916142561325504
519.0,0.019526272728318583
520.0,0.01987263247156367
521.0,0.02021722434212331
522.0,0.02056653404266291
523.0,0.020907968345407
524.0,0.02125117401657045
525.0,0.021598818730316747
526.0,0.021947432555521222
527.0,0.022289985638347526
528.0,0.022610822807554644
529.0,0.02292320990278198
530.0,0.023231944190431997
531.0,0.023535438514817934
532.0,0.023839469556691396
533.0,0.024141714806164512
534.0,0.024430403536843847
535.0,0.024702688421315448
536.0,0.024967509787380975
537.0,0.025228824368198392
538.0,0.025487688113585916
539.0,0.025736749800225285
540.0,0.0259750797582183
541.0,0.026204598516711773
542.0,0.02642323996972219
543.0,0.02662911242879301
544.0,0.02682317087871496
545.0,0.027006493079770617
546.0,0.027180058938885816
547.0,0.027341292584647396
548.0,0.027490234972857974
549.0,0.02762335607323394
550.0,0.027749769777738482
551.0,0.027873502925949867
552.0,0.02798696365418874
553.0,0.02809147064863433
554.0,0.028184949654468792
555.0,0.028263549182540936
556.0,0.028327294131557816
557.0,0.028379430644215702
558.0,0.028412925343566993
559.0,0.028423592058016468
560.0,0.0284243460487536
561.0,0.028416026825380164
562.0,0.028394061563526217
563.0,0.028358896756070406
564.0,0.028311968367615035
565.0,0.028256484901218744
566.0,0.028194324634420627
567.0,0.02813072378897279
568.0,0.028061170016211334
569.0,0.027985194918712826
570.0,0.027905464971116734
571.0,0.027818853588507386
572.0,0.027728722942951856
573.0,0.0276433204490731
574.0,0.027556371675383717
575.0,0.02746338975905978
576.0,0.027373076558991082
577.0,0.027281644504569397
578.0,0.027174000873924048
579.0,0.027056268206286326
580.0,0.026930564885412244
581.0,0.026794634835534174
582.0,0.026652113652769243
583.0,0.026505461753849872
584.0,0.0263510983661376
585.0,0.02618914213471139
586.0,0.026022312680470013
587.0,0.025848922335536005
588.0,0.025668487690323698
589.0,0.025482470498354105
590.0,0.02529477441385549
591.0,0.025110760571389824
592.0,0.024933227429377907
593.0,0.024749698765479326
594.0,0.02453651925885827
595.0,0.024289196925672503
596.0,0.024004774355065966
597.0,0.02368197734375
598.0,0.023326917224380562
599.0,0.022958324902978704
600.0,0.02259827058826847
601.0,0.022271459084922698
602.0,0.021987374778524825
603.0,0.021746010096723157
604.0,0.021548757827222518
605.0,0.021373771817331966
606.0,0.021208292492007785
607.0,0.021047485625535555
608.0,0.02088511663530223
609.0,0.020717149815902225
610.0,0.020550280745693584
611.0,0.02038379374432629
612.0,0.020206233098668445
613.0,0.020032581816720248
614.0,0.019867728116619954
615.0,0.01970796493743024
616.0,0.01954987322940522
617.0,0.01939267123731154
618.0,0.019255357646281335
619.0,0.01913922211550081
620.0,0.01903016639377299
621.0,0.01893019875331286
622.0,0.018844100023953984
623.0,0.018767395508959346
624.0,0.018696061974424184
625.0,0.01863085888873292
626.0,0.018571447898388084
627.0,0.018520409576347454
628.0,0.018480434957781046
629.0,0.01845088546268468
630.0,0.018432214750165068
631.0,0.018417100210216857
632.0,0.018403657965602404
633.0,0.018399414114315702
634.0,0.018402208389585648
635.0,0.018409862562486955
636.0,0.018419307775868005
637.0,0.01842933248973997
638.0,0.018439273388126953
639.0,0.0184481092067801
640.0,0.018449738037275478
641.0,0.01843512204377636
642.0,0.01840760493008001
643.0,0.01837316601327395
644.0,0.01832817275106006
645.0,0.018271249057358507
646.0,0.01819432298835533
647.0,0.01810380667312613
648.0,0.017998815050680864
649.0,0.017882384556394442
650.0,0.017739929742853662
651.0,0.017552819776685165
652.0,0.01733909709179904
653.0,0.017103516129216657
654.0,0.016845808449117018
655.0,0.016502122496827386
656.0,0.016049689902054052
657.0,0.015535763150761443
658.0,0.015027366939920036
659.0,0.014547789690299014
660.0,0.014083184192721204
661.0,0.013633067466660338
662.0,0.013211782429356732
663.0,0.012822657796744871
664.0,0.01247495807887492
665.0,0.01216562823338426
666.0,0.011895820863603482
667.0,0.011675671853654467
668.0,0.011505022861095778
669.0,0.011380934040400404
670.0,0.0112989436358062
671.0,0.011255715520775509
672.0,0.01123991511514538
673.0,0.011260585971812228
674.0,0.011313345296821084
675.0,0.011375866699593336
676.0,0.011463699227393152
677.0,0.01157966804214111
678.0,0.011728215277130935
679.0,0.01191291113936887
680.0,0.012126195361854778
681.0,0.012377942616577578
682.0,0.01267439032230031
683.0,0.013019533838401907
684.0,0.013432022824669296
685.0,0.013968876228949162
686.0,0.014596822833338527
687.0,0.015246390068541091
688.0,0.01572816021448915
689.0,0.01614562984408819
690.0,0.016612241373450548
691.0,0.017113485285021567
692.0,0.017643826874017367
693.0,0.01819130187952739
694.0,0.0187196626437681
695.0,0.019199627945049407
696.0,0.0196369076843592
697.0,0.02001655886946809
698.0,0.020323601916927655
699.0,0.020560760016596465
700.0,0.020719575221601574
701.0,0.02078283213661445
702.0,0.020755037778672627
703.0,0.020642663424541373
704.0,0.02046893233249407
705.0,0.02023305124073212
706.0,0.019927243593304556
707.0,0.019560012231510934
708.0,0.019134258719561655
709.0,0.018652577734305783
710.0,0.01812454249657215
711.0,0.01755688170284811
712.0,0.016947916490210723
713.0,0.0163234970143847
714.0,0.015710557118958225
715.0,0.015115016938256277
716.0,0.014517065275029361
717.0,0.013914096467576294
718.0,0.013298278916892498
719.0,0.01269950736642072
720.0,0.012137394593570754
721.0,0.011628728494035472
722.0,0.011155041299991333
723.0,0.010684532693397846
724.0,0.01021205280470111
725.0,0.009744526709206678
726.0,0.009286764086378513
727.0,0.008826547372951951
728.0,0.008356501331270852
729.0,0.007883569028821678
730.0,0.007428837491832969
731.0,0.007017646235272357
732.0,0.006664695761091979
733.0,0.006366342712014009
734.0,0.006114830776457773
735.0,0.0059073067309705065
736.0,0.005738069772771281
737.0,0.0056090022949528496
738.0,0.005517742336874476
739.0,0.005450643791154302
740.0,0.005397007501425322
741.0,0.005349894350961865
742.0,0.005311051293724357
743.0,0.0052863522771023725
744.0,0.005260966246498427
745.0,0.0052336920402631885
746.0,0.005207277028720084
747.0,0.005184771175644085
748.0,0.005169288081792836
749.0,0.005150521358410339
750.0,0.005128541124471498
751.0,0.0051045908745157974
752.0,0.00508297233024647
753.0,0.005062145123286996
754.0,0.0050450386372860685
755.0,0.005028108534968562
756.0,0.00502044603784714
757.0,0.005027811868432231
758.0,0.0050495593912141794
759.0,0.005082297010147329
760.0,0.005098809796275284
761.0,0.005064416441410784
762.0,0.0050052927106124245
763.0,0.004950182102194326
764.0,0.004910883346509361
765.0,0.00488930599214676
766.0,0.004881149025612716
767.0,0.004886001925390663
768.0,0.004891195196084096
769.0,0.004891074444774036
770.0,0.004896293142726124
771.0,0.004905671857334495
772.0,0.004910473600530358
773.0,0.004920393315914001
774.0,0.004938850489538073
775.0,0.004946929855944763
776.0,0.004954804833967106
777.0,0.004972256706587702
778.0,0.004988899625788976
779.0,0.00500786843648854
780.0,0.005039204452067124
781.0,0.005069177249120944
782.0,0.005094950020816849
783.0,0.005123989030556095
784.0,0.005156505583485205
785.0,0.005189543988837149
786.0,0.005218993810702
787.0,0.005244948858289867
788.0,0.005284488568494177
789.0,0.005326281561655678
790.0,0.005362978621986971
791.0,0.005402066900407346
792.0,0.005447613761479132
793.0,0.005500283022271853
794.0,0.005541008635287067
795.0,0.005571138628408609
796.0,0.005609750159879268
797.0,0.005653902307113933
798.0,0.005695041241362412
799.0,0.005728637364937663
800.0,0.0057554385696253155
801.0,0.00578360712189042
802.0,0.0058127041817600915
803.0,0.005841990706344721
804.0,0.005852036829545495
805.0,0.005852121849462464
806.0,0.005854623826539252
807.0,0.005851340824290597
808.0,0.00583777816038201
809.0,0.005807356254391558
810.0,0.0057656263063218405
811.0,0.0057191628317881365
812.0,0.005670588825732265
813.0,0.005616030332728338
814.0,0.005552810700165384
815.0,0.0054815244248590436
816.0,0.00541083606404052
817.0,0.005338751495953291
818.0,0.005261702700139582
819.0,0.005168371172691276
820.0,0.005069760959384745
821.0,0.00496428177609333
822.0,0.004844366304965275
823.0,0.004693710094635156
824.0,0.004525223944755165
825.0,0.004368838788413645
826.0,0.004206162074114081
827.0,0.004038516543988858
828.0,0.0038805476192922926
829.0,0.003727664043953669
830.0,0.003577114418612918
831.0,0.0034399337343471005
832.0,0.003328300172738713
833.0,0.0032553433563511937
834.0,0.0031827307736801294
835.0,0.0031125783459339694
836.0,0.003076652468547326
837.0,0.0030447781784538374
838.0,0.0030085355679021443
839.0,0.0029817481599277032
840.0,0.0029609567622658956
841.0,0.0029380656975120404
842.0,0.002914874449838283
843.0,0.002894481306397007
844.0,0.0028765220556069768
845.0,0.00284985619894093
846.0,0.0028253655425974945
847.0,0.0027993424860158446
848.0,0.00277646393453615
849.0,0.0027647044282483857
850.0,0.002743421842983471
851.0,0.0027113029295792
852.0,0.002693343080159946
853.0,0.0026820985251008365
854.0,0.002666617576923027
855.0,0.0026410664822782955
856.0,0.0026182981562281058
857.0,0.0026101996920266284
858.0,0.002593467594610669
859.0,0.0025636150228600533
860.0,0.002541325448018141
861.0,0.0025311836115678647
862.0,0.002530064735273882
863.0,0.002518176860721473
864.0,0.002495536150925742
865.0,0.002473190886583597
866.0,0.002458584280104156
867.0,0.002443467218208677
868.0,0.0024301985772321832
869.0,0.0024086602476964805
870.0,0.0023626891495892497
871.0,0.0023364847097342694
872.0,0.002320846515295881
873.0,0.002305520958968402
874.0,0.0022848881588511615
875.0,0.00225610800998093
876.0,0.002227843762405255
877.0,0.0021977629487430084
878.0,0.0021712837461248156
879.0,0.002172378652394666
880.0,0.0021728474675581054
881.0,0.002144662190601554
882.0,0.0021217821412067937
883.0,0.002099800945656042
884.0,0.0020586414107665466
885.0,0.0020320619779061215
886.0,0.002024088961565372
887.0,0.00200276878171589
888.0,0.0019826800353476646
889.0,0.0019511259303388103
890.0,0.0019211390863007748
891.0,0.0018914233191175335
892.0,0.0018719298232937602
893.0,0.0018511971342077007
894.0,0.0018252799855998027
895.0,0.0017916714384691832
896.0,0.0017661805021922724
897.0,0.001770106242586274
898.0,0.0017621037341889315
899.0,0.0017455506838663713
