/begin_header
/west_longitude=UNKNOWN
/south_latitude=NA
/north_latitude=UNKNOWN
/calibration_files=NA
/cruise=NA
/station=NA
/documents=NA
/data_type=NA
/affiliations=NOAA
/experiment=NA
/units=nm,dl
/start_date=2019-08-01
/end_date=NA
/missing=9999
/start_time=12:53:02
/data_file_name=NA
/cloud_percent=NA
/water_depth=NA
/data_status=NA
/east_longitude=NA
/wind_speed=NA
/secchi=NA
/measurement_depth=NA
/fields=wavelength,rrs
/delimiter=comma
/contact=NA
/end_time=NA
/wave_height=NA
/investigators=NA
/end_header@
325.0,0.0038723438716016063
326.0,0.003884742466871737
327.0,0.0038595032216145637
328.0,0.0037961982711863644
329.0,0.0038435900800122434
330.0,0.003921479763535934
331.0,0.00395028455401082
332.0,0.003952756127612377
333.0,0.003942223321627637
334.0,0.0039021272659851237
335.0,0.0038928645495067337
336.0,0.003914122177857962
337.0,0.00392454505301364
338.0,0.003941430594008671
339.0,0.0039465794720580675
340.0,0.0039220004648331365
341.0,0.003909686283727056
342.0,0.003944035199458977
343.0,0.003958515243177625
344.0,0.003966978259499741
345.0,0.003989411546262244
346.0,0.003978840478244748
347.0,0.003952926609019042
348.0,0.003960124039611823
349.0,0.003985140313928957
350.0,0.004005226669908458
351.0,0.004006080832209118
352.0,0.0040046795002151095
353.0,0.00401516829797613
354.0,0.0040280752217053874
355.0,0.004038015281519385
356.0,0.004027280505511045
357.0,0.004028810478030416
358.0,0.004049211944444826
359.0,0.0040562045293419564
360.0,0.0040509143923969
361.0,0.0040581760810231154
362.0,0.0040600940863476905
363.0,0.004054994603462691
364.0,0.0040602329886260755
365.0,0.004062153243925172
366.0,0.004064245169675869
367.0,0.004076071051319
368.0,0.0040809328770510704
369.0,0.0040684014521458565
370.0,0.004067261733972538
371.0,0.00408293798715048
372.0,0.0040917297540170785
373.0,0.004093722799930632
374.0,0.004096758263475744
375.0,0.004093393935191953
376.0,0.004088482067100385
377.0,0.004101617195973872
378.0,0.004109344117426687
379.0,0.004106880167596591
380.0,0.004113618905600938
381.0,0.004122873147609332
382.0,0.00412053560489778
383.0,0.004119119153120081
384.0,0.004126087047597666
385.0,0.004138214796556355
386.0,0.004148937726469858
387.0,0.004149935181846225
388.0,0.00414603637464719
389.0,0.0041418715315404385
390.0,0.004140294186844416
391.0,0.004151045917507465
392.0,0.004164477959103753
393.0,0.0041576065084028765
394.0,0.004161696546639013
395.0,0.00417017645226586
396.0,0.004160294271729562
397.0,0.004149128322700471
398.0,0.00414280308396395
399.0,0.004139533353453585
400.0,0.004134671806917625
401.0,0.004121405871809197
402.0,0.0041133375569577186
403.0,0.00410967058840218
404.0,0.004098188236716637
405.0,0.004092173585711527
406.0,0.004090026297877734
407.0,0.0040774530889261225
408.0,0.004063540999664431
409.0,0.0040579001780421346
410.0,0.004049871970169152
411.0,0.0040392030829755395
412.0,0.004033565369245065
413.0,0.004028216164807111
414.0,0.004021602387275154
415.0,0.004017060513988932
416.0,0.004015326924302509
417.0,0.004013392902913231
418.0,0.004012454467250429
419.0,0.004012908789955971
420.0,0.004016872412587044
421.0,0.004018540151730456
422.0,0.004016708229640455
423.0,0.004017545963404879
424.0,0.004020648670149918
425.0,0.004020714137408936
426.0,0.004023298164146875
427.0,0.00402784310162785
428.0,0.004026912955673471
429.0,0.0040241696042636645
430.0,0.0040242539707722414
431.0,0.004021874669025261
432.0,0.004017916141324687
433.0,0.004012416925497092
434.0,0.0040084837353682136
435.0,0.004007404695991872
436.0,0.004009022431453599
437.0,0.0040155799232432995
438.0,0.004025358876474
439.0,0.004035201891541225
440.0,0.004046040857661727
441.0,0.004063500156265835
442.0,0.004085909586727578
443.0,0.004111903180440906
444.0,0.004140299817732322
445.0,0.004173203863962459
446.0,0.004211316411784223
447.0,0.004250916865442173
448.0,0.00429158925249159
449.0,0.0043348583915985995
450.0,0.004376892394131424
451.0,0.004417663354982443
452.0,0.004457819238026262
453.0,0.004495247811080969
454.0,0.004529103218616975
455.0,0.004560465615772228
456.0,0.004590766469404189
457.0,0.004620549517136646
458.0,0.004646044875000064
459.0,0.004669615478417698
460.0,0.0046942281216110614
461.0,0.004718092338852148
462.0,0.00474129293183381
463.0,0.0047630229475790885
464.0,0.0047849083177864075
465.0,0.004810960829403311
466.0,0.004836819988039024
467.0,0.0048624779591363064
468.0,0.004890618613493815
469.0,0.004918592075296163
470.0,0.0049484203139059085
471.0,0.004977509298597743
472.0,0.005004837128593684
473.0,0.005033976328727539
474.0,0.005063087984438569
475.0,0.005092177085694833
476.0,0.005119664384583775
477.0,0.005147005883904305
478.0,0.005175624566677232
479.0,0.005204434216164673
480.0,0.005234190900847815
481.0,0.005263327864757607
482.0,0.005292340032312428
483.0,0.005325162880560936
484.0,0.00535605253734257
485.0,0.005384259909609766
486.0,0.005415367836454976
487.0,0.005445147002310106
488.0,0.005472745197716065
489.0,0.005501993054947899
490.0,0.005532637167617826
491.0,0.005566466500660965
492.0,0.005605388352214098
493.0,0.005649708965474015
494.0,0.005696482422471437
495.0,0.005746795192995619
496.0,0.005801523344938223
497.0,0.005861377855178728
498.0,0.00592869507625232
499.0,0.0060044899168507715
500.0,0.006086159882248444
501.0,0.006172914585803031
502.0,0.006267949897122172
503.0,0.0063655131917197665
504.0,0.0064638732219396535
505.0,0.006572241539525421
506.0,0.006689371137501154
507.0,0.006807909511807852
508.0,0.006932415663598533
509.0,0.007062759614516012
510.0,0.007196186336911775
511.0,0.007332683386876116
512.0,0.007473645213814481
513.0,0.007620752387301891
514.0,0.0077771348113897356
515.0,0.007941907793185574
516.0,0.008111894424578383
517.0,0.008284035837494824
518.0,0.008458399515594158
519.0,0.00862993639378563
520.0,0.008794630221749995
521.0,0.008958136403012197
522.0,0.009122320061922307
523.0,0.00928627219654549
524.0,0.00945388259281988
525.0,0.009621711411040856
526.0,0.009788495316412378
527.0,0.009956113428040167
528.0,0.010124909018533771
529.0,0.010282862709542593
530.0,0.010431740323460333
531.0,0.01058504073439219
532.0,0.010741732911520776
533.0,0.010897531175614667
534.0,0.011048284356055984
535.0,0.011192366392500786
536.0,0.01133486313608369
537.0,0.011474101417043357
538.0,0.011610259652491258
539.0,0.011744580405279825
540.0,0.011875879846396112
541.0,0.012000091438458486
542.0,0.012118107610712728
543.0,0.01223128179441518
544.0,0.012340683995571342
545.0,0.012447642869999128
546.0,0.012552862320076708
547.0,0.01265292147888058
548.0,0.012746919853286276
549.0,0.012838233573476862
550.0,0.012923711727822015
551.0,0.01300394331213459
552.0,0.013079947969812409
553.0,0.013152359947148431
554.0,0.013223254857435193
555.0,0.01328550391619906
556.0,0.013339221819410843
557.0,0.013390430811555682
558.0,0.013434601691387224
559.0,0.013469833677248313
560.0,0.01349760992473698
561.0,0.013519127525298064
562.0,0.013535721412111878
563.0,0.0135447391045794
564.0,0.013545904508455822
565.0,0.01354034541508243
566.0,0.01352894176775506
567.0,0.013509711216217352
568.0,0.013488633547063441
569.0,0.013465620165464837
570.0,0.013439968236298136
571.0,0.013410087438474664
572.0,0.013375342037533686
573.0,0.013330297834829499
574.0,0.013281827366738502
575.0,0.013235784021606162
576.0,0.013181653430079454
577.0,0.013119916529311609
578.0,0.01305817879423147
579.0,0.012994256333983592
580.0,0.012926942587318007
581.0,0.012851765842481567
582.0,0.012768653983241788
583.0,0.012678207721411542
584.0,0.01258514940635797
585.0,0.012490371009631154
586.0,0.012392564999768225
587.0,0.012292401874186659
588.0,0.012191258512142917
589.0,0.012087103622346464
590.0,0.011982014696678676
591.0,0.011876911558399537
592.0,0.011770884297344271
593.0,0.011656537647160169
594.0,0.011532647703684333
595.0,0.011393758745808408
596.0,0.011236216035604155
597.0,0.011058378888424083
598.0,0.010863607765911266
599.0,0.01066277712444272
600.0,0.010471118555568846
601.0,0.010301007310305952
602.0,0.010155631209693827
603.0,0.010034663132423719
604.0,0.009931652262455314
605.0,0.009844264894901207
606.0,0.009768117049109026
607.0,0.009693598738600866
608.0,0.009620782937514288
609.0,0.009548109407156249
610.0,0.009469195312896613
611.0,0.00938557918511158
612.0,0.009305315161197893
613.0,0.009229015904807769
614.0,0.009156385568115915
615.0,0.00908285282157582
616.0,0.009008736331094355
617.0,0.008940901623261572
618.0,0.008876506553634833
619.0,0.008817520734276173
620.0,0.008767746398546716
621.0,0.008722918336826719
622.0,0.008681380941518591
623.0,0.008643849401766459
624.0,0.008610589351646058
625.0,0.008582779916249384
626.0,0.008555659142793626
627.0,0.008529485732321507
628.0,0.008506664895697846
629.0,0.008489654466290169
630.0,0.008481700626284255
631.0,0.008476527779920171
632.0,0.008472137104146456
633.0,0.008465950343643964
634.0,0.008463231456023445
635.0,0.008464641385925634
636.0,0.008470603823180524
637.0,0.008480437480864331
638.0,0.008489051634807412
639.0,0.008498769795042315
640.0,0.008507823861439187
641.0,0.00850933430096728
642.0,0.00850541832078706
643.0,0.008499691919394828
644.0,0.008491357208307624
645.0,0.008476986177655894
646.0,0.008449504054406337
647.0,0.00841633374179621
648.0,0.008381959470862003
649.0,0.008339102386108204
650.0,0.008280939974909963
651.0,0.00820084719067972
652.0,0.008101973108761575
653.0,0.007989353767641044
654.0,0.007873304913688522
655.0,0.007726120337942359
656.0,0.00753427191757234
657.0,0.007304736807965011
658.0,0.007068342701761281
659.0,0.006842738592919878
660.0,0.006626945455438346
661.0,0.00642347416194094
662.0,0.0062299666273000045
663.0,0.006046412284659156
664.0,0.005878654403028908
665.0,0.005730886721347965
666.0,0.00560388560004046
667.0,0.005495947634594775
668.0,0.005409262693970044
669.0,0.005342838336387019
670.0,0.0052994230899813975
671.0,0.0052743280293421095
672.0,0.005259541346868126
673.0,0.005257413422239869
674.0,0.00526738700801632
675.0,0.005288183108906443
676.0,0.005318697538881554
677.0,0.0053611558423185815
678.0,0.005417259939313706
679.0,0.005487637806152632
680.0,0.005569429614128497
681.0,0.005670357064764093
682.0,0.005795166990275513
683.0,0.005940204514448481
684.0,0.006111032651730706
685.0,0.006328284003090769
686.0,0.00659230676786408
687.0,0.006881597453618318
688.0,0.007104978743859826
689.0,0.007296801579318736
690.0,0.007501978598412689
691.0,0.007709058253572215
692.0,0.007919440497367272
693.0,0.00813491672955324
694.0,0.008338931883697762
695.0,0.008517611404465763
696.0,0.008670384856439187
697.0,0.008791481712567741
698.0,0.008878161921026004
699.0,0.008941101113045288
700.0,0.008976337798498327
701.0,0.008972529803904972
702.0,0.0089287362379922
703.0,0.008847577066105995
704.0,0.008743684851653704
705.0,0.00861711994279184
706.0,0.008464365986153929
707.0,0.008287002317310348
708.0,0.00808691993977517
709.0,0.007865051832526466
710.0,0.007627796022288316
711.0,0.007377184901425815
712.0,0.007114779139438579
713.0,0.006845273568436181
714.0,0.006570733932229789
715.0,0.006307034866208724
716.0,0.006051419060651766
717.0,0.005797970699289253
718.0,0.005542647580716112
719.0,0.005297935850348
720.0,0.005061948791489519
721.0,0.004843151105957079
722.0,0.004641643058560906
723.0,0.004446585937383453
724.0,0.004254955037567533
725.0,0.004060593028565088
726.0,0.00386989129746942
727.0,0.0036818516899492885
728.0,0.0034885337939258
729.0,0.003291843903518973
730.0,0.003106865593538893
731.0,0.002939009595027477
732.0,0.0027910291590155247
733.0,0.0026669909655521367
734.0,0.0025652060902608335
735.0,0.0024783694187560695
736.0,0.002408806343245849
737.0,0.002357043188690682
738.0,0.0023208274364772815
739.0,0.0022955913604136456
740.0,0.002274592273543739
741.0,0.0022579578848298263
742.0,0.0022435116327023034
743.0,0.002228897164743754
744.0,0.0022171400453443427
745.0,0.0022074794777502743
746.0,0.0021967465663686155
747.0,0.002187358822397528
748.0,0.0021811699978500063
749.0,0.002174615628664788
750.0,0.0021668741621047654
751.0,0.0021606091628364487
752.0,0.002154820536910959
753.0,0.0021498011870547842
754.0,0.0021410259203239164
755.0,0.0021326842539800524
756.0,0.002128030286167013
757.0,0.002124758002237023
758.0,0.002125170367297551
759.0,0.0021418647759895975
760.0,0.0021576932710095824
761.0,0.0021509175883603977
762.0,0.0021311258916573315
763.0,0.002110853344485829
764.0,0.0020978659773070126
765.0,0.0020900942609272345
766.0,0.002087030495263207
767.0,0.0020832393269228948
768.0,0.002081282302895548
769.0,0.0020847665040846534
770.0,0.0020903669276285475
771.0,0.002096614953996205
772.0,0.0020990016596231687
773.0,0.0021010151483266686
774.0,0.00210504031385177
775.0,0.002114317198701887
776.0,0.002123598299026557
777.0,0.0021294792873661652
778.0,0.002136984581513232
779.0,0.002145825338497328
780.0,0.0021553069989467843
781.0,0.002166805797402402
782.0,0.0021797887249931794
783.0,0.002192793328695615
784.0,0.00220685042133976
785.0,0.0022189478931659108
786.0,0.0022313298915174183
787.0,0.0022447551140602116
788.0,0.0022586186679090098
789.0,0.0022750437447547596
790.0,0.0022954579865786294
791.0,0.0023137905127340376
792.0,0.00233072580969021
793.0,0.0023490202035871066
794.0,0.0023677404367514645
795.0,0.002387091639182554
796.0,0.0024061187996639493
797.0,0.00242109252649302
798.0,0.0024327573161257183
799.0,0.002447805589539899
800.0,0.002463395289351078
801.0,0.0024720141056959353
802.0,0.002482170853225967
803.0,0.002493209856322361
804.0,0.0024994032887873064
805.0,0.002503409976542417
806.0,0.0025050327587360956
807.0,0.00250460326968523
808.0,0.002501366240852487
809.0,0.0024872689829596555
810.0,0.0024718544914139736
811.0,0.002456806338850861
812.0,0.0024369314093780244
813.0,0.00241497287614311
814.0,0.0023923814754980652
815.0,0.0023660094549632807
816.0,0.0023366523416363015
817.0,0.0023111714639377527
818.0,0.00228213752208967
819.0,0.0022479467707210926
820.0,0.002210987384710281
821.0,0.0021669811182151153
822.0,0.0021169466278381545
823.0,0.002058529250825063
824.0,0.001994489309349174
825.0,0.0019269462037481931
826.0,0.001858940552361851
827.0,0.0017911939906667975
828.0,0.0017270894823246102
829.0,0.001667033110533495
830.0,0.0016098249021268551
831.0,0.0015622010474822595
832.0,0.0015200750768348187
833.0,0.0014768361258789052
834.0,0.0014433434960741368
835.0,0.0014240617222529835
836.0,0.0014093964855816312
837.0,0.0013958817730813573
838.0,0.0013816266809364589
839.0,0.0013690350667966004
840.0,0.00135640347325724
841.0,0.0013458182289612084
842.0,0.0013359961287607324
843.0,0.001324931795956845
844.0,0.001316864830207646
845.0,0.0013088713540212865
846.0,0.0012991461070031326
847.0,0.0012925326508592587
848.0,0.0012876381916060305
849.0,0.0012817927530410268
850.0,0.0012734681602196293
851.0,0.0012629643537406614
852.0,0.0012561520495641713
853.0,0.0012478975092628547
854.0,0.0012360628539673393
855.0,0.0012301587866393867
856.0,0.0012280149656867462
857.0,0.0012207963634084044
858.0,0.0012122985358489116
859.0,0.001207945281000034
860.0,0.0012059712754942103
861.0,0.0012008888928672636
862.0,0.001194091437567179
863.0,0.0011866213243661398
864.0,0.0011799600465556676
865.0,0.001170757301168823
866.0,0.0011627117009681393
867.0,0.0011570029714472309
868.0,0.0011548365138086066
869.0,0.0011515606781157285
870.0,0.0011432072126493584
871.0,0.0011277271996273613
872.0,0.0011101765863553701
873.0,0.0011022666409885506
874.0,0.001100105218904818
875.0,0.001099940888132795
876.0,0.0010884113958914972
877.0,0.0010753441972867366
878.0,0.0010671206854461358
879.0,0.0010598676582007224
880.0,0.0010498667123721114
881.0,0.0010377117964245803
882.0,0.0010235163195498214
883.0,0.001010617313936443
884.0,0.0010087741572813232
885.0,0.0010053655675382538
886.0,0.000993506259901993
887.0,0.0009860989428909562
888.0,0.0009761631799804096
889.0,0.0009566263405459959
890.0,0.0009477084374344566
891.0,0.0009481043006868544
892.0,0.0009363801736848636
893.0,0.0009222490484261554
894.0,0.0009147449934086565
895.0,0.0009146171122415374
896.0,0.0009109331758659597
897.0,0.0008947953940739216
898.0,0.0008905252603658685
899.0,0.0008905337730717609
