/begin_header
/west_longitude=UNKNOWN
/south_latitude=NA
/north_latitude=UNKNOWN
/calibration_files=NA
/cruise=NA
/station=NA
/documents=NA
/data_type=NA
/affiliations=NOAA
/experiment=NA
/units=nm,dl
/start_date=2019-10-08
/end_date=NA
/missing=9999
/start_time=12:15:18
/data_file_name=NA
/cloud_percent=NA
/water_depth=NA
/data_status=NA
/east_longitude=NA
/wind_speed=NA
/secchi=NA
/measurement_depth=NA
/fields=wavelength,rrs
/delimiter=comma
/contact=NA
/end_time=NA
/wave_height=NA
/investigators=NA
/end_header@
325.0,0.00010000000000000002
326.0,0.00010000000000000002
327.0,0.00010000000000000002
328.0,0.00010000000000000002
329.0,0.00010000000000000002
330.0,0.00010000000000000002
331.0,0.00010000000000000002
332.0,0.00010000000000000002
333.0,0.00010000000000000002
334.0,0.00010000000000000002
335.0,0.00010000000000000002
336.0,0.00010000000000000002
337.0,0.00010000000000000002
338.0,0.00010000000000000002
339.0,0.00010000000000000002
340.0,0.00010000000000000002
341.0,0.00010000000000000002
342.0,0.00010000000000000002
343.0,0.00010000000000000002
344.0,0.00010000000000000002
345.0,0.00010000000000000002
346.0,0.00010000000000000002
347.0,0.00010000000000000002
348.0,0.00010000000000000002
349.0,0.00010000000000000002
350.0,0.00010000000000000002
351.0,0.00010000000000000002
352.0,0.00010000000000000002
353.0,0.00010000000000000002
354.0,0.00010000000000000002
355.0,0.00010000000000000002
356.0,0.00010000000000000002
357.0,0.00010000000000000002
358.0,0.00010000000000000002
359.0,0.00010000000000000002
360.0,0.00010000000000000002
361.0,0.00010000000000000002
362.0,0.00010000000000000002
363.0,0.00010000000000000002
364.0,0.00010000000000000002
365.0,0.00010000000000000002
366.0,0.00010000000000000002
367.0,0.00010000000000000002
368.0,0.00010000000000000002
369.0,0.00010000000000000002
370.0,0.00010000000000000002
371.0,0.00010000000000000002
372.0,0.00010000000000000002
373.0,0.00010000000000000002
374.0,0.00010000000000000002
375.0,0.00010000000000000002
376.0,0.00010000000000000002
377.0,0.00010000000000000002
378.0,0.00010000000000000002
379.0,0.00010000000000000002
380.0,0.00010000000000000002
381.0,0.00010000000000000002
382.0,0.00010000000000000002
383.0,0.00010000000000000002
384.0,0.00010000000000000002
385.0,0.00010000000000000002
386.0,0.00010000000000000002
387.0,0.00010000000000000002
388.0,0.00010000000000000002
389.0,0.00010000000000000002
390.0,0.00010000000000000002
391.0,0.00010000000000000002
392.0,0.00010000000000000002
393.0,0.00010000000000000002
394.0,0.00010000000000000002
395.0,0.00010000000000000002
396.0,0.00010000000000000002
397.0,0.00010000000000000002
398.0,0.00010000000000000002
399.0,0.00010000000000000002
400.0,0.00010000000000000002
401.0,0.00010000000000000002
402.0,9.001826528077642e-05
403.0,6.469959032643526e-05
404.0,0.00012615775743640348
405.0,0.00020322902690792852
406.0,0.0003028966588815483
407.0,0.00037127445522278367
408.0,0.00043384181049333783
409.0,0.0004989807122448116
410.0,0.0005636443348997595
411.0,0.0006294858171665844
412.0,0.000709246062061642
413.0,0.000785430867947734
414.0,0.0008479451339090838
415.0,0.0009341946878006536
416.0,0.0010222743408373064
417.0,0.0011085498935699788
418.0,0.0011899684964674774
419.0,0.0012765323166318478
420.0,0.0013659439484376037
421.0,0.0014573474187281215
422.0,0.0015638953081089882
423.0,0.0016422075996087183
424.0,0.0017159670955065958
425.0,0.0018188138613569878
426.0,0.0019108598253469757
427.0,0.001993314595217635
428.0,0.0020860918093454943
429.0,0.0021770752660264527
430.0,0.0022587207771280473
431.0,0.002337621324466392
432.0,0.0024157207614529707
433.0,0.0024765595890358792
434.0,0.002548757411894067
435.0,0.002637204869408075
436.0,0.002712513750960164
437.0,0.002793292039936013
438.0,0.0028987018950942514
439.0,0.0030079037412485375
440.0,0.00311561265304678
441.0,0.0032451386435157514
442.0,0.0033758724208082396
443.0,0.003506361045860982
444.0,0.003650781700344899
445.0,0.003811556706885303
446.0,0.003988195127549547
447.0,0.0041678018726425
448.0,0.00434312408693949
449.0,0.004509016331144852
450.0,0.004678999816273918
451.0,0.004853122207111618
452.0,0.0050179295142239455
453.0,0.0051755512981477205
454.0,0.005347718423176172
455.0,0.005502554464680886
456.0,0.005636758364740092
457.0,0.005781800022388374
458.0,0.005923927572898548
459.0,0.006051111422801
460.0,0.006174073839869422
461.0,0.006294450516612794
462.0,0.006415844084982562
463.0,0.006544602748367212
464.0,0.006675888703040309
465.0,0.006805691852781871
466.0,0.006940549561827011
467.0,0.007076680325069242
468.0,0.00721160650833066
469.0,0.007349678318981964
470.0,0.007504171383939706
471.0,0.0076554023498118864
472.0,0.0077995570785162616
473.0,0.007949975727436387
474.0,0.008099349283919598
475.0,0.008240654723745086
476.0,0.008388402244518815
477.0,0.00853506146605732
478.0,0.008647769599284913
479.0,0.008766798771104782
480.0,0.008892876575407204
481.0,0.009004599620741904
482.0,0.009106913341063064
483.0,0.009212941865179139
484.0,0.009320743288388469
485.0,0.009428374893607342
486.0,0.009541952448579952
487.0,0.009647646447976202
488.0,0.009741374323764379
489.0,0.009844619277468297
490.0,0.009959499646624676
491.0,0.01007201398141407
492.0,0.010190066927826336
493.0,0.010318025000594594
494.0,0.010442614729481516
495.0,0.010586918451957378
496.0,0.010759864279706936
497.0,0.010940509328572521
498.0,0.011131235147692944
499.0,0.011327516309842887
500.0,0.011540494235908548
501.0,0.011771478454676219
502.0,0.012011632425952861
503.0,0.012258442463976121
504.0,0.012503216977545412
505.0,0.012774281780570204
506.0,0.013063484009725268
507.0,0.013343189474948511
508.0,0.013628476138179857
509.0,0.013924209790767302
510.0,0.014215935185271627
511.0,0.01451452200990283
512.0,0.014838807218139927
513.0,0.01517111707204453
514.0,0.015507971376836025
515.0,0.015853447444815975
516.0,0.01621383995437341
517.0,0.01657871301885634
518.0,0.016954603211291525
519.0,0.017326754699866397
520.0,0.017675471584039173
521.0,0.018030260626064103
522.0,0.018391226202190823
523.0,0.01873028324211472
524.0,0.019078311591634322
525.0,0.01945415263338326
526.0,0.019811017449870016
527.0,0.020163430672640377
528.0,0.02052347285567982
529.0,0.020867809630799893
530.0,0.02120083150293133
531.0,0.021549558998368395
532.0,0.021900516137651975
533.0,0.02223661346340948
534.0,0.02256931578910544
535.0,0.022900451651509807
536.0,0.023231380022854173
537.0,0.023554610774124303
538.0,0.02387397680839822
539.0,0.024199181839261032
540.0,0.02452479978244475
541.0,0.024845646290193986
542.0,0.025156024294826024
543.0,0.02545229290656049
544.0,0.025744301814590316
545.0,0.026029443165936354
546.0,0.02630881930822391
547.0,0.026580187733554406
548.0,0.026845840914367664
549.0,0.027107787754393153
550.0,0.027369554620452145
551.0,0.0276332836519865
552.0,0.027884569371852068
553.0,0.028133741906577886
554.0,0.028392664933055055
555.0,0.028633109595929723
556.0,0.028851413934493097
557.0,0.02906170385316235
558.0,0.029261420126848105
559.0,0.029435207117316564
560.0,0.029592305164806897
561.0,0.02973327741086424
562.0,0.029856152351434816
563.0,0.029960843796983837
564.0,0.030046232767122472
565.0,0.030107730443564174
566.0,0.030146722900359496
567.0,0.030163783469876644
568.0,0.03015721427024906
569.0,0.030124243209803954
570.0,0.03006458046748988
571.0,0.029977266684766968
572.0,0.029867054253111414
573.0,0.029754519534852475
574.0,0.02962269581473646
575.0,0.02945466416909297
576.0,0.02926202685228279
577.0,0.029047245530934535
578.0,0.02880864707055803
579.0,0.028541958344855168
580.0,0.02824877268660886
581.0,0.027946977402947975
582.0,0.027641816834287375
583.0,0.027332949474685148
584.0,0.027018043939212016
585.0,0.026706504751663706
586.0,0.026416109863319416
587.0,0.02613504808142412
588.0,0.02584928116154287
589.0,0.025552256922076095
590.0,0.02523923317464618
591.0,0.02490702451397852
592.0,0.024580463516455688
593.0,0.024252449158782555
594.0,0.023883228373670545
595.0,0.02347240583461994
596.0,0.02302628435014175
597.0,0.022518954983061716
598.0,0.02196732359237269
599.0,0.02143459570140018
600.0,0.02093597073431907
601.0,0.02047879493177445
602.0,0.02009280618045747
603.0,0.019780291659620593
604.0,0.019536814926220208
605.0,0.019326149079925328
606.0,0.019127848793982265
607.0,0.01894218517774318
608.0,0.01876055627847124
609.0,0.018577788504238458
610.0,0.018394217634060878
611.0,0.018218689600969885
612.0,0.018062024948870305
613.0,0.01790784669165715
614.0,0.017739226743452435
615.0,0.017577338210723978
616.0,0.01742694887621593
617.0,0.017299840033664343
618.0,0.017184470763494122
619.0,0.017078825638754704
620.0,0.01698950124422749
621.0,0.016913020605978733
622.0,0.01684772584481742
623.0,0.016783845612333613
624.0,0.016729798257533672
625.0,0.016706436670184822
626.0,0.01668748120410896
627.0,0.016663654529765877
628.0,0.01663842779461897
629.0,0.01660504732383431
630.0,0.016546754939264604
631.0,0.01650175191153631
632.0,0.016474028160489138
633.0,0.016437932208540083
634.0,0.01641800454598645
635.0,0.016417414637053672
636.0,0.016425215058176082
637.0,0.016431249132758084
638.0,0.016445370344306768
639.0,0.016458719466313963
640.0,0.016465122308272635
641.0,0.01646979346403679
642.0,0.016462622031812996
643.0,0.01643319871569495
644.0,0.01640786609044224
645.0,0.016380742567259673
646.0,0.016315264516621485
647.0,0.016239296011604835
648.0,0.01615602380027186
649.0,0.016018496169283653
650.0,0.01583849545304215
651.0,0.015652230862375417
652.0,0.015441043362388723
653.0,0.015201116103338652
654.0,0.014947621456672264
655.0,0.014628892894318787
656.0,0.014209354347156724
657.0,0.013780192049033843
658.0,0.013380487802341145
659.0,0.01296883959887799
660.0,0.012583205362347482
661.0,0.012232407533866303
662.0,0.011887393124000443
663.0,0.011566806066736705
664.0,0.01130546892185384
665.0,0.011070014764908053
666.0,0.01086256975854867
667.0,0.010711548861827165
668.0,0.010596229908645291
669.0,0.010510137705915534
670.0,0.010483391482994056
671.0,0.01050347511576778
672.0,0.010531098138716544
673.0,0.010590337890537205
674.0,0.010683657815786497
675.0,0.010791995172772748
676.0,0.010919199042471116
677.0,0.01105954504175492
678.0,0.011212110616784196
679.0,0.011389035966045838
680.0,0.011595309771703609
681.0,0.011814245195850484
682.0,0.012048469937797717
683.0,0.012322801892045819
684.0,0.012684826741561494
685.0,0.013227739320347612
686.0,0.013886464066494056
687.0,0.014546524604430105
688.0,0.014857327715607938
689.0,0.015018281199142947
690.0,0.015211235988426414
691.0,0.015419956601450513
692.0,0.015646682446231568
693.0,0.015933259623759244
694.0,0.016167818075173177
695.0,0.01631766931497466
696.0,0.016450714055291315
697.0,0.016562774229770323
698.0,0.016649350308270933
699.0,0.016705184059499497
700.0,0.01670494600314192
701.0,0.016609695456644546
702.0,0.016454342430818322
703.0,0.016264115889096476
704.0,0.01604217156767235
705.0,0.01579586139610936
706.0,0.015533096735099321
707.0,0.01522690655454586
708.0,0.014876152106226332
709.0,0.014529688299500137
710.0,0.014172372670995827
711.0,0.013784615281546736
712.0,0.013382045784588736
713.0,0.012988579307182812
714.0,0.01262551471524164
715.0,0.012332062016405127
716.0,0.012103084718676863
717.0,0.01184770849153754
718.0,0.01150919500576154
719.0,0.011066719890074534
720.0,0.010560142765866892
721.0,0.010090662485752525
722.0,0.009801628741446933
723.0,0.009543077486813873
724.0,0.009242328987150574
725.0,0.008933645022532485
726.0,0.008603275155853867
727.0,0.008212901646611443
728.0,0.007833285405897112
729.0,0.007476660697968142
730.0,0.007081368610807501
731.0,0.0066824313291211895
732.0,0.00631273404987009
733.0,0.005998888819731303
734.0,0.005748592807663817
735.0,0.005576291422236352
736.0,0.005424551304783041
737.0,0.005276107468231596
738.0,0.005149898865234784
739.0,0.005047166700127129
740.0,0.0049589421251370605
741.0,0.004885232200945062
742.0,0.004823964983924524
743.0,0.004766878374765586
744.0,0.004721604145427503
745.0,0.00469236900954649
746.0,0.004655583898305978
747.0,0.004616411615519646
748.0,0.004585981036873227
749.0,0.004561232435857318
750.0,0.004542758407100075
751.0,0.00452138747584422
752.0,0.004490939096197699
753.0,0.004460145256887112
754.0,0.004437009580630196
755.0,0.004434214361605341
756.0,0.00446483814621765
757.0,0.004611201071937824
758.0,0.004917793345479714
759.0,0.005423486311498154
760.0,0.006119553693449245
761.0,0.00657885023507318
762.0,0.006566102029684858
763.0,0.006216728202017059
764.0,0.005750688336512514
765.0,0.005271742091313087
766.0,0.004864634446052181
767.0,0.004607071070049508
768.0,0.004437968788170365
769.0,0.004335070346573
770.0,0.004266282157250514
771.0,0.004225820544712337
772.0,0.00422472742070529
773.0,0.004215749125440732
774.0,0.004196105746097138
775.0,0.004196660984517904
776.0,0.004210325082352755
777.0,0.004216717372569185
778.0,0.0042238442220426525
779.0,0.004236459855740669
780.0,0.00425289015365062
781.0,0.0042783681336988925
782.0,0.004304563893421917
783.0,0.004322381954286162
784.0,0.004348737478925854
785.0,0.004406953345227557
786.0,0.004444944258503639
787.0,0.004471108199444043
788.0,0.004530000253612775
789.0,0.00458566163222863
790.0,0.00460185503948431
791.0,0.00461462269441547
792.0,0.004635664385165733
793.0,0.004672570200704902
794.0,0.004702636653303123
795.0,0.004730166606492767
796.0,0.00476896738627164
797.0,0.004800852186148361
798.0,0.00481902229314363
799.0,0.004845375969681407
800.0,0.004881408716267796
801.0,0.00492782195029653
802.0,0.004944658301812341
803.0,0.004924720194974674
804.0,0.004916733916245584
805.0,0.004917746238774648
806.0,0.004911952691904846
807.0,0.004915771513723617
808.0,0.004930365756423043
809.0,0.004965429030316763
810.0,0.005012022068671256
811.0,0.005073244106146925
812.0,0.005125637782454634
813.0,0.005160812497939875
814.0,0.005178266921028488
815.0,0.005211433874695683
816.0,0.005223186501494529
817.0,0.005109623341023507
818.0,0.004991570637681465
819.0,0.004910906191979094
820.0,0.004810608781023427
821.0,0.004700316715522508
822.0,0.00459513717292994
823.0,0.0044570457780911425
824.0,0.004294314208878484
825.0,0.004156229551541226
826.0,0.0040130370744532315
827.0,0.0038632857133664446
828.0,0.0037438788296574
829.0,0.003630012475816053
830.0,0.003493133769304664
831.0,0.003342410294034162
832.0,0.0032074697433881957
833.0,0.0031013325102026827
834.0,0.00300438915951085
835.0,0.002915451630635827
836.0,0.002841281745596075
837.0,0.002786926697303793
838.0,0.0027399268854944696
839.0,0.0026727432075428744
840.0,0.002595147080668341
841.0,0.002559489018778568
842.0,0.002524069190282767
843.0,0.002478809963884782
844.0,0.002439389052741614
845.0,0.002394622150844641
846.0,0.0023333258355370456
847.0,0.002327124657682158
848.0,0.002334712598928883
849.0,0.002275192421068135
850.0,0.002244730453566557
851.0,0.0022602517197501458
852.0,0.0022241228820383033
853.0,0.002170385074455178
854.0,0.0021336213673592607
855.0,0.002097306613450931
856.0,0.002048578582987819
857.0,0.0020290546424616123
858.0,0.0019923009735312745
859.0,0.0019480856931774326
860.0,0.0019273104153858273
861.0,0.0019092512102625993
862.0,0.0018834604584995452
863.0,0.0018589826420453918
864.0,0.0018418710874208387
865.0,0.0018119061836191902
866.0,0.0017856711499314132
867.0,0.0017616497663597043
868.0,0.0017318308479586757
869.0,0.0017244016624288379
870.0,0.0017028662975651643
871.0,0.0016505158836961947
872.0,0.0016101047794689547
873.0,0.0015886106427358121
874.0,0.001557734626609761
875.0,0.0015241468903833585
876.0,0.0014960952053632427
877.0,0.0014698843365085611
878.0,0.00145728926051297
879.0,0.0014317481407953216
880.0,0.0013931218298918508
881.0,0.001347985823259952
882.0,0.0013673210921803154
883.0,0.0014186057822871538
884.0,0.0013610533820956794
885.0,0.0013010725303237152
886.0,0.0012867668846844981
887.0,0.0012809340187249813
888.0,0.001285054483923298
889.0,0.0013481788475402314
890.0,0.0013398869899257579
891.0,0.0013199824740161663
892.0,0.0013993161679498815
893.0,0.0014684998658224505
894.0,0.0015136135253198406
895.0,0.001602298243546273
896.0,0.0016242342101826287
897.0,0.0015686105462477417
898.0,0.0016202661709697984
899.0,0.0017068552222436854
