/begin_header
/west_longitude=UNKNOWN
/south_latitude=NA
/north_latitude=UNKNOWN
/calibration_files=NA
/cruise=NA
/station=NA
/documents=NA
/data_type=NA
/affiliations=NOAA
/experiment=NA
/units=nm,dl
/start_date=2019-08-12
/end_date=NA
/missing=9999
/start_time=11:44:07
/data_file_name=NA
/cloud_percent=NA
/water_depth=NA
/data_status=NA
/east_longitude=NA
/wind_speed=NA
/secchi=NA
/measurement_depth=NA
/fields=wavelength,rrs
/delimiter=comma
/contact=NA
/end_time=NA
/wave_height=NA
/investigators=NA
/end_header@
325.0,0.015577541067140165
326.0,0.01546274205132182
327.0,0.015410592528277752
328.0,0.0153416279946047
329.0,0.015234457457848002
330.0,0.015170655927005644
331.0,0.015112172092016091
332.0,0.014957934919710559
333.0,0.014774638716047478
334.0,0.014787941258859535
335.0,0.014752014540682507
336.0,0.014628081511087746
337.0,0.014470392801437193
338.0,0.014349041547446656
339.0,0.014340792157432442
340.0,0.014271179093385636
341.0,0.01415915923803634
342.0,0.01405053452355678
343.0,0.01396341187903757
344.0,0.013895137135642702
345.0,0.013847618296678554
346.0,0.01375817102561346
347.0,0.013622096980840586
348.0,0.01352374474416527
349.0,0.013445012981684473
350.0,0.013344218008142974
351.0,0.013286782434352296
352.0,0.013244201251289034
353.0,0.013134146376413122
354.0,0.013053951049460435
355.0,0.013010469609251746
356.0,0.012886901585210529
357.0,0.012764480615789844
358.0,0.012736266806330354
359.0,0.012660153340574909
360.0,0.012552641218924188
361.0,0.012482658137615319
362.0,0.012410145811809386
363.0,0.012340010573061217
364.0,0.012287617114612836
365.0,0.012232383535741652
366.0,0.01216977416510568
367.0,0.01210576480287852
368.0,0.012037321870422075
369.0,0.011960796352576413
370.0,0.011907037226051815
371.0,0.011876662547818662
372.0,0.011803427224041752
373.0,0.011718306232319588
374.0,0.01166143641942646
375.0,0.011594291304875515
376.0,0.011517382920474098
377.0,0.011470972819340241
378.0,0.011418415966155088
379.0,0.011354824224089996
380.0,0.011279255794884462
381.0,0.011210108763154331
382.0,0.011168838556957262
383.0,0.011123378556906607
384.0,0.01105867439024677
385.0,0.010997674283906203
386.0,0.010947942940920826
387.0,0.010899172637137198
388.0,0.010827990304447643
389.0,0.010771182632852335
390.0,0.010734885121015522
391.0,0.010694625661685168
392.0,0.010649097651990756
393.0,0.010590702383260694
394.0,0.010517006911135657
395.0,0.010439191309959742
396.0,0.010359389389573433
397.0,0.010275956586003717
398.0,0.010199181202270329
399.0,0.01014538299575156
400.0,0.010098838227192103
401.0,0.010045685368904407
402.0,0.009992675137570359
403.0,0.009940725181913333
404.0,0.00988133749765769
405.0,0.0098306359034348
406.0,0.009787536000341237
407.0,0.009731115427254255
408.0,0.009670339007779522
409.0,0.00961503811579503
410.0,0.009562723356691496
411.0,0.009512373353197675
412.0,0.009469550493770199
413.0,0.009434111490953422
414.0,0.00939741082524531
415.0,0.009364056832368134
416.0,0.009328899887619143
417.0,0.009296822552461956
418.0,0.009272988510925223
419.0,0.009257437546889484
420.0,0.009236204504352776
421.0,0.009212484544181214
422.0,0.009194555195180134
423.0,0.00917446476744498
424.0,0.009156703437189127
425.0,0.009154112327780645
426.0,0.009142838276518154
427.0,0.009119710335037596
428.0,0.009112886646371892
429.0,0.009102883598707926
430.0,0.009081626024998669
431.0,0.009059599559696938
432.0,0.009035654237226175
433.0,0.00901637212247419
434.0,0.00900233197898907
435.0,0.008992978200166276
436.0,0.008986021058066953
437.0,0.008984046524157047
438.0,0.00898637241017449
439.0,0.00899800614872025
440.0,0.00901401416108917
441.0,0.009029037087677612
442.0,0.009051601838820277
443.0,0.009083887879582683
444.0,0.009124296224697041
445.0,0.009166829869566689
446.0,0.009210924894337369
447.0,0.009266753181177676
448.0,0.009328639969108692
449.0,0.009383825658557372
450.0,0.009440339004150543
451.0,0.009498935356517439
452.0,0.009554242371307227
453.0,0.009610103647447557
454.0,0.009668199177246364
455.0,0.009719788277944336
456.0,0.009763352810129463
457.0,0.009802997735287491
458.0,0.009836667621439945
459.0,0.009866326452189707
460.0,0.009904752624979385
461.0,0.009946640447934132
462.0,0.009983002147630293
463.0,0.010015667168032972
464.0,0.010050261047264444
465.0,0.010099929404555019
466.0,0.010147084191083906
467.0,0.010185589464013451
468.0,0.010228621169768175
469.0,0.010274495278841637
470.0,0.010322097752530367
471.0,0.010368930081545269
472.0,0.010415284550237946
473.0,0.010463954855425978
474.0,0.01051329542524732
475.0,0.010556200080727954
476.0,0.01059961070711897
477.0,0.010647834762066813
478.0,0.01069947784392647
479.0,0.010748537233942337
480.0,0.010795118698563703
481.0,0.010847496739239924
482.0,0.01090011801236966
483.0,0.010955378442027241
484.0,0.011008863519923301
485.0,0.011059918193591688
486.0,0.011112204498293799
487.0,0.011162738936657677
488.0,0.01120892298313753
489.0,0.011255512730285596
490.0,0.01130751603878443
491.0,0.011372674479513085
492.0,0.011441241369204248
493.0,0.011511568370273013
494.0,0.011585646364631396
495.0,0.011668181532099834
496.0,0.0117643348231157
497.0,0.011871454966993362
498.0,0.011988603116509261
499.0,0.012112121776835733
500.0,0.012247345198853885
501.0,0.012389737100675343
502.0,0.012533923542677117
503.0,0.01268701471807838
504.0,0.012852984978653892
505.0,0.013021225252801947
506.0,0.013196060753512337
507.0,0.013386262130571744
508.0,0.013580381657806898
509.0,0.013773837357473662
510.0,0.013969915611875211
511.0,0.014175104967198501
512.0,0.014390438613310411
513.0,0.014604726140711472
514.0,0.014822483600529087
515.0,0.01505143272903749
516.0,0.015291306832083754
517.0,0.015534792865341887
518.0,0.015774166132751018
519.0,0.016004496517966992
520.0,0.01622669457237514
521.0,0.016444625309013007
522.0,0.01666251577300016
523.0,0.016881098287551383
524.0,0.017100465034741535
525.0,0.017320851461703562
526.0,0.01754401526700751
527.0,0.017766574507863953
528.0,0.017976241994439947
529.0,0.018177017709197572
530.0,0.018372318779551325
531.0,0.018570697560440184
532.0,0.018770030457207907
533.0,0.018968365203273215
534.0,0.019159315376859734
535.0,0.01934111976938489
536.0,0.019524514523590338
537.0,0.01970544922992479
538.0,0.019881861844087894
539.0,0.020051445264544977
540.0,0.020216832612508
541.0,0.020378891361541557
542.0,0.020536996184582906
543.0,0.02068926034957219
544.0,0.020842264825763217
545.0,0.02098818804038114
546.0,0.021122595506384435
547.0,0.02125527367132642
548.0,0.02138813819313073
549.0,0.02151649272105772
550.0,0.021643413674429728
551.0,0.021772003019646095
552.0,0.021901464861997427
553.0,0.02202978671566892
554.0,0.022155110884122704
555.0,0.022279576738215914
556.0,0.022400700602515276
557.0,0.022512326143915875
558.0,0.02261751786601259
559.0,0.022713405911060174
560.0,0.02279487339184274
561.0,0.022864105309517678
562.0,0.022922845501621242
563.0,0.022970734410753472
564.0,0.023009209135814754
565.0,0.023040478130471154
566.0,0.02305898458882582
567.0,0.02306334519940737
568.0,0.023054996434029567
569.0,0.023033820532885125
570.0,0.022998975240785098
571.0,0.02295652544370737
572.0,0.022909630933337814
573.0,0.022853817303924398
574.0,0.02278997543149237
575.0,0.022717765735925217
576.0,0.022634687604332494
577.0,0.02254001682051069
578.0,0.02243237077496219
579.0,0.02231173966061518
580.0,0.022178752870098635
581.0,0.02203626917067712
582.0,0.02188276064595893
583.0,0.021706991746447996
584.0,0.02152555245566956
585.0,0.021339849830854955
586.0,0.021130518578355358
587.0,0.0209111336367758
588.0,0.02068822158368119
589.0,0.0204491552836392
590.0,0.020203113709525492
591.0,0.019969251218229976
592.0,0.019735157413170872
593.0,0.019483131498250365
594.0,0.019205668502269332
595.0,0.018896616289098875
596.0,0.018557126351119092
597.0,0.0181857383428517
598.0,0.01778956762041934
599.0,0.01739502066640016
600.0,0.017021380564571847
601.0,0.016690241897197845
602.0,0.016415012171735983
603.0,0.01619525649221611
604.0,0.016022397058555148
605.0,0.015885725932403682
606.0,0.015772007352209138
607.0,0.01566785695184084
608.0,0.015564273318666829
609.0,0.015455211609549397
610.0,0.015343530600792039
611.0,0.015231810376250649
612.0,0.015117560488647448
613.0,0.015006326041583449
614.0,0.014902941564270387
615.0,0.014799693548243616
616.0,0.014697977831934814
617.0,0.014596937317538933
618.0,0.01449975979759471
619.0,0.01440876908335904
620.0,0.01432860817167508
621.0,0.014258047278278696
622.0,0.014198004135611808
623.0,0.014139120924821225
624.0,0.014081725825058714
625.0,0.014028054974733297
626.0,0.013977244318783675
627.0,0.01393086531175983
628.0,0.013892300457901519
629.0,0.013861039114991175
630.0,0.013843112693813641
631.0,0.01382420022719579
632.0,0.013803851578088689
633.0,0.013795842916903675
634.0,0.01379023828112599
635.0,0.013786248237281595
636.0,0.013780875190291971
637.0,0.013776210655076096
638.0,0.013778294316035366
639.0,0.013776722842653851
640.0,0.013765262873192432
641.0,0.013751465467142168
642.0,0.013734353813781058
643.0,0.013702684848905128
644.0,0.013664167862769163
645.0,0.013623094012773201
646.0,0.013573291395262616
647.0,0.013523009279995227
648.0,0.013476689334100673
649.0,0.013408068653761715
650.0,0.013322181053085063
651.0,0.013226498622020386
652.0,0.013109939267369902
653.0,0.012970357425583962
654.0,0.012819740591385607
655.0,0.012616789513011234
656.0,0.01234529220163043
657.0,0.012042834496849206
658.0,0.011747749800927215
659.0,0.0114678732629078
660.0,0.011197620158840767
661.0,0.01094332300475824
662.0,0.010702617324768208
663.0,0.010470213533779209
664.0,0.010245055114107757
665.0,0.01004607449170387
666.0,0.009875223236478346
667.0,0.00972184533421558
668.0,0.009592532535602803
669.0,0.00949478915541176
670.0,0.00941937620526491
671.0,0.009364807052563049
672.0,0.009333311554412062
673.0,0.009318286791060278
674.0,0.009314011978230534
675.0,0.00932713407812597
676.0,0.009356520162966375
677.0,0.009396598156515019
678.0,0.009454872035904156
679.0,0.009534090725254765
680.0,0.009638321713965888
681.0,0.009766169421571859
682.0,0.009919072947547236
683.0,0.010102857265054313
684.0,0.010321646957795
685.0,0.010599783333576796
686.0,0.01091430338824596
687.0,0.011224329084091144
688.0,0.011421418726757001
689.0,0.011563280114349905
690.0,0.011709211536861745
691.0,0.01184053524948773
692.0,0.011962985437692348
693.0,0.012078943289885779
694.0,0.012161549752546793
695.0,0.012199599290271961
696.0,0.012208720029084524
697.0,0.012180745009207027
698.0,0.012112536957604664
699.0,0.012015388724303666
700.0,0.011889211833499743
701.0,0.0117365467311371
702.0,0.01155473314652791
703.0,0.011346600607764637
704.0,0.011117670955624732
705.0,0.010870147734263333
706.0,0.010611782758619459
707.0,0.010337329687899134
708.0,0.010046299945505313
709.0,0.009739365176309658
710.0,0.009418128645504825
711.0,0.009083071763769653
712.0,0.008737293362263575
713.0,0.00839486208102841
714.0,0.008055354307953852
715.0,0.007734059821219543
716.0,0.007423653930716523
717.0,0.007114886236568653
718.0,0.006789679102386011
719.0,0.006473003140248313
720.0,0.0061802194244645016
721.0,0.005927182102478504
722.0,0.005702901779218643
723.0,0.005475639757600655
724.0,0.005233074226877054
725.0,0.004987890793273412
726.0,0.004751884408163239
727.0,0.004516851590158645
728.0,0.004280203518179386
729.0,0.004045534796503004
730.0,0.003815290694255844
731.0,0.0036108655997241453
732.0,0.003442960257000785
733.0,0.0032954440188633465
734.0,0.0031667682293742205
735.0,0.003060804738121277
736.0,0.002977795957734474
737.0,0.0029160357953059
738.0,0.0028665934253087983
739.0,0.0028329042247443197
740.0,0.0028119092098315185
741.0,0.0027857656980274322
742.0,0.002757444126079174
743.0,0.0027444646100838743
744.0,0.0027376643173306382
745.0,0.0027331210433291916
746.0,0.00271897317173344
747.0,0.0027014551917576434
748.0,0.002687644440253362
749.0,0.00267855588076903
750.0,0.0026716417980359123
751.0,0.0026564603136186695
752.0,0.0026401899938978428
753.0,0.0026297040742268548
754.0,0.0026226332921547796
755.0,0.002614293942736379
756.0,0.0026040991648202155
757.0,0.0026026386659357354
758.0,0.002611831850454039
759.0,0.0026045518429542247
760.0,0.002586869811961328
761.0,0.0025767675978446295
762.0,0.002547542106978872
763.0,0.002507310186930724
764.0,0.002487500417458198
765.0,0.0024884593861849392
766.0,0.0025029044906101426
767.0,0.0025145657717471947
768.0,0.002521188819370638
769.0,0.0025233445961608363
770.0,0.0025268505868979935
771.0,0.002535034217749294
772.0,0.002543751771207765
773.0,0.0025494946446170787
774.0,0.002549592672548344
775.0,0.0025516096328422194
776.0,0.002557006740050018
777.0,0.002568794561950783
778.0,0.0025811971317953345
779.0,0.0025927904631710143
780.0,0.0025997500292515487
781.0,0.002613304418484607
782.0,0.0026318199679858803
783.0,0.0026431553944379254
784.0,0.0026506261301130537
785.0,0.0026656950829644825
786.0,0.0026817515534223874
787.0,0.002695321305517772
788.0,0.002705326622430001
789.0,0.0027234528380239422
790.0,0.0027507093604599215
791.0,0.00276934984909124
792.0,0.0027835471526390806
793.0,0.0028054115012388866
794.0,0.002830348323442708
795.0,0.002854141883414856
796.0,0.0028700713774081517
797.0,0.0028847296835346936
798.0,0.002907667649162095
799.0,0.002926090864181506
800.0,0.002942438379302266
801.0,0.002963941072706195
802.0,0.002976931080556202
803.0,0.0029774428543844185
804.0,0.0029843035121573267
805.0,0.002994556692001853
806.0,0.0029999030305141116
807.0,0.002996391944915264
808.0,0.002985451490847898
809.0,0.0029767183611104147
810.0,0.002959478880841461
811.0,0.0029305620467519463
812.0,0.0029034224178554205
813.0,0.002875326427526276
814.0,0.002841428489299529
815.0,0.0028028307224767517
816.0,0.002760972136218626
817.0,0.002725071783014112
818.0,0.0026933214371126293
819.0,0.0026617069012657506
820.0,0.0026034077335593256
821.0,0.0025417810720663823
822.0,0.0024903620028313
823.0,0.002417724523642073
824.0,0.0023336590760278464
825.0,0.002260569716084384
826.0,0.0021749516537727252
827.0,0.0020748309444168084
828.0,0.0019934252901894723
829.0,0.0019159285777600235
830.0,0.0018341924637692315
831.0,0.0017718925689288686
832.0,0.00172783556089817
833.0,0.0016767533393854503
834.0,0.0016354792990036845
835.0,0.001606595133646025
836.0,0.0015829379957859116
837.0,0.001567261165395277
838.0,0.0015487816688953882
839.0,0.0015247042331119503
840.0,0.0015067444162638103
841.0,0.0015038757387096104
842.0,0.0014924441795290243
843.0,0.0014710969196899998
844.0,0.001475106983643873
845.0,0.001475820889182733
846.0,0.001452051456408536
847.0,0.0014249054105991434
848.0,0.0014098298569321793
849.0,0.0014080208487058758
850.0,0.0014012374713301711
851.0,0.0013873516712260756
852.0,0.0013736347438308724
853.0,0.0013592079005605201
854.0,0.0013475778333404329
855.0,0.0013280538034250084
856.0,0.0013043251652951424
857.0,0.0013014395255760316
858.0,0.0012973735241707778
859.0,0.001285703784076159
860.0,0.001278136008945795
861.0,0.0012758033045434305
862.0,0.0012702260430311183
863.0,0.001270135317292516
864.0,0.0012643033794747863
865.0,0.0012453871578811647
866.0,0.001236131497652807
867.0,0.0012342708666802232
868.0,0.0012040708324750475
869.0,0.0011826164634249148
870.0,0.0011765289984711515
871.0,0.001166662322453398
872.0,0.0011516601801181041
873.0,0.0011490057360892842
874.0,0.0011416546120963772
875.0,0.0011203898461885175
876.0,0.0010958915310634192
877.0,0.001079113289258556
878.0,0.001076729206825118
879.0,0.0010848728207682756
880.0,0.001083524376986901
881.0,0.0010500818469839346
882.0,0.0010139105793844456
883.0,0.0009912443743712233
884.0,0.0009934958253375857
885.0,0.0009937212007380075
886.0,0.0009750624035617441
887.0,0.000973453765373743
888.0,0.0009612899540903941
889.0,0.0009344689926569562
890.0,0.0009152587423044313
891.0,0.0009070780405393607
892.0,0.0009041143080126101
893.0,0.000895812021683023
894.0,0.0008760607110632406
895.0,0.0008505666969252539
896.0,0.0008328221784062638
897.0,0.0008224882089322694
898.0,0.0008039867381396393
899.0,0.0007857854605937166
