/begin_header
/west_longitude=UNKNOWN
/south_latitude=NA
/north_latitude=UNKNOWN
/calibration_files=NA
/cruise=NA
/station=NA
/documents=NA
/data_type=NA
/affiliations=NOAA
/experiment=NA
/units=nm,dl
/start_date=2019-08-07
/end_date=NA
/missing=9999
/start_time=13:49:35
/data_file_name=NA
/cloud_percent=NA
/water_depth=NA
/data_status=NA
/east_longitude=NA
/wind_speed=NA
/secchi=NA
/measurement_depth=NA
/fields=wavelength,rrs
/delimiter=comma
/contact=NA
/end_time=NA
/wave_height=NA
/investigators=NA
/end_header@
325.0,0.0035794346410933826
326.0,0.003588263945440792
327.0,0.003559990002686148
328.0,0.0035345574901903174
329.0,0.0035282433146029135
330.0,0.0035739458750916873
331.0,0.003702655227301346
332.0,0.0037261578838783034
333.0,0.003720957621693439
334.0,0.0038578897664165806
335.0,0.003889220169968331
336.0,0.003841528198751283
337.0,0.003884552737546597
338.0,0.003989090558122277
339.0,0.004096539029248206
340.0,0.004076601325365337
341.0,0.004076586393172327
342.0,0.004236840790321982
343.0,0.004327838316006409
344.0,0.004355805166594995
345.0,0.004425134081560646
346.0,0.0045022823114042815
347.0,0.0045959116015873115
348.0,0.004680989654274727
349.0,0.004741320401550475
350.0,0.0047909537719500045
351.0,0.004879153605877806
352.0,0.0049887880745730665
353.0,0.0050448335194375315
354.0,0.0050959679435843425
355.0,0.0051470591024371844
356.0,0.0052101115890717305
357.0,0.00527662672219128
358.0,0.00533840638866332
359.0,0.00540671034692865
360.0,0.005489586514430626
361.0,0.005547680679854861
362.0,0.005577770420223776
363.0,0.005604621428582255
364.0,0.005659541142124426
365.0,0.0057065649277742376
366.0,0.005718384373818478
367.0,0.005758333228225181
368.0,0.0057987999699626236
369.0,0.00583477582274365
370.0,0.0058763398438563316
371.0,0.0059176733522874414
372.0,0.005965566436801901
373.0,0.00600536272469328
374.0,0.006037277172112951
375.0,0.0060868627070891565
376.0,0.006133866453210153
377.0,0.00613757691554396
378.0,0.006162972992936775
379.0,0.0062200859734214175
380.0,0.006257833013639474
381.0,0.006297243786490903
382.0,0.006345942115557066
383.0,0.006392417519050557
384.0,0.006439016555617455
385.0,0.006492838578516742
386.0,0.006549031994675556
387.0,0.006599090592596825
388.0,0.006644774999897077
389.0,0.006684225003683909
390.0,0.006711324831360771
391.0,0.0067379269223733634
392.0,0.006772266966777173
393.0,0.00680635553806037
394.0,0.006842746277191301
395.0,0.006874815987954452
396.0,0.006897757633360306
397.0,0.006912960927604414
398.0,0.006922556438727344
399.0,0.006940054161143912
400.0,0.006947041168792649
401.0,0.006944962894083022
402.0,0.00694165890617472
403.0,0.006941608191340454
404.0,0.006955340017836991
405.0,0.006960273604334127
406.0,0.006954377411654211
407.0,0.006947836488645734
408.0,0.00694372746557879
409.0,0.006938563745844305
410.0,0.006941652931846845
411.0,0.006951076485723076
412.0,0.006946342386021129
413.0,0.006939547884230011
414.0,0.006941386113305125
415.0,0.006950501483541931
416.0,0.00696427292468726
417.0,0.006979665893624315
418.0,0.006998628838393979
419.0,0.00702309234483371
420.0,0.007053882565555674
421.0,0.007082311070488598
422.0,0.007103772172220661
423.0,0.007129184372978566
424.0,0.007160540468469699
425.0,0.007196728189334249
426.0,0.007228053022892053
427.0,0.007251076996532093
428.0,0.007263319181668173
429.0,0.007277852401233258
430.0,0.007295306267310267
431.0,0.00730791030853481
432.0,0.00731603612124497
433.0,0.007328120480471647
434.0,0.007335898754980476
435.0,0.007344118463402915
436.0,0.007368300312044403
437.0,0.007399824651372176
438.0,0.0074357112824690805
439.0,0.007485805704172831
440.0,0.007553229010681978
441.0,0.007631691258533446
442.0,0.0077214376719454345
443.0,0.007820342517900999
444.0,0.007931134596809991
445.0,0.008056143887141742
446.0,0.008201810048724693
447.0,0.008359293565479549
448.0,0.00852241373597945
449.0,0.008683832225146364
450.0,0.008843724717361806
451.0,0.009002918149648733
452.0,0.009163530431285918
453.0,0.009321926551222385
454.0,0.00947648094262702
455.0,0.009625567121661455
456.0,0.009761941497702348
457.0,0.009876532106965982
458.0,0.00998453677922548
459.0,0.010092203212836635
460.0,0.010195086414567876
461.0,0.010293568609989836
462.0,0.01038787498878492
463.0,0.010479543233858314
464.0,0.01057106100506085
465.0,0.010665937878930536
466.0,0.010760718865536275
467.0,0.010854392589542766
468.0,0.010950844588536466
469.0,0.011049170010306347
470.0,0.011146007299019132
471.0,0.011232928280060037
472.0,0.011309414461487182
473.0,0.011394109692421875
474.0,0.011479450382436756
475.0,0.011557485838671857
476.0,0.011634037391713736
477.0,0.011705660688237255
478.0,0.0117693605631377
479.0,0.011836974529732747
480.0,0.011908603547862348
481.0,0.01197472788558204
482.0,0.012044669193447977
483.0,0.012121226060831674
484.0,0.012195058551127444
485.0,0.012270120903193214
486.0,0.012363253616513714
487.0,0.012456226698877013
488.0,0.012541195559989301
489.0,0.012634122553263604
490.0,0.012733912540675473
491.0,0.012838030428011144
492.0,0.012952878572683074
493.0,0.013077784691941879
494.0,0.013208947203370389
495.0,0.013351327491753476
496.0,0.013502879501527837
497.0,0.013661912107064597
498.0,0.013837548089891766
499.0,0.014033765388487548
500.0,0.014236138420205793
501.0,0.014442256095839046
502.0,0.014654494392903852
503.0,0.01486741934401207
504.0,0.01507583249108491
505.0,0.015293532161810957
506.0,0.015517351506205423
507.0,0.01572996205794796
508.0,0.015940641707336257
509.0,0.016153779399306116
510.0,0.016369147206882744
511.0,0.016585917955144684
512.0,0.01680314926975353
513.0,0.01703329719365615
514.0,0.01728177211228342
515.0,0.017550300404566586
516.0,0.017837589088090557
517.0,0.018143641529313866
518.0,0.018459183784999278
519.0,0.01877482400240365
520.0,0.019087720307705135
521.0,0.019405976006555723
522.0,0.01973886394800632
523.0,0.02009228571349543
524.0,0.02046427861318223
525.0,0.02085619393062318
526.0,0.02127122937592406
527.0,0.021703931167634527
528.0,0.02214014028765484
529.0,0.0225726315849352
530.0,0.023006022926251795
531.0,0.02345401280901921
532.0,0.02391405135840167
533.0,0.02438163104691596
534.0,0.02485181802388401
535.0,0.025313783426498405
536.0,0.025764016999433776
537.0,0.02620620656222398
538.0,0.02664213004675004
539.0,0.027072061572415033
540.0,0.02749012882214886
541.0,0.02788955846095013
542.0,0.02825987362575902
543.0,0.028594329927634533
544.0,0.02889868073566084
545.0,0.02917510632387422
546.0,0.029423267420424736
547.0,0.02964012011756542
548.0,0.029827463965133794
549.0,0.029989122008521208
550.0,0.030130800880144193
551.0,0.030257906112312122
552.0,0.030366133123048727
553.0,0.030456308422173145
554.0,0.03053394230406591
555.0,0.030590521624010436
556.0,0.03062488009982191
557.0,0.03063793125903606
558.0,0.030626303603744687
559.0,0.030589143211889862
560.0,0.030527433332024463
561.0,0.030443695644818004
562.0,0.03034009049292773
563.0,0.03021874337060927
564.0,0.03007702846917955
565.0,0.02991259470936149
566.0,0.029725496161310833
567.0,0.029513893023622388
568.0,0.029282493192826192
569.0,0.02903009523959148
570.0,0.028755333492470864
571.0,0.02846813315156606
572.0,0.02817246726409291
573.0,0.027868427420382046
574.0,0.027555205643875515
575.0,0.027233320415908972
576.0,0.02689983291821891
577.0,0.026555831254822044
578.0,0.026203684307488116
579.0,0.0258336028122227
580.0,0.025447849311857458
581.0,0.02505104117620709
582.0,0.024642410946710044
583.0,0.024225618348044473
584.0,0.02380157678957629
585.0,0.023372467415429206
586.0,0.022942877724623622
587.0,0.022513263885073215
588.0,0.0220785767046539
589.0,0.0216267268943284
590.0,0.021163597289747565
591.0,0.02070143529863544
592.0,0.020237429883842528
593.0,0.019754640566438532
594.0,0.019247348188758822
595.0,0.018708088252362122
596.0,0.018130912503467763
597.0,0.017529623201574022
598.0,0.016919180946807843
599.0,0.016330194036893626
600.0,0.015794256430992366
601.0,0.015338824538060764
602.0,0.014967138761683051
603.0,0.014673989455054732
604.0,0.014446771731792051
605.0,0.014262514527173833
606.0,0.014103981365453955
607.0,0.0139592889950784
608.0,0.013824198926479353
609.0,0.013694307606380018
610.0,0.013563683067464583
611.0,0.013434647978295272
612.0,0.01331209579532044
613.0,0.013187241080457495
614.0,0.013060002070959198
615.0,0.012942153307439072
616.0,0.01283056988832148
617.0,0.012719883088335817
618.0,0.012619090112219076
619.0,0.012528025438015003
620.0,0.012440971593150671
621.0,0.01235901485126379
622.0,0.012286462276875253
623.0,0.012223470423417298
624.0,0.012167390238677949
625.0,0.012109990487457516
626.0,0.012057770026058727
627.0,0.012013829067291508
628.0,0.011979569422537093
629.0,0.01195068087233029
630.0,0.011927370137314482
631.0,0.011908700091160549
632.0,0.011899062901563852
633.0,0.011899636781102969
634.0,0.011906519145976636
635.0,0.01191732371885379
636.0,0.011930338471685542
637.0,0.011947880087908966
638.0,0.011969208191306438
639.0,0.011995898233426242
640.0,0.012020844367944749
641.0,0.012032476382815802
642.0,0.012033842564617602
643.0,0.01202810373029347
644.0,0.012020127324635753
645.0,0.01200681428346533
646.0,0.011974188180025987
647.0,0.011935327617773018
648.0,0.011894626394773063
649.0,0.011833415579580222
650.0,0.01174756359722809
651.0,0.011635990353789675
652.0,0.01150181585301074
653.0,0.011347552697504593
654.0,0.011181816302938633
655.0,0.010977664844644514
656.0,0.010722006984714195
657.0,0.01042197056292141
658.0,0.010122182774944331
659.0,0.009854212477916522
660.0,0.009596892639809347
661.0,0.009350495010362569
662.0,0.009112290272816811
663.0,0.00888377301873054
664.0,0.008662896944490966
665.0,0.008453189328136268
666.0,0.008256272489501207
667.0,0.008071343469146374
668.0,0.007909437277274323
669.0,0.007770623322771883
670.0,0.007658054560755291
671.0,0.00756526735396308
672.0,0.007475825734417829
673.0,0.007400782149651584
674.0,0.00734688484387531
675.0,0.007307254424404291
676.0,0.007279968208687345
677.0,0.0072676968438505855
678.0,0.007274620552924428
679.0,0.007303079856472825
680.0,0.007362581815421246
681.0,0.007449276462646409
682.0,0.007563968544718164
683.0,0.007699968604252427
684.0,0.007868748999400797
685.0,0.008101038407656164
686.0,0.008363476831456594
687.0,0.008629466185900454
688.0,0.008854381587447665
689.0,0.009056474243891253
690.0,0.009263268908705163
691.0,0.009469137247665783
692.0,0.009672377957795578
693.0,0.0098784036302134
694.0,0.010067551540748686
695.0,0.010222541894921158
696.0,0.010342013825007037
697.0,0.010440498408715245
698.0,0.010522914666526093
699.0,0.010571695834902254
700.0,0.010581788124594852
701.0,0.010557705518897759
702.0,0.010507088645840594
703.0,0.010434785112518564
704.0,0.01032439630753519
705.0,0.010185376968195627
706.0,0.010028414687269973
707.0,0.009845240575322933
708.0,0.009633639983256056
709.0,0.009399339382679362
710.0,0.009146474282930668
711.0,0.008876994218083228
712.0,0.008588661539721633
713.0,0.00829613107632649
714.0,0.008005776019471611
715.0,0.007721007886451875
716.0,0.0074362536809985625
717.0,0.007157786779132888
718.0,0.006869384417859859
719.0,0.0065756341797190265
720.0,0.0062964564281446
721.0,0.006044371791121952
722.0,0.005813417090478285
723.0,0.005578618932434068
724.0,0.005334581627558502
725.0,0.005094203380797524
726.0,0.004857672440680761
727.0,0.004617365472149835
728.0,0.004363273201941984
729.0,0.004102829919846775
730.0,0.003853157104506004
731.0,0.003620878896940125
732.0,0.0034208814414523865
733.0,0.003259726471586253
734.0,0.003125133221859875
735.0,0.0030109167484495365
736.0,0.0029171297557128266
737.0,0.0028448182559419307
738.0,0.002786771438705428
739.0,0.0027467686979302775
740.0,0.0027282577661235886
741.0,0.002709208176932117
742.0,0.0026887415516698475
743.0,0.0026763560245874583
744.0,0.002665817552525809
745.0,0.002654837216058417
746.0,0.0026435444292995302
747.0,0.0026379732188930955
748.0,0.0026406958455492775
749.0,0.0026373824903360744
750.0,0.0026292472210889223
751.0,0.0026167522760057885
752.0,0.0026088601464539897
753.0,0.00260559524462971
754.0,0.002597794926373951
755.0,0.0025884030569652515
756.0,0.002587838223748357
757.0,0.002594832313041283
758.0,0.002606820310239992
759.0,0.002606725242738886
760.0,0.002592221069221122
761.0,0.0025930611055946886
762.0,0.0025886677375225155
763.0,0.0025793429066736985
764.0,0.0025620341098993803
765.0,0.0025593110763094304
766.0,0.0025675137974836807
767.0,0.0025678827244727063
768.0,0.0025750593808418986
769.0,0.002596480090958851
770.0,0.002601062917843392
771.0,0.0025977573670742946
772.0,0.002615769840577666
773.0,0.002632200952296255
774.0,0.002638277016076056
775.0,0.0026485102073877755
776.0,0.0026644707556982778
777.0,0.0026824295687948277
778.0,0.00270037749252192
779.0,0.002715639512104044
780.0,0.00273305566956041
781.0,0.0027503442356051513
782.0,0.0027620249665674347
783.0,0.002780281892256432
784.0,0.0028073205041657325
785.0,0.002831761100942704
786.0,0.0028512712615585056
787.0,0.0028685897016247613
788.0,0.0028977541357831935
789.0,0.002928171713089278
790.0,0.00295400766626612
791.0,0.0029836181520150246
792.0,0.0030162947578975586
793.0,0.003033910693171503
794.0,0.003059486997027764
795.0,0.00309558546400703
796.0,0.0031169362633285
797.0,0.00313794693353013
798.0,0.0031719017525951203
799.0,0.0031964308453230625
800.0,0.003211512432443133
801.0,0.003227555862016627
802.0,0.0032382355421280754
803.0,0.003246002908717592
804.0,0.0032709008885145525
805.0,0.00328516576962381
806.0,0.003278359069792372
807.0,0.003262969157232182
808.0,0.0032483045465829625
809.0,0.0032452095364478954
810.0,0.003228260638052065
811.0,0.0031952871951934
812.0,0.0031718199334988236
813.0,0.0031457159062555614
814.0,0.0031149742031613852
815.0,0.0030722543405259607
816.0,0.0030284306518325835
817.0,0.0029780104036893915
818.0,0.002925445448495921
819.0,0.0028766541626
820.0,0.002825231560209227
821.0,0.0027523093025049288
822.0,0.0026608933780000307
823.0,0.0025786395305383617
824.0,0.0024922506354230485
825.0,0.0023929782074258383
826.0,0.0022933552369998425
827.0,0.002191205715757213
828.0,0.0020783146827076443
829.0,0.001974123342199079
830.0,0.00189283420403532
831.0,0.0018169494394480387
832.0,0.0017384341142487215
833.0,0.0016801223702290775
834.0,0.0016411672349277034
835.0,0.0016164093370765026
836.0,0.0015736544374453862
837.0,0.0015383165317810281
838.0,0.001520184341753289
839.0,0.001511544582349993
840.0,0.0015012689618127868
841.0,0.0014724447937905284
842.0,0.0014540857054855451
843.0,0.0014560824039248628
844.0,0.0014309675183609232
845.0,0.001402674594937359
846.0,0.0013918252499990514
847.0,0.0013772094619141978
848.0,0.001362047612103493
849.0,0.0013720731957697148
850.0,0.0013714591388922393
851.0,0.001351994390931225
852.0,0.0013309531319091582
853.0,0.0013097931221039327
854.0,0.001287844023319603
855.0,0.0012785742227061135
856.0,0.0012829090431274758
857.0,0.0012925767523654403
858.0,0.001277976887664841
859.0,0.0012474477387167597
860.0,0.001237671001438779
861.0,0.0012371990483086381
862.0,0.0012241943074543674
863.0,0.0012042669299884643
864.0,0.001184034268181293
865.0,0.001163331079897706
866.0,0.0011531099428885394
867.0,0.0011514828749480553
868.0,0.001145194943182195
869.0,0.0011338501493272026
870.0,0.0011249943275176016
871.0,0.0011078604048104866
872.0,0.0010924074415637627
873.0,0.0010830159960654045
874.0,0.0010657424784737816
875.0,0.0010433052505601692
876.0,0.0010335906645427082
877.0,0.0010321559352497506
878.0,0.001026678796309169
879.0,0.0010152070926291983
880.0,0.0010010968364207351
881.0,0.0009790343920216737
882.0,0.0009408850718806225
883.0,0.0009018205265429192
884.0,0.0008948737865410089
885.0,0.0009008570902917633
886.0,0.000895474169599264
887.0,0.0008998607515708648
888.0,0.0008876162112586326
889.0,0.0008286091205812907
890.0,0.0008074161830232327
891.0,0.0008273603780470427
892.0,0.0008197859352383154
893.0,0.0008104484715754842
894.0,0.0008060041888002329
895.0,0.0007595218519338774
896.0,0.000718799340064412
897.0,0.0007410866925847768
898.0,0.000740014654148903
899.0,0.0007170431534563362
