/begin_header
/west_longitude=UNKNOWN
/south_latitude=NA
/north_latitude=UNKNOWN
/calibration_files=NA
/cruise=NA
/station=NA
/documents=NA
/data_type=NA
/affiliations=NOAA
/experiment=NA
/units=nm,dl
/start_date=2019-08-15
/end_date=NA
/missing=9999
/start_time=14:28:16
/data_file_name=NA
/cloud_percent=NA
/water_depth=NA
/data_status=NA
/east_longitude=NA
/wind_speed=NA
/secchi=NA
/measurement_depth=NA
/fields=wavelength,rrs
/delimiter=comma
/contact=NA
/end_time=NA
/wave_height=NA
/investigators=NA
/end_header@
325.0,0.011105685992785932
326.0,0.011119312905038885
327.0,0.011145200610870386
328.0,0.011126689312064402
329.0,0.011028269555396179
330.0,0.010932514537230643
331.0,0.010879216444712677
332.0,0.010889866021143616
333.0,0.010931950491463682
334.0,0.010823081917939436
335.0,0.010710223816336703
336.0,0.01065037404582994
337.0,0.01062667146450932
338.0,0.01057168376620321
339.0,0.010482002745894902
340.0,0.01047234692978066
341.0,0.010489370297287956
342.0,0.01042864854442982
343.0,0.010357236391853791
344.0,0.01028317479350583
345.0,0.010226085604204913
346.0,0.01016998072367504
347.0,0.010108959660919159
348.0,0.010083304666651015
349.0,0.010037106925218028
350.0,0.009966931627025933
351.0,0.009930122451688585
352.0,0.009899239596161373
353.0,0.009825316131338057
354.0,0.009778481771072853
355.0,0.009764328983265591
356.0,0.009737271939729914
357.0,0.009702051409349084
358.0,0.009653965046012231
359.0,0.009600422209820101
360.0,0.009551883182817347
361.0,0.009520724421905857
362.0,0.009493623292354269
363.0,0.00947072893502753
364.0,0.00943689386794689
365.0,0.009398204003138759
366.0,0.009351887833355095
367.0,0.009305681581713795
368.0,0.009273790243603048
369.0,0.009268367046461421
370.0,0.009242402121763214
371.0,0.009193747986649398
372.0,0.009178826769883842
373.0,0.009158575388469932
374.0,0.00912661674503017
375.0,0.009086740803518664
376.0,0.009052923741954976
377.0,0.009044697723475575
378.0,0.009028786037944155
379.0,0.008998483201637283
380.0,0.008983093544159156
381.0,0.00895574879357063
382.0,0.008919387740207844
383.0,0.008889521473417077
384.0,0.008865673292306737
385.0,0.008843475078180453
386.0,0.008818534373581757
387.0,0.008786751050652526
388.0,0.008787914559631698
389.0,0.008786220184777507
390.0,0.008776722954833924
391.0,0.008759500004053806
392.0,0.008741508841273057
393.0,0.008718714103649041
394.0,0.008703900559472838
395.0,0.008695693815843833
396.0,0.008663523298184738
397.0,0.008626894810630361
398.0,0.008593393901204172
399.0,0.008564966068781498
400.0,0.008549662113222592
401.0,0.008531157745442577
402.0,0.00851462501434608
403.0,0.008503059011434869
404.0,0.008498834233087824
405.0,0.008483844520217141
406.0,0.008457440233844035
407.0,0.008441473008683486
408.0,0.008433047208506437
409.0,0.00841721042181995
410.0,0.00839713207208156
411.0,0.008379812631922176
412.0,0.008381012344461229
413.0,0.008375633094617039
414.0,0.008354280287924107
415.0,0.008349292682221152
416.0,0.008346709231687672
417.0,0.008337308403299323
418.0,0.008334181006008275
419.0,0.00833562984806279
420.0,0.008337258839894345
421.0,0.008336031825116313
422.0,0.00833131745021133
423.0,0.008335565732093151
424.0,0.008345006938098734
425.0,0.008345708977922169
426.0,0.008353169601710217
427.0,0.008367476074411703
428.0,0.008363987514844736
429.0,0.008359953785560433
430.0,0.008365861747531197
431.0,0.008372540892592848
432.0,0.008377210201080731
433.0,0.008375754994182619
434.0,0.008370090568169041
435.0,0.00836645757859999
436.0,0.008372854411597132
437.0,0.008384581638073386
438.0,0.008395951335674738
439.0,0.00840996843312029
440.0,0.008427982086356551
441.0,0.008453978726785728
442.0,0.008479823006115682
443.0,0.008504805101998579
444.0,0.008532334668381363
445.0,0.008563698995944306
446.0,0.008601218082265898
447.0,0.008639441081735163
448.0,0.008676573916785031
449.0,0.008716087828638914
450.0,0.008756561925729083
451.0,0.008797266684782949
452.0,0.00884165609813074
453.0,0.00888752177462027
454.0,0.008927179004301986
455.0,0.008969235299595965
456.0,0.009012553701249744
457.0,0.00904663008589548
458.0,0.009080215378720497
459.0,0.009114172749782401
460.0,0.009155068020230962
461.0,0.009197379452356599
462.0,0.009235272812858708
463.0,0.009272847005817444
464.0,0.009312825996583587
465.0,0.009362903889953332
466.0,0.00940964113686958
467.0,0.00945001109538339
468.0,0.009496787956101213
469.0,0.00954423965440688
470.0,0.009587702675577273
471.0,0.009629678600401315
472.0,0.009672494551137776
473.0,0.009712433087529213
474.0,0.009751068312246867
475.0,0.009792545641242425
476.0,0.009830894209012744
477.0,0.00986593915613507
478.0,0.009897672337982217
479.0,0.009931472127910472
480.0,0.009969703223778171
481.0,0.01000731319057047
482.0,0.010046501931616502
483.0,0.010086618240145662
484.0,0.010124558721213596
485.0,0.01016157644194481
486.0,0.01019852891811559
487.0,0.01022731888684614
488.0,0.01025334309575868
489.0,0.010287274802417323
490.0,0.010321465402405175
491.0,0.01035251504654688
492.0,0.010391516338071075
493.0,0.01043619225761443
494.0,0.010473113211752063
495.0,0.0105159944785744
496.0,0.010567574322707576
497.0,0.01061877114604408
498.0,0.01067221764137802
499.0,0.010729554732557843
500.0,0.010796022141304729
501.0,0.010868140983477772
502.0,0.010928928727635956
503.0,0.010982990883304691
504.0,0.01103787119215427
505.0,0.011096070713489323
506.0,0.011151666930251602
507.0,0.011195307092655713
508.0,0.011236676902833847
509.0,0.011276530302576604
510.0,0.011305926093664324
511.0,0.011334875363599716
512.0,0.011369381811915085
513.0,0.011420274750932366
514.0,0.011486407018931189
515.0,0.01156152265608978
516.0,0.01164977707702753
517.0,0.011749240048132787
518.0,0.011845977041827115
519.0,0.011938800224289132
520.0,0.012028503197803556
521.0,0.012118710228880034
522.0,0.012211740872160459
523.0,0.012299989998130105
524.0,0.012393812900069336
525.0,0.012498083323185579
526.0,0.012594626621743658
527.0,0.01268405674182008
528.0,0.012773299604401975
529.0,0.012858194317206398
530.0,0.012937988922314469
531.0,0.01301878912764349
532.0,0.013101518750509897
533.0,0.013183558310313967
534.0,0.013256418084990663
535.0,0.013322076668752661
536.0,0.01339084741648923
537.0,0.013459936660347744
538.0,0.013526895166901665
539.0,0.013585059908465308
540.0,0.013637352086999307
541.0,0.013685081877265831
542.0,0.013723284201217328
543.0,0.013750988842064032
544.0,0.013774347775351945
545.0,0.01378825924175502
546.0,0.013790654933371529
547.0,0.01378809943975105
548.0,0.013779692988899047
549.0,0.013768219919836695
550.0,0.013759824969989828
551.0,0.013759325062083244
552.0,0.013769145868378605
553.0,0.01378437857060702
554.0,0.013801678863220434
555.0,0.013821477300920728
556.0,0.013843992733809415
557.0,0.013865455096416105
558.0,0.013880995863593034
559.0,0.0138878630704314
560.0,0.013888414844317635
561.0,0.01388120422711886
562.0,0.013864189298606952
563.0,0.01384194738346351
564.0,0.01381327809762864
565.0,0.013771563751782531
566.0,0.013720046456656693
567.0,0.013663160136067878
568.0,0.013597025763063948
569.0,0.01351951097227148
570.0,0.013425995531475906
571.0,0.013319039104275671
572.0,0.013197268607033335
573.0,0.013069123173927203
574.0,0.012929204996758934
575.0,0.012771355120638947
576.0,0.012597448045268212
577.0,0.012407045156266948
578.0,0.012191158163523657
579.0,0.011954407577078812
580.0,0.011700978117913562
581.0,0.011434025530303451
582.0,0.01115837895390428
583.0,0.010878394566683887
584.0,0.010593196636599574
585.0,0.010303607481295902
586.0,0.010016918467779187
587.0,0.009733830657802721
588.0,0.009447631050429391
589.0,0.009153703430345607
590.0,0.008861276813684954
591.0,0.008580346087710765
592.0,0.008300326559174804
593.0,0.00800917680937464
594.0,0.007707761766568165
595.0,0.007394333588038512
596.0,0.007062093313177262
597.0,0.006730415761514603
598.0,0.006408967813042343
599.0,0.006106400979580456
600.0,0.005843991474892349
601.0,0.005629533670486018
602.0,0.0054596701567230736
603.0,0.005331598172735569
604.0,0.0052378674868526045
605.0,0.005170041393413077
606.0,0.005122057664022151
607.0,0.005085485934883773
608.0,0.005053577476136442
609.0,0.005016890524518454
610.0,0.004979719315093891
611.0,0.004944289333249781
612.0,0.004907945316610343
613.0,0.004871630895922099
614.0,0.004838625261824943
615.0,0.0047992506809410185
616.0,0.0047546838742001905
617.0,0.004721595887838082
618.0,0.004689418570723738
619.0,0.004654668100823876
620.0,0.004619550700114546
621.0,0.0045844926115309395
622.0,0.0045482434582088515
623.0,0.004515684106875175
624.0,0.004482766486662944
625.0,0.004448156085384946
626.0,0.004416439053623645
627.0,0.004381165155594008
628.0,0.004350128313901094
629.0,0.004320997812168445
630.0,0.004292078336361632
631.0,0.004268276517348134
632.0,0.004247146125539733
633.0,0.004222770692427083
634.0,0.004198495495217357
635.0,0.004172751308851553
636.0,0.004148670361725071
637.0,0.004123893225088193
638.0,0.00409183893290428
639.0,0.004062741929832901
640.0,0.004038741251377027
641.0,0.004013977118840843
642.0,0.003982405711878842
643.0,0.003951965694083438
644.0,0.003921011259176982
645.0,0.0038856209068337975
646.0,0.0038466970805441487
647.0,0.0038097959706646528
648.0,0.0037752277258913843
649.0,0.003737577151106583
650.0,0.003689228122035736
651.0,0.003631223907489526
652.0,0.0035748454711454756
653.0,0.003519601536587805
654.0,0.0034608047554651835
655.0,0.0033885641826399853
656.0,0.0033045424382035387
657.0,0.003224036448183011
658.0,0.0031558911666783054
659.0,0.0030906055350918143
660.0,0.0030364236843020524
661.0,0.0029970478714214615
662.0,0.0029596463396199513
663.0,0.002923191756562144
664.0,0.0028930754821210438
665.0,0.002871229372215917
666.0,0.002855609200912573
667.0,0.0028311921672267318
668.0,0.002812104915804848
669.0,0.0028013897733453748
670.0,0.0027829554101445942
671.0,0.0027660872241289255
672.0,0.0027546828240427525
673.0,0.0027426962436604444
674.0,0.0027286517386166235
675.0,0.0027221538450508996
676.0,0.002714097515139228
677.0,0.0026969684297368625
678.0,0.0026871011319150742
679.0,0.00268319245538321
680.0,0.0026701327475868292
681.0,0.0026562171015940854
682.0,0.0026437892738588108
683.0,0.002628768967050436
684.0,0.002616313116611485
685.0,0.002606031827937368
686.0,0.00258674847800056
687.0,0.0025545450254804126
688.0,0.002514108861196949
689.0,0.002478214782370067
690.0,0.0024490753311316765
691.0,0.0024056769589017525
692.0,0.0023534662380613695
693.0,0.0023060741820492498
694.0,0.0022610970611219154
695.0,0.00221497605762037
696.0,0.0021696395927180328
697.0,0.0021226184377615477
698.0,0.0020643409581325516
699.0,0.0020083249604392244
700.0,0.0019588928469105875
701.0,0.001905731669635571
702.0,0.0018544424193770348
703.0,0.0018065773218221223
704.0,0.001758301071527984
705.0,0.0017070715316793504
706.0,0.0016517063144175826
707.0,0.0015985417609257386
708.0,0.001547234720071937
709.0,0.0014901614757632554
710.0,0.0014355484213930466
711.0,0.0013838968641198795
712.0,0.0013318514333559544
713.0,0.0012789001287108162
714.0,0.00121820048344161
715.0,0.0011571968685901597
716.0,0.0010960318233620777
717.0,0.0010393131072442886
718.0,0.0009863407638612423
719.0,0.0009356485151923265
720.0,0.0009022700174708527
721.0,0.0008782352284513363
722.0,0.0008417723810710938
723.0,0.0008026363453239085
724.0,0.0007637231940445846
725.0,0.0007150441266361772
726.0,0.0006738496030200422
727.0,0.0006516624985898145
728.0,0.0006235515885984238
729.0,0.0005871993505994887
730.0,0.0005620794410793881
731.0,0.0005359924919651554
732.0,0.0005123440230469175
733.0,0.0004937167707694947
734.0,0.0004803707606605539
735.0,0.0004658266249108951
736.0,0.0004488737666410336
737.0,0.000434245900970792
738.0,0.0004359499845524578
739.0,0.00043854826633158204
740.0,0.00043004336478421457
741.0,0.0004279894691530003
742.0,0.0004317880504932266
743.0,0.0004230730271752378
744.0,0.00041732225093981474
745.0,0.00041603790629640166
746.0,0.00040787765472174596
747.0,0.0003974557840714727
748.0,0.0003951521223118232
749.0,0.00039801622124743374
750.0,0.0003997987644595129
751.0,0.0003903241788145959
752.0,0.0003840683168998038
753.0,0.00038621253487818757
754.0,0.00038319059507618835
755.0,0.0003721770590926818
756.0,0.0003699129792194962
757.0,0.00036049277497967274
758.0,0.00033365517195955085
759.0,0.00030753458380896974
760.0,0.0002772774993502149
761.0,0.000253957671511366
762.0,0.00023623080097876496
763.0,0.00023570884120350396
764.0,0.00026055573746464153
765.0,0.00028399285205856953
766.0,0.0002988732206747565
767.0,0.0003073575570338366
768.0,0.0003136865698277364
769.0,0.0003250422739957729
770.0,0.0003344502190766078
771.0,0.00033731232240064306
772.0,0.000330946483381571
773.0,0.0003271096581889686
774.0,0.00033595096212126775
775.0,0.0003404900750440903
776.0,0.00033653226474732834
777.0,0.0003281122269189571
778.0,0.00032893967084570704
779.0,0.0003353597637518224
780.0,0.0003313544400386411
781.0,0.0003276320119915337
782.0,0.00032352519850791157
783.0,0.0003239082495938146
784.0,0.0003300576651898123
785.0,0.00032458974896925366
786.0,0.00031872621494484266
787.0,0.0003164899936249872
788.0,0.0003167769616348396
789.0,0.00032274202261817653
790.0,0.00032909288570478145
791.0,0.000331873247859432
792.0,0.0003332636879432892
793.0,0.000332180380360856
794.0,0.00033080881504225296
795.0,0.00033116829412679503
796.0,0.00032980685837809786
797.0,0.00032942537043563003
798.0,0.00033315354081786915
799.0,0.0003345582245659572
800.0,0.0003319598291774524
801.0,0.0003245340597972237
802.0,0.00032409335376307083
803.0,0.00033011235133945614
804.0,0.00032720852743098967
805.0,0.000325612648961401
806.0,0.0003266797449072408
807.0,0.0003236706508260477
808.0,0.00031414223006850266
809.0,0.00031098090039014724
810.0,0.0002999382005665888
811.0,0.0002805707668890082
812.0,0.0002690132413509905
813.0,0.00025433848951611374
814.0,0.00024128004412411595
815.0,0.00023721627788405247
816.0,0.0002397176173204368
817.0,0.00023753407538896834
818.0,0.0002294810990487151
819.0,0.00022042226403950097
820.0,0.00021506750241956528
821.0,0.0002045537382221535
822.0,0.00018848756571377293
823.0,0.000184251101289711
824.0,0.00018506785779845848
825.0,0.00016046414843896785
826.0,0.00014509575874261548
827.0,0.00013884716624532425
828.0,0.00012299848184671303
829.0,0.00010323154096993854
830.0,8.455824208220809e-05
831.0,7.58242715954159e-05
832.0,7.377660669789633e-05
833.0,6.702614856124887e-05
834.0,6.386185830431635e-05
835.0,6.232384583354457e-05
836.0,5.9454953611585093e-05
837.0,6.208205577980488e-05
838.0,5.338614461981911e-05
839.0,4.3581382975401786e-05
840.0,4.6645100821795274e-05
841.0,3.467574445109661e-05
842.0,3.411511032112056e-05
843.0,3.6861495408685136e-05
844.0,4.488903984906131e-05
845.0,6.227783622096663e-05
846.0,6.289608045193448e-05
847.0,5.406570667310332e-05
848.0,4.6039037379338954e-05
849.0,3.484813747702712e-05
850.0,3.053524887200509e-05
851.0,4.71190951901226e-05
852.0,4.5595101864406395e-05
853.0,4.813573271488455e-05
854.0,6.533879467091794e-05
855.0,5.1955273295225676e-05
856.0,7.027112605691757e-05
857.0,8.558239574986022e-05
858.0,7.548461629160908e-05
859.0,5.838137176178643e-05
860.0,8.118567761310887e-05
861.0,9.221800161060476e-05
862.0,7.834289202309146e-05
863.0,7.49475284214361e-05
864.0,7.512858545853436e-05
865.0,9.011603252168638e-05
866.0,8.150648974415559e-05
867.0,8.377750171120053e-05
868.0,9.019129295574474e-05
869.0,0.00010000000000000002
870.0,9.057691137786895e-05
871.0,0.00010000000000000002
872.0,0.00010000000000000002
873.0,9.022501513955074e-05
874.0,9.176247206059003e-05
875.0,9.048331170294824e-05
876.0,0.00010000000000000002
877.0,0.00010000000000000002
878.0,8.25314699425583e-05
879.0,0.00010000000000000002
880.0,0.00010000000000000002
881.0,0.00010000000000000002
882.0,0.00010000000000000002
883.0,9.094978277763527e-05
884.0,9.182968716985649e-05
885.0,0.00010000000000000002
886.0,0.00010000000000000002
887.0,0.00010000000000000002
888.0,0.00010000000000000002
889.0,0.00010000000000000002
890.0,0.00010000000000000002
891.0,0.00010000000000000002
892.0,0.00010000000000000002
893.0,0.00010000000000000002
894.0,0.00010000000000000002
895.0,0.00010000000000000002
896.0,0.00010000000000000002
897.0,0.00010000000000000002
898.0,0.00010000000000000002
899.0,0.00010000000000000002
