/begin_header
/west_longitude=UNKNOWN
/south_latitude=NA
/north_latitude=UNKNOWN
/calibration_files=NA
/cruise=NA
/station=NA
/documents=NA
/data_type=NA
/affiliations=NOAA
/experiment=NA
/units=nm,dl
/start_date=2019-08-15
/end_date=NA
/missing=9999
/start_time=11:33:09
/data_file_name=NA
/cloud_percent=NA
/water_depth=NA
/data_status=NA
/east_longitude=NA
/wind_speed=NA
/secchi=NA
/measurement_depth=NA
/fields=wavelength,rrs
/delimiter=comma
/contact=NA
/end_time=NA
/wave_height=NA
/investigators=NA
/end_header@
325.0,0.011008891039626453
326.0,0.011077534039498021
327.0,0.011053282171389466
328.0,0.010912209956470938
329.0,0.010870343442970158
330.0,0.010859412845324354
331.0,0.010795111538269009
332.0,0.010748731813534421
333.0,0.010738030085608637
334.0,0.010698592997476357
335.0,0.010608234744314262
336.0,0.010507183713063918
337.0,0.010499196728473985
338.0,0.010478574504245523
339.0,0.010406765551394298
340.0,0.010311205993798851
341.0,0.01022094846710658
342.0,0.010177918320000767
343.0,0.01011758285793326
344.0,0.010059675354440082
345.0,0.010014472917713242
346.0,0.009949903884267414
347.0,0.009903604099412761
348.0,0.009855660173622976
349.0,0.009803939685553688
350.0,0.009765446419553805
351.0,0.009722548829566352
352.0,0.009674743452257304
353.0,0.00960279707115896
354.0,0.009559694993906938
355.0,0.009537678908672518
356.0,0.009493278179566324
357.0,0.009448001061762367
358.0,0.009403750543197387
359.0,0.009379314770264466
360.0,0.009349951742414162
361.0,0.009296376466576337
362.0,0.009234655042941482
363.0,0.009178009349191565
364.0,0.009151714823175706
365.0,0.009132050012781372
366.0,0.00910178756231419
367.0,0.00906794256765925
368.0,0.009031216894904518
369.0,0.009008927457935998
370.0,0.00898062444796063
371.0,0.008949305091535886
372.0,0.008928272046590396
373.0,0.008896513276811197
374.0,0.008859812722325994
375.0,0.008833677510481534
376.0,0.008801499281831568
377.0,0.008769742489104957
378.0,0.00873963966207179
379.0,0.008710855037800811
380.0,0.008695623519273898
381.0,0.008674253308990392
382.0,0.008664102986814106
383.0,0.008650496938541035
384.0,0.008639362683174086
385.0,0.008619667644107203
386.0,0.008586691750980022
387.0,0.008558643466695232
388.0,0.008543939677382073
389.0,0.00852776281993543
390.0,0.008518136451028724
391.0,0.008497125802325253
392.0,0.008478456861047678
393.0,0.008457838522057209
394.0,0.008449741193611682
395.0,0.008437966032505
396.0,0.008406171119800274
397.0,0.008367087401505798
398.0,0.00834053108399153
399.0,0.008326316802630582
400.0,0.008309668496685378
401.0,0.008286742245281134
402.0,0.008274493908150504
403.0,0.008269640478742311
404.0,0.00825901091685682
405.0,0.008247471239120879
406.0,0.008233678455928262
407.0,0.008217125398954557
408.0,0.008206652498662533
409.0,0.008194297581643735
410.0,0.008184975075754785
411.0,0.008176410788578656
412.0,0.008168989389596952
413.0,0.008162476026666582
414.0,0.008152157583117842
415.0,0.008147320069583141
416.0,0.008148697275840232
417.0,0.008150655008782329
418.0,0.008152056113137032
419.0,0.008152272951381264
420.0,0.008152018253816349
421.0,0.00815495285931436
422.0,0.008167964113530664
423.0,0.00817236417897704
424.0,0.008171156190588207
425.0,0.008177970185515446
426.0,0.008189450094563051
427.0,0.008203064592483345
428.0,0.008224942811796164
429.0,0.008241547682199368
430.0,0.00824797802569116
431.0,0.00825208303440004
432.0,0.008253661621925437
433.0,0.008255614703151027
434.0,0.008263698574916534
435.0,0.008279006451474202
436.0,0.008294385786684172
437.0,0.008312256904436228
438.0,0.008331901056787468
439.0,0.008354595431965156
440.0,0.008380129034802444
441.0,0.008407974784649112
442.0,0.008440292418408591
443.0,0.008475085914502757
444.0,0.008511555889284358
445.0,0.00855389009348732
446.0,0.008600558659982483
447.0,0.00864639535733317
448.0,0.008692553632444417
449.0,0.008744540972458848
450.0,0.008794762283475682
451.0,0.008842228487299073
452.0,0.008889704136401538
453.0,0.008937355663986346
454.0,0.008984636625052164
455.0,0.00903221896614514
456.0,0.009078630534699431
457.0,0.009124132198842082
458.0,0.009166606566506013
459.0,0.009206829640477972
460.0,0.009249157688744134
461.0,0.009292738201005565
462.0,0.009331979630763602
463.0,0.009373478713769593
464.0,0.009419217790553196
465.0,0.009467954170092337
466.0,0.009517715973241237
467.0,0.0095681561320765
468.0,0.009616479865129828
469.0,0.00966480897298209
470.0,0.009715827149941545
471.0,0.009765585686308744
472.0,0.00981337719968672
473.0,0.00986025034585164
474.0,0.009901686041543619
475.0,0.009943273462704636
476.0,0.009988773600139373
477.0,0.010031656129916442
478.0,0.01006806061968982
479.0,0.010106933298755602
480.0,0.01014837639329926
481.0,0.01019181342331894
482.0,0.010233640583114411
483.0,0.01027523028563961
484.0,0.01031990948099659
485.0,0.010365469406941344
486.0,0.010409991490748782
487.0,0.010454383308345038
488.0,0.010499327074005355
489.0,0.010535919843569688
490.0,0.010575339734076766
491.0,0.010624387304672885
492.0,0.010674725900154508
493.0,0.010724345601085596
494.0,0.010779113685340111
495.0,0.010843835575512106
496.0,0.010913725761528095
497.0,0.010980445879447602
498.0,0.011047388525461008
499.0,0.011119532560580304
500.0,0.011198342362514727
501.0,0.0112800084468773
502.0,0.01136819193688363
503.0,0.01145298259606269
504.0,0.011531294786195103
505.0,0.01161174441562649
506.0,0.011690544664192991
507.0,0.011764425664811689
508.0,0.01183821205956573
509.0,0.011913655732672775
510.0,0.011978177392064002
511.0,0.012037213895082617
512.0,0.012103433544364363
513.0,0.012181243854423231
514.0,0.012272398522120578
515.0,0.01237282596096596
516.0,0.01248083634937547
517.0,0.012594990984762503
518.0,0.01271298603062145
519.0,0.012829141169180778
520.0,0.012939049606019751
521.0,0.013048813864481293
522.0,0.013160458192370817
523.0,0.01328007663450212
524.0,0.013397200106808352
525.0,0.013505792416221647
526.0,0.013621161838365226
527.0,0.013741964954531918
528.0,0.013866920457627496
529.0,0.013981326768953115
530.0,0.014084813994664552
531.0,0.01419535860965294
532.0,0.014306911565603991
533.0,0.014410962147782222
534.0,0.014510846463760118
535.0,0.014607829459178734
536.0,0.014704334856955095
537.0,0.014796288527082571
538.0,0.014882924678417142
539.0,0.014966932637209265
540.0,0.015050342753689286
541.0,0.01512707843004912
542.0,0.015195702461475785
543.0,0.01525586347808891
544.0,0.01531150793739442
545.0,0.015358460975295923
546.0,0.015396428817151728
547.0,0.01542387223566286
548.0,0.015444276935223553
549.0,0.015469678592388656
550.0,0.015497481038498023
551.0,0.015527891978368716
552.0,0.015565131325706433
553.0,0.015604877191778336
554.0,0.01564313926302614
555.0,0.015688856895312638
556.0,0.01573828383426017
557.0,0.01577872826057404
558.0,0.015813096820137464
559.0,0.015839088774970526
560.0,0.01586163016311778
561.0,0.015877046485665642
562.0,0.01588517770574819
563.0,0.01588596061085909
564.0,0.01587876039563624
565.0,0.015865330973112882
566.0,0.015841030194018484
567.0,0.01580353778012403
568.0,0.01576040982453114
569.0,0.01571013471035737
570.0,0.01564495810334554
571.0,0.015572496646352917
572.0,0.015494133438613004
573.0,0.015403297105438054
574.0,0.015297217530587586
575.0,0.015173932155792413
576.0,0.015035211432611478
577.0,0.014879479932027217
578.0,0.014699870416483676
579.0,0.0145005190449196
580.0,0.0142856198377182
581.0,0.014048999052132324
582.0,0.0137943202296672
583.0,0.013533590555685699
584.0,0.013265525553049055
585.0,0.012991819495771625
586.0,0.012719106262565848
587.0,0.012445730215195334
588.0,0.012162175033273229
589.0,0.011871773224296969
590.0,0.011576882136415292
591.0,0.011277398385386791
592.0,0.01098079831117919
593.0,0.010673633430559768
594.0,0.010349293301547265
595.0,0.01000355122194758
596.0,0.009632436332866904
597.0,0.009250116363664034
598.0,0.008868765339280524
599.0,0.008504241130772828
600.0,0.008177106298954667
601.0,0.007908843147352601
602.0,0.007698250141428267
603.0,0.007540241037439133
604.0,0.007427014172722571
605.0,0.007346263028723182
606.0,0.007284166057009387
607.0,0.0072316060456885396
608.0,0.0071858733894736085
609.0,0.007145940730274676
610.0,0.007104462186673858
611.0,0.007061361155185607
612.0,0.007018506328370212
613.0,0.006977469804924291
614.0,0.006940523128615453
615.0,0.006897893642443506
616.0,0.006849181320000166
617.0,0.006804700387408056
618.0,0.006759778637084296
619.0,0.006713312078451973
620.0,0.006669586262025311
621.0,0.006628768835464251
622.0,0.006592790829297482
623.0,0.006562124890035917
624.0,0.0065287832157779006
625.0,0.006483869733561999
626.0,0.006440123962843219
627.0,0.006404472384756055
628.0,0.006370476764767814
629.0,0.0063363081134548875
630.0,0.0063023002638676025
631.0,0.0062685528416957514
632.0,0.006236596946066043
633.0,0.0062080096149662
634.0,0.006180734153346641
635.0,0.006152028615097288
636.0,0.006118582017288833
637.0,0.006083448250793156
638.0,0.006058506590723919
639.0,0.006032057552435484
640.0,0.006000119629044506
641.0,0.005966798005351625
642.0,0.005928932730641291
643.0,0.005890882881520549
644.0,0.005847944853070396
645.0,0.005802099094461771
646.0,0.005763990505390648
647.0,0.0057233250134093375
648.0,0.005678685536905112
649.0,0.0056281105267610545
650.0,0.005571511714708195
651.0,0.005509613078978605
652.0,0.005438514706516648
653.0,0.005358423227602474
654.0,0.0052772874043289005
655.0,0.0051834262861547645
656.0,0.005073490437902212
657.0,0.004955604075039302
658.0,0.004849886865169467
659.0,0.004771501020423517
660.0,0.0046964114425681065
661.0,0.004623266229153887
662.0,0.0045639776391713524
663.0,0.004517000811884408
664.0,0.004475156082990592
665.0,0.004436990826704866
666.0,0.00440179106791961
667.0,0.004370722654590868
668.0,0.004341562473510497
669.0,0.0043143744538226055
670.0,0.004293052038838821
671.0,0.0042741833452749275
672.0,0.0042496049143118195
673.0,0.004227905845368754
674.0,0.004209413890250059
675.0,0.004199227363911309
676.0,0.00419126361445271
677.0,0.004171978936382126
678.0,0.004157052594781108
679.0,0.004147820993730971
680.0,0.0041349660262382125
681.0,0.004123336589951537
682.0,0.004115016749754516
683.0,0.004103098211107444
684.0,0.004095980342562098
685.0,0.004093944259304274
686.0,0.004084508813053139
687.0,0.004061399295248095
688.0,0.004024655406562621
689.0,0.003976815546949505
690.0,0.003921444146268974
691.0,0.0038633625066923686
692.0,0.003800482285811594
693.0,0.003740231074367814
694.0,0.003677039924954459
695.0,0.0036106570973054343
696.0,0.0035422573070686093
697.0,0.003468632700156185
698.0,0.003386421933129181
699.0,0.0033075249754447285
700.0,0.0032323059479046666
701.0,0.0031512963582029673
702.0,0.0030682159402821174
703.0,0.0029866098603297626
704.0,0.002907614906739038
705.0,0.0028235522346122892
706.0,0.002732808498805852
707.0,0.002650133376956778
708.0,0.00257719322253784
709.0,0.0024947843395470306
710.0,0.0024043585555406366
711.0,0.002310118009727362
712.0,0.002220333310755564
713.0,0.0021369339052063566
714.0,0.002049113057361741
715.0,0.0019587969643067894
716.0,0.001867962216327787
717.0,0.0017831933840978872
718.0,0.0016995174919925665
719.0,0.0016252719619414436
720.0,0.0015557756545955263
721.0,0.0014942534276801709
722.0,0.0014416893893596443
723.0,0.0013860741487003486
724.0,0.0013255134427952113
725.0,0.0012589537219209821
726.0,0.0011947410888900217
727.0,0.0011363737741214703
728.0,0.001081029997897162
729.0,0.0010300946406145287
730.0,0.0009804178532585943
731.0,0.0009292605141676206
732.0,0.0008795721061679599
733.0,0.0008409156948535834
734.0,0.0008111595269849698
735.0,0.0007903685848148886
736.0,0.000768746012400195
737.0,0.0007476311827119178
738.0,0.0007318305850798439
739.0,0.0007227755741287019
740.0,0.0007186310739690215
741.0,0.0007143067951390584
742.0,0.0007083197344785989
743.0,0.000707055578103451
744.0,0.0007041936117394575
745.0,0.0006985598119463381
746.0,0.0006903799504898093
747.0,0.0006848565762100657
748.0,0.0006776769429776662
749.0,0.0006751632584277683
750.0,0.0006766121872745187
751.0,0.0006742302548870492
752.0,0.0006668668015746605
753.0,0.0006601728760709106
754.0,0.0006576153801399495
755.0,0.0006568339131573337
756.0,0.0006533669866730102
757.0,0.0006474798544341623
758.0,0.0006365406693132044
759.0,0.0006190609648321939
760.0,0.0005973356915912888
761.0,0.00058182801260126
762.0,0.0005705997474699005
763.0,0.0005695976444396948
764.0,0.0005900742196291258
765.0,0.0006034859038261904
766.0,0.0006074917358874841
767.0,0.0006116496508446793
768.0,0.0006110721830629577
769.0,0.0006145151955565314
770.0,0.0006171031403375498
771.0,0.0006172948354119655
772.0,0.0006173809262977062
773.0,0.0006140426714852383
774.0,0.0006144568177478667
775.0,0.0006174528413481897
776.0,0.0006166679694267521
777.0,0.0006162368246666182
778.0,0.0006216959606041442
779.0,0.0006285634619386947
780.0,0.000631535994658257
781.0,0.0006305892294260921
782.0,0.0006282222373780502
783.0,0.0006283593463546988
784.0,0.0006284196019116276
785.0,0.000627822152732442
786.0,0.000631285876188045
787.0,0.0006391202973836196
788.0,0.0006441709191418264
789.0,0.000641192260201302
790.0,0.0006355212992356765
791.0,0.0006403055651697349
792.0,0.0006513506252569731
793.0,0.0006545705653525737
794.0,0.0006553901203336194
795.0,0.0006576925107967805
796.0,0.0006644114532820426
797.0,0.0006704704958146228
798.0,0.0006776366546669472
799.0,0.0006800010173049051
800.0,0.0006805932737478929
801.0,0.0006799344569196411
802.0,0.0006792705408954546
803.0,0.0006794627349645796
804.0,0.0006799833126193684
805.0,0.0006800823967274964
806.0,0.00067917584228173
807.0,0.0006791109758012613
808.0,0.0006796083759516255
809.0,0.0006691713953919139
810.0,0.0006583705768775799
811.0,0.0006530085373403786
812.0,0.000644455514642054
813.0,0.000631423637640135
814.0,0.0006240201140975797
815.0,0.0006103741837334946
816.0,0.0005948098439724429
817.0,0.0005986552523787787
818.0,0.0005899014686389242
819.0,0.0005650758144962687
820.0,0.0005595165628947992
821.0,0.0005534577217260407
822.0,0.0005335948009763003
823.0,0.0005138788371609234
824.0,0.0004985689020171942
825.0,0.00047734929652402047
826.0,0.00045894533901142233
827.0,0.0004417968761354698
828.0,0.00041111863843599843
829.0,0.0003847045804937075
830.0,0.0003727353077084997
831.0,0.00036322138322826634
832.0,0.0003574431107722158
833.0,0.0003458764403913883
834.0,0.00033524380370948497
835.0,0.00032583687280295434
836.0,0.0003135757042058748
837.0,0.00029784721889893534
838.0,0.0002937272322719044
839.0,0.00029695505506433905
840.0,0.0003056896350559829
841.0,0.00029924204877707506
842.0,0.0002941856790569586
843.0,0.0002926582912595661
844.0,0.00028313479971604544
845.0,0.0002803764188903264
846.0,0.00027829283764120973
847.0,0.0002594071771727008
848.0,0.00024324550620364723
849.0,0.00026209289370095407
850.0,0.00026652363853038456
851.0,0.00025299776128962734
852.0,0.0002508734299778642
853.0,0.0002479693763393873
854.0,0.00024068304709148907
855.0,0.00022629986903530298
856.0,0.00021070204508343298
857.0,0.0002264213884074117
858.0,0.00023728222373416182
859.0,0.00023006737514995904
860.0,0.00021909368368052654
861.0,0.00021273166661109761
862.0,0.00020495626141275885
863.0,0.00021225191555522782
864.0,0.00022655923230211058
865.0,0.00021526795679570695
866.0,0.0002000546677488101
867.0,0.00018615050013951796
868.0,0.0001912806618100835
869.0,0.00018497559088943537
870.0,0.0001741295613500459
871.0,0.00017373336087838333
872.0,0.00018207036341866546
873.0,0.0001819064194878164
874.0,0.00017568083979298916
875.0,0.00017093193049328548
876.0,0.00016580256561760958
877.0,0.00015298016288106488
878.0,0.0001430290704463519
879.0,0.000153383339042064
880.0,0.00015602071112420763
881.0,0.0001324464001729943
882.0,0.0001344082717769648
883.0,0.00015493675601355183
884.0,0.00013339661666460554
885.0,0.00011516469003138579
886.0,0.00010583476654820684
887.0,0.00011450515419101017
888.0,0.00011698008840882565
889.0,9.625785633148663e-05
890.0,9.629036939119283e-05
891.0,0.00010990411505271327
892.0,0.00010658426972148291
893.0,9.768581785397264e-05
894.0,9.179512857070542e-05
895.0,8.731613556998367e-05
896.0,9.100906236784743e-05
897.0,8.910489959345621e-05
898.0,7.542747318152811e-05
899.0,5.465149986138238e-05
