/begin_header
/west_longitude=UNKNOWN
/south_latitude=NA
/north_latitude=UNKNOWN
/calibration_files=NA
/cruise=NA
/station=NA
/documents=NA
/data_type=NA
/affiliations=NOAA
/experiment=NA
/units=nm,dl
/start_date=2019-10-08
/end_date=NA
/missing=9999
/start_time=12:20:06
/data_file_name=NA
/cloud_percent=NA
/water_depth=NA
/data_status=NA
/east_longitude=NA
/wind_speed=NA
/secchi=NA
/measurement_depth=NA
/fields=wavelength,rrs
/delimiter=comma
/contact=NA
/end_time=NA
/wave_height=NA
/investigators=NA
/end_header@
325.0,0.00010000000000000002
326.0,0.00010000000000000002
327.0,0.00010000000000000002
328.0,0.00010000000000000002
329.0,0.00010000000000000002
330.0,0.00010000000000000002
331.0,0.00010000000000000002
332.0,0.00010000000000000002
333.0,0.00010000000000000002
334.0,0.00010000000000000002
335.0,0.00010000000000000002
336.0,0.00010000000000000002
337.0,0.00010000000000000002
338.0,0.00010000000000000002
339.0,0.00010000000000000002
340.0,0.00010000000000000002
341.0,0.00010000000000000002
342.0,0.00010000000000000002
343.0,0.00010000000000000002
344.0,0.00010000000000000002
345.0,0.00010000000000000002
346.0,0.00010000000000000002
347.0,0.00010000000000000002
348.0,0.00010000000000000002
349.0,0.00010000000000000002
350.0,0.00010000000000000002
351.0,0.00010000000000000002
352.0,0.00010000000000000002
353.0,0.00010000000000000002
354.0,0.00010000000000000002
355.0,0.00010000000000000002
356.0,0.00010000000000000002
357.0,0.00010000000000000002
358.0,0.00010000000000000002
359.0,0.00010000000000000002
360.0,0.00010000000000000002
361.0,0.00010000000000000002
362.0,0.00010000000000000002
363.0,0.00010000000000000002
364.0,0.00010000000000000002
365.0,0.00010000000000000002
366.0,0.00010000000000000002
367.0,0.00010000000000000002
368.0,0.00010000000000000002
369.0,0.00010000000000000002
370.0,0.00010000000000000002
371.0,0.00010000000000000002
372.0,0.00010000000000000002
373.0,0.00010000000000000002
374.0,0.00010000000000000002
375.0,0.00010000000000000002
376.0,0.00010000000000000002
377.0,0.00010000000000000002
378.0,0.00010000000000000002
379.0,0.00010000000000000002
380.0,0.00010000000000000002
381.0,0.00010000000000000002
382.0,0.00010000000000000002
383.0,0.00010000000000000002
384.0,0.00010000000000000002
385.0,0.00010000000000000002
386.0,0.00010000000000000002
387.0,0.00010000000000000002
388.0,0.00010000000000000002
389.0,0.00010000000000000002
390.0,0.00010000000000000002
391.0,0.00010000000000000002
392.0,0.00010000000000000002
393.0,0.00010000000000000002
394.0,0.00010000000000000002
395.0,0.00010000000000000002
396.0,0.00010000000000000002
397.0,0.00010000000000000002
398.0,0.00010000000000000002
399.0,0.00010000000000000002
400.0,0.00010000000000000002
401.0,0.00010000000000000002
402.0,8.169769183362237e-05
403.0,9.466306797366931e-05
404.0,0.00016645703163254653
405.0,0.00024573564841388293
406.0,0.0003445406307810177
407.0,0.00043966595427202495
408.0,0.000530780647541592
409.0,0.0006196257746806266
410.0,0.0007004722382396936
411.0,0.0007782604710852405
412.0,0.0008623295162361275
413.0,0.000969373269320183
414.0,0.001083193165929728
415.0,0.0011704359512523215
416.0,0.001248824503322701
417.0,0.0013299631490564748
418.0,0.001428626406656155
419.0,0.0015426731386383378
420.0,0.0016412471092439704
421.0,0.0017404113337907117
422.0,0.0018527059168847785
423.0,0.0019482872550021305
424.0,0.0020385231857448843
425.0,0.0021415479815982607
426.0,0.0022404164382575833
427.0,0.0023325545520371934
428.0,0.0024201966503691287
429.0,0.0025077127398444978
430.0,0.002593009575034513
431.0,0.0026883453324559525
432.0,0.0027890096700716504
433.0,0.0028771356168088777
434.0,0.00296244627719251
435.0,0.003050924189490208
436.0,0.0031438178545988337
437.0,0.0032372212079692817
438.0,0.0033330315200038956
439.0,0.0034449549200293457
440.0,0.003569622062699953
441.0,0.0036938507278034154
442.0,0.0038167689595494715
443.0,0.00394078094369788
444.0,0.004082316458973653
445.0,0.004231621482522795
446.0,0.004391561116844633
447.0,0.0045512619503430074
448.0,0.00470934087929274
449.0,0.004861390937274637
450.0,0.005015487178297532
451.0,0.005175619916255448
452.0,0.005325001695607007
453.0,0.005468042998682589
454.0,0.005626964399944606
455.0,0.005776926572453802
456.0,0.00591213695049726
457.0,0.006043466453343522
458.0,0.006163474240539585
459.0,0.00627518180631737
460.0,0.006402573798198573
461.0,0.006526237654586461
462.0,0.006638676502045487
463.0,0.0067513502760430805
464.0,0.006866652548379773
465.0,0.006995431194447843
466.0,0.007122710210828748
467.0,0.007243163310677217
468.0,0.007360316892618119
469.0,0.007485337660336304
470.0,0.00763510681215257
471.0,0.0077794393026193774
472.0,0.00791449432646977
473.0,0.00804054362831984
474.0,0.008171476582400378
475.0,0.008313786011417863
476.0,0.00844669769603172
477.0,0.008570857544104738
478.0,0.008690722225326956
479.0,0.008801156497688017
480.0,0.008900802517040956
481.0,0.008995993852552132
482.0,0.009091805723010677
483.0,0.009190019711309935
484.0,0.009286292832934358
485.0,0.00937906588286881
486.0,0.009477622636190824
487.0,0.009578959964423869
488.0,0.009677971849035084
489.0,0.009771660795371574
490.0,0.009863460858393337
491.0,0.00995071037432918
492.0,0.010064880587023924
493.0,0.010199007940389967
494.0,0.010309234869361254
495.0,0.010429904306630176
496.0,0.010577419104640546
497.0,0.010724137824194008
498.0,0.010880261062050917
499.0,0.011058848492141535
500.0,0.0112398189443498
501.0,0.011426299810896733
502.0,0.011643498002320344
503.0,0.011861506856108577
504.0,0.0120662406695052
505.0,0.012277960401645712
506.0,0.012502862000001221
507.0,0.012735099057543425
508.0,0.012972335689298268
509.0,0.013215370330512372
510.0,0.013457566627363754
511.0,0.013701885427630428
512.0,0.013967374735202575
513.0,0.014239105903238273
514.0,0.014515090419094493
515.0,0.01479714289349952
516.0,0.01509050225621365
517.0,0.015389865606251097
518.0,0.015695749452314528
519.0,0.01599591531770261
520.0,0.01628797889661293
521.0,0.016577303500015593
522.0,0.016864590639105878
523.0,0.01714255013786984
524.0,0.017428757521246726
525.0,0.017726051628314553
526.0,0.018013092933427545
527.0,0.018295096751623295
528.0,0.018589896683200303
529.0,0.018875833631028877
530.0,0.019147330508705585
531.0,0.01942239506630242
532.0,0.01970232774463676
533.0,0.019973227466610337
534.0,0.02024050256587258
535.0,0.020503347685078714
536.0,0.020759814386157083
537.0,0.021017246109743266
538.0,0.02127500269700546
539.0,0.021531322663602012
540.0,0.021786400708746323
541.0,0.02204362890930931
542.0,0.02229175380766412
543.0,0.022527835742083745
544.0,0.022757880567338695
545.0,0.02298584186969483
546.0,0.02321278942637894
547.0,0.023428590501027507
548.0,0.0236410289127695
549.0,0.023849418011162853
550.0,0.024051788687534416
551.0,0.024253316779634923
552.0,0.024463494084566672
553.0,0.024670073219963992
554.0,0.024862660038509385
555.0,0.025046451814787048
556.0,0.025225264993584278
557.0,0.02539449558229413
558.0,0.02555068844963187
559.0,0.025692363481096697
560.0,0.025822590617971757
561.0,0.025941095218519422
562.0,0.026041822988819702
563.0,0.02612317582090424
564.0,0.026188159560611213
565.0,0.026237582132313957
566.0,0.02627281752516582
567.0,0.026299650909533644
568.0,0.026298374862411777
569.0,0.02627156124118233
570.0,0.02623660428309289
571.0,0.02618159306965579
572.0,0.02610597140654609
573.0,0.026017262533930757
574.0,0.025910502545941554
575.0,0.025786380072516213
576.0,0.02564356576479348
577.0,0.02547971392076993
578.0,0.02529634491608282
579.0,0.025093080514157994
580.0,0.024875210924134743
581.0,0.024647650039885553
582.0,0.024414008971405617
583.0,0.024187003776652567
584.0,0.02395328820624131
585.0,0.02371158637926963
586.0,0.0234846011952822
587.0,0.0232703366872609
588.0,0.023059354600841814
589.0,0.022840402883034815
590.0,0.022607337067708504
591.0,0.022360449319958238
592.0,0.022114832670116494
593.0,0.02185695752272525
594.0,0.021569023613425248
595.0,0.021247762251409306
596.0,0.02089354231821914
597.0,0.020498063867109704
598.0,0.020072149330192697
599.0,0.01965306649387964
600.0,0.01926223032220458
601.0,0.018914248851539604
602.0,0.018622301786002153
603.0,0.01838485571421878
604.0,0.018192344501128645
605.0,0.018026407143711093
606.0,0.01787699922382826
607.0,0.01773456928392908
608.0,0.017598546925043347
609.0,0.017473724404897542
610.0,0.017346110244299974
611.0,0.017214940251143725
612.0,0.017091717129885046
613.0,0.016964429212251407
614.0,0.016835555903110012
615.0,0.016723571335145012
616.0,0.016626376006431236
617.0,0.016519633537572204
618.0,0.016431271101222632
619.0,0.016365412090992223
620.0,0.01629222949103347
621.0,0.01622927577589401
622.0,0.016185620980286648
623.0,0.016148974112572746
624.0,0.016116544918620156
625.0,0.01609783479619959
626.0,0.0160898965412847
627.0,0.01608780302462683
628.0,0.016080284218461166
629.0,0.01605411603975635
630.0,0.01600153589881248
631.0,0.01596069770961035
632.0,0.015935571384824033
633.0,0.015911417903030127
634.0,0.01590049252925645
635.0,0.015901190639843566
636.0,0.01590892209636676
637.0,0.01591908990405596
638.0,0.015927900249309634
639.0,0.01593638196152939
640.0,0.015938873077828496
641.0,0.015935034881543773
642.0,0.015925323069990595
643.0,0.015904672072172787
644.0,0.01589668033440883
645.0,0.015889863042654172
646.0,0.0158537527447614
647.0,0.01579210498969507
648.0,0.015711152807816414
649.0,0.015603076070897245
650.0,0.015473044244259895
651.0,0.015333380682963355
652.0,0.01516722422395905
653.0,0.014970545128722396
654.0,0.014774030373856103
655.0,0.01453046963873716
656.0,0.014221738532201045
657.0,0.013893423175233075
658.0,0.013583404908689362
659.0,0.013276945845273311
660.0,0.012980791316603985
661.0,0.01270465799178537
662.0,0.012459869337340407
663.0,0.012237224107792443
664.0,0.012028350031805564
665.0,0.011844620670676837
666.0,0.011690258693223272
667.0,0.01157607135629796
668.0,0.011498335165504924
669.0,0.011437380894880524
670.0,0.011417877136408782
671.0,0.011434708115290588
672.0,0.011471313133440842
673.0,0.011528685359721154
674.0,0.011608091179094008
675.0,0.011694462494971742
676.0,0.011794137214808724
677.0,0.011916605888147348
678.0,0.012045286611437193
679.0,0.012179881293767094
680.0,0.012344900316030505
681.0,0.012522566877515037
682.0,0.012712688358575645
683.0,0.012918507334288227
684.0,0.013185261327374112
685.0,0.013605030532016522
686.0,0.014121232362909322
687.0,0.014645617269676564
688.0,0.014898289878212692
689.0,0.015015675876881731
690.0,0.015135470160467044
691.0,0.015281067977450194
692.0,0.015461032366696987
693.0,0.01566510908000978
694.0,0.015839063043001755
695.0,0.015955171522164198
696.0,0.016032410191583916
697.0,0.016090737599667577
698.0,0.016155253761735704
699.0,0.016195355646208907
700.0,0.016190711381648425
701.0,0.016114968922300757
702.0,0.015992072974943265
703.0,0.01583470035052804
704.0,0.015663198992082704
705.0,0.015475420845729074
706.0,0.015262843761137406
707.0,0.015031584351014815
708.0,0.014779355121129305
709.0,0.014505593286557494
710.0,0.014215039870037013
711.0,0.01390847750855374
712.0,0.013597357635912055
713.0,0.013297461058438298
714.0,0.013029274420697071
715.0,0.012820590005819841
716.0,0.012661059364286784
717.0,0.012498190381641423
718.0,0.01227486808762232
719.0,0.011938547318251436
720.0,0.011543523348168574
721.0,0.011178197806382073
722.0,0.01094453385292053
723.0,0.010748780084104877
724.0,0.010548777677894111
725.0,0.010316776793582259
726.0,0.010056627651394433
727.0,0.009776350493025911
728.0,0.009496769441452734
729.0,0.009216741958164224
730.0,0.008918075897251698
731.0,0.008616619378435969
732.0,0.008326316126879379
733.0,0.008073237307814885
734.0,0.007867108864983582
735.0,0.0077432885314708735
736.0,0.0076299064077388675
737.0,0.007510480007375152
738.0,0.007418339394058336
739.0,0.007337428132106231
740.0,0.007269140774514496
741.0,0.0072128102839239235
742.0,0.007164166779166263
743.0,0.007126204016077933
744.0,0.007094804655697185
745.0,0.007068424448763616
746.0,0.0070441449220532415
747.0,0.007018859764820642
748.0,0.007007128155336599
749.0,0.0069887446698971385
750.0,0.006967139823931226
751.0,0.006959451398489138
752.0,0.006946596895882717
753.0,0.006918075714342472
754.0,0.006892846179074011
755.0,0.006889061790421261
756.0,0.006924310884816677
757.0,0.0070269204958591375
758.0,0.007236905192851797
759.0,0.007638121437733262
760.0,0.008228011140005998
761.0,0.008613504716619327
762.0,0.0086406701930006
763.0,0.00839860460753036
764.0,0.008053609794496912
765.0,0.007682890102795719
766.0,0.0073522405240886626
767.0,0.00713695044856916
768.0,0.006989851066137623
769.0,0.006883965405211037
770.0,0.006832451299868715
771.0,0.0068173221854224446
772.0,0.006802449960755459
773.0,0.006796567351409892
774.0,0.00679541247534862
775.0,0.006784422322983497
776.0,0.006785878231679421
777.0,0.006809414340578792
778.0,0.006817419195502003
779.0,0.006811355775221031
780.0,0.006830647779890044
781.0,0.006849003406743323
782.0,0.006857157048100538
783.0,0.006892027539098661
784.0,0.006930622922262814
785.0,0.006961278425608636
786.0,0.007013311156395675
787.0,0.007073478131535428
788.0,0.0071030493990933835
789.0,0.007130007833088215
790.0,0.0071591307284018385
791.0,0.007173691338876883
792.0,0.007177592381474762
793.0,0.007201244959020916
794.0,0.00723062616129351
795.0,0.007260424081111469
796.0,0.007291554868699446
797.0,0.007324537303058669
798.0,0.007350652827646982
799.0,0.007371501298280123
800.0,0.007392211297445562
801.0,0.007415383072136278
802.0,0.007421358558974594
803.0,0.007416976564367561
804.0,0.007413192789521054
805.0,0.007412317560309095
806.0,0.007421952120438574
807.0,0.007435770921856018
808.0,0.007452887785394051
809.0,0.0074821878709459225
810.0,0.00752558679633364
811.0,0.007581164071245111
812.0,0.0076450558784930496
813.0,0.007705405154845588
814.0,0.0077472337872205865
815.0,0.007751829967658335
816.0,0.007729310934333327
817.0,0.007687582514905619
818.0,0.007628456936096898
819.0,0.007555531366894864
820.0,0.007469622109469146
821.0,0.007377857516106248
822.0,0.007286436797468309
823.0,0.007198162645967827
824.0,0.007098967466473418
825.0,0.006980972582863125
826.0,0.006870818964334217
827.0,0.006767692177041822
828.0,0.00669007517150236
829.0,0.00660999917085352
830.0,0.006478554255462425
831.0,0.006354901584678949
832.0,0.006260527574114004
833.0,0.006166941933740655
834.0,0.006094128589761575
835.0,0.006044679763796311
836.0,0.005988596437772284
837.0,0.005929592933492961
838.0,0.005886018485773449
839.0,0.005833883268974527
840.0,0.005789625603371691
841.0,0.005753681463081547
842.0,0.005712379917708882
843.0,0.005681726343029909
844.0,0.005655161466363333
845.0,0.005628440160350025
846.0,0.005611426794959349
847.0,0.0055911158645456475
848.0,0.005561903304912389
849.0,0.005525090565835848
850.0,0.005502365910791941
851.0,0.005486812714393573
852.0,0.005472684882512223
853.0,0.005454488735341672
854.0,0.005431594336123677
855.0,0.005409819047474708
856.0,0.005381764627175099
857.0,0.0053684404180584806
858.0,0.005357511818999188
859.0,0.005338142357727093
860.0,0.005316502209026344
861.0,0.005293360756922924
862.0,0.005248129150065823
863.0,0.005249624214675302
864.0,0.005269354002086122
865.0,0.005207777665742585
866.0,0.00519224241534518
867.0,0.005229172412647374
868.0,0.005182916186516525
869.0,0.0051640514495336675
870.0,0.0052055219629267135
871.0,0.005179041917097657
872.0,0.005105276272572093
873.0,0.005062408264927764
874.0,0.005070852645284773
875.0,0.005096048184732745
876.0,0.005059839603140118
877.0,0.005015916476407671
878.0,0.005007220052647023
879.0,0.004990623513420093
880.0,0.00496566128244104
881.0,0.004963953062777972
882.0,0.004974989170569358
883.0,0.0049678357548366605
884.0,0.004917694084531937
885.0,0.004902793447222933
886.0,0.004946815594509849
887.0,0.0049155755690213415
888.0,0.004874299420400281
889.0,0.004948354970447637
890.0,0.004986811208458082
891.0,0.004974298677886983
892.0,0.00499957119978277
893.0,0.0050570387070352
894.0,0.005138242477162151
895.0,0.005210890032469552
896.0,0.005261764390459481
897.0,0.005295242150462068
898.0,0.005326033412481676
899.0,0.005332119827573369
