/begin_header
/west_longitude=UNKNOWN
/south_latitude=NA
/north_latitude=UNKNOWN
/calibration_files=NA
/cruise=NA
/station=NA
/documents=NA
/data_type=NA
/affiliations=NOAA
/experiment=NA
/units=nm,dl
/start_date=2019-08-15
/end_date=NA
/missing=9999
/start_time=11:06:35
/data_file_name=NA
/cloud_percent=NA
/water_depth=NA
/data_status=NA
/east_longitude=NA
/wind_speed=NA
/secchi=NA
/measurement_depth=NA
/fields=wavelength,rrs
/delimiter=comma
/contact=NA
/end_time=NA
/wave_height=NA
/investigators=NA
/end_header@
325.0,0.012928536094670933
326.0,0.01276312121352816
327.0,0.012659238710676637
328.0,0.012648500917027447
329.0,0.012602303217006875
330.0,0.012532655441985707
331.0,0.012424495062609472
332.0,0.012347563101130058
333.0,0.012275746547926488
334.0,0.012164672243440287
335.0,0.01209886638044005
336.0,0.012075582212067669
337.0,0.01198107516443349
338.0,0.011896343191673509
339.0,0.01182157996831965
340.0,0.011776212185482183
341.0,0.011731085104855293
342.0,0.01166843495325696
343.0,0.011586520124778977
344.0,0.01150355655622487
345.0,0.011482363461696206
346.0,0.011430851270234934
347.0,0.011340068466190104
348.0,0.011249959686630603
349.0,0.011175309942730836
350.0,0.011112722949632226
351.0,0.01108065035914944
352.0,0.011063861215650396
353.0,0.011004130100111748
354.0,0.010938957257913978
355.0,0.010880664547381035
356.0,0.010834202407744974
357.0,0.010790706930261039
358.0,0.01070914965374038
359.0,0.010680963001990191
360.0,0.010667782910778037
361.0,0.010591229679758278
362.0,0.010526644792707322
363.0,0.010482471759781755
364.0,0.010446065106813913
365.0,0.010403257193612795
366.0,0.010361826419356455
367.0,0.010312509667608761
368.0,0.010273942641634445
369.0,0.01026278218380056
370.0,0.010225379142366051
371.0,0.010160242325986566
372.0,0.010137138796804012
373.0,0.010105867245790486
374.0,0.010050931260475614
375.0,0.01001124960991704
376.0,0.009994636210190774
377.0,0.009961352850990066
378.0,0.009910020753303852
379.0,0.00985166749968643
380.0,0.009847032504060844
381.0,0.009837023330851546
382.0,0.00980075580370268
383.0,0.009791965241769975
384.0,0.00977074794961105
385.0,0.00971593033804527
386.0,0.009671151625432185
387.0,0.009642478423086092
388.0,0.009604917459389118
389.0,0.009581201147860732
390.0,0.009567586960550257
391.0,0.009533883022587005
392.0,0.0095011946993124
393.0,0.009476251883577386
394.0,0.009469548803769079
395.0,0.009464332491044149
396.0,0.009413115724859982
397.0,0.009356397095673067
398.0,0.009314092531631218
399.0,0.009278776625833539
400.0,0.009248056196669525
401.0,0.009222502111728311
402.0,0.009198559106917008
403.0,0.009173838686229755
404.0,0.009157612418977824
405.0,0.009141738555870003
406.0,0.009119577489315956
407.0,0.009096789471172673
408.0,0.009076089135152673
409.0,0.009051809577940011
410.0,0.009032527048454898
411.0,0.009018644086490389
412.0,0.009008222589502885
413.0,0.009000374940161348
414.0,0.00898703690749203
415.0,0.008975584973549538
416.0,0.008965529022410032
417.0,0.00895628608454184
418.0,0.008949144543615698
419.0,0.008944926071529784
420.0,0.00894233616162445
421.0,0.008940477339406037
422.0,0.00893886479530622
423.0,0.00893757702450135
424.0,0.008935797850493137
425.0,0.008940521567474675
426.0,0.008946676774161654
427.0,0.008952493547942775
428.0,0.008963577167257528
429.0,0.008972361439929705
430.0,0.008972234682551244
431.0,0.008973448419580626
432.0,0.008976742486924736
433.0,0.008989251998569307
434.0,0.009002869497195724
435.0,0.009013827125279223
436.0,0.009023774121703184
437.0,0.00903950871383627
438.0,0.009064133290670223
439.0,0.009084571553841406
440.0,0.009102648557861203
441.0,0.00912881143967174
442.0,0.009160096973621516
443.0,0.009194122973914528
444.0,0.009228169944194913
445.0,0.009265314912265076
446.0,0.009308604475090085
447.0,0.009357467786060633
448.0,0.009405401065658162
449.0,0.009443427177986286
450.0,0.009480999368993003
451.0,0.009521605362795813
452.0,0.009562937073339873
453.0,0.009604209422373045
454.0,0.009644366969604915
455.0,0.009680397443566729
456.0,0.009716002796261317
457.0,0.009758881986044873
458.0,0.009793733935316313
459.0,0.00982018085308339
460.0,0.009858166901967702
461.0,0.009898216843503053
462.0,0.009929907366148365
463.0,0.009964907876572943
464.0,0.01000457142243078
465.0,0.010045977506831812
466.0,0.010086972337791905
467.0,0.010128713102230088
468.0,0.010167265800529405
469.0,0.010205733664501828
470.0,0.010251873473037198
471.0,0.010293738576318164
472.0,0.010332233664617996
473.0,0.010374781515476071
474.0,0.010417306526345043
475.0,0.010457962681360046
476.0,0.010495721429745208
477.0,0.010533601645078921
478.0,0.010569665878896647
479.0,0.010602823286516228
480.0,0.01063594232310927
481.0,0.010666986048323187
482.0,0.010699717707940207
483.0,0.010734981546272797
484.0,0.01076304618886347
485.0,0.010786970923807895
486.0,0.010822570063924881
487.0,0.010862493783492579
488.0,0.010902541629593799
489.0,0.010944999461678009
490.0,0.010987159729294725
491.0,0.011025795896233747
492.0,0.01106944277239871
493.0,0.011118365370681452
494.0,0.011173320933826437
495.0,0.011228472921043642
496.0,0.011281899641291341
497.0,0.011341237897350826
498.0,0.011405132961928908
499.0,0.011474185600825214
500.0,0.011551424177380306
501.0,0.011632994711907985
502.0,0.011710363357514497
503.0,0.011787480144872717
504.0,0.011865554047897752
505.0,0.011948693020006234
506.0,0.012033964892307552
507.0,0.01211064710716922
508.0,0.012175704308208935
509.0,0.012232731168267733
510.0,0.012298981666875538
511.0,0.012365601766818926
512.0,0.012427392716974486
513.0,0.012498405171666314
514.0,0.012581859271873472
515.0,0.012675198474435942
516.0,0.012781353351932853
517.0,0.012896099317184051
518.0,0.013018177481487597
519.0,0.013142347237341988
520.0,0.013260394809720239
521.0,0.01338029751319443
522.0,0.013502630971163054
523.0,0.013619340689695818
524.0,0.013733426645618654
525.0,0.0138529828906677
526.0,0.013976729913801837
527.0,0.014103231273722367
528.0,0.014224652744680119
529.0,0.014339334592547335
530.0,0.014449314066238348
531.0,0.014563388931112337
532.0,0.014675994145881652
533.0,0.014781454224105924
534.0,0.014888369386604424
535.0,0.014994121696227292
536.0,0.01509220668234203
537.0,0.015186861583385544
538.0,0.015280424699442805
539.0,0.015368556616236418
540.0,0.015453997402677768
541.0,0.015538390990244233
542.0,0.015615656415514623
543.0,0.015685024574919663
544.0,0.015750624797551734
545.0,0.01580700748615002
546.0,0.015850499735482783
547.0,0.01588516966112696
548.0,0.015915562496850225
549.0,0.01594554208820586
550.0,0.015976399336789918
551.0,0.016012367292098765
552.0,0.016056898902678616
553.0,0.016107054911073976
554.0,0.016160454737815255
555.0,0.016212308986396848
556.0,0.016260099542341068
557.0,0.016303393753196043
558.0,0.016342858558424423
559.0,0.016380179160926125
560.0,0.01641366045400362
561.0,0.01643841227717985
562.0,0.016453873480860193
563.0,0.016459076164606394
564.0,0.01645601595683822
565.0,0.016450754742760684
566.0,0.016433795229837744
567.0,0.01640168614687432
568.0,0.01636384999862512
569.0,0.01631715292778663
570.0,0.01625598371157879
571.0,0.016184629035723822
572.0,0.01610502624547929
573.0,0.016016056697536824
574.0,0.015912363504370506
575.0,0.015791853790711543
576.0,0.015649671787516653
577.0,0.015485442370524136
578.0,0.015306703887767606
579.0,0.015105129505891685
580.0,0.014882617571454015
581.0,0.014646390069046791
582.0,0.01439672003831761
583.0,0.014128912858715125
584.0,0.013854423709533973
585.0,0.013575150543407846
586.0,0.013283755301476597
587.0,0.012989408746092362
588.0,0.01269913337126983
589.0,0.012400365837650815
590.0,0.012093483216337676
591.0,0.011785622903478184
592.0,0.011476334829499637
593.0,0.011154685539460005
594.0,0.010813424721402714
595.0,0.010449084351853082
596.0,0.010058837872683603
597.0,0.009650968067750575
598.0,0.009240300582407376
599.0,0.008849334406550852
600.0,0.008501184503125647
601.0,0.008216801997885196
602.0,0.00798796836109566
603.0,0.007815276385062042
604.0,0.007694279626487099
605.0,0.00760536025588906
606.0,0.0075354203906175445
607.0,0.00748166898279182
608.0,0.007434487585801312
609.0,0.007386443103709011
610.0,0.007336464925783275
611.0,0.007286994897169582
612.0,0.007239323124399391
613.0,0.007195519969240391
614.0,0.007152691996140362
615.0,0.007107983727173572
616.0,0.007061126743642758
617.0,0.007016266522800621
618.0,0.006971971851141394
619.0,0.00692764044472752
620.0,0.006887063445596505
621.0,0.006844058687395174
622.0,0.006801980991694788
623.0,0.006760033381755344
624.0,0.006717912287101256
625.0,0.00667365946938427
626.0,0.006633924082355969
627.0,0.006599165163279168
628.0,0.006561070782493508
629.0,0.006519848223777836
630.0,0.006478241085724051
631.0,0.006440026298858224
632.0,0.006408011314972453
633.0,0.006380913559762634
634.0,0.006352198186558555
635.0,0.006319249730310975
636.0,0.006283315769679977
637.0,0.0062469144838848455
638.0,0.006222047587015037
639.0,0.006194588659698769
640.0,0.006157467251893895
641.0,0.006120477025528483
642.0,0.006079982371012478
643.0,0.006034432768226877
644.0,0.005994558684994075
645.0,0.0059576583985001845
646.0,0.005900861851536655
647.0,0.005845578648668352
648.0,0.005803562761461647
649.0,0.00575776733985331
650.0,0.005699212076269463
651.0,0.005628613978913094
652.0,0.005551487018692795
653.0,0.005472344588060808
654.0,0.005382726756749056
655.0,0.005278831785188393
656.0,0.005159713178205722
657.0,0.005039410761364931
658.0,0.004934789496082114
659.0,0.004849778015762791
660.0,0.004772227289899946
661.0,0.00469946481967523
662.0,0.004647136435318419
663.0,0.004605399492315053
664.0,0.004560000963064651
665.0,0.0045176357105466865
666.0,0.004477440247054437
667.0,0.004444430844823677
668.0,0.004414044400537872
669.0,0.0043830418720635644
670.0,0.004365455293887747
671.0,0.004355185955000991
672.0,0.004336759156966179
673.0,0.004318304744096219
674.0,0.004303298769067107
675.0,0.004285308536289093
676.0,0.0042658038619176235
677.0,0.004253669647050881
678.0,0.004247027524435517
679.0,0.004240402898765581
680.0,0.004220539197848907
681.0,0.004208352785585571
682.0,0.004211823314139442
683.0,0.004204026375960448
684.0,0.004188656082277569
685.0,0.004181874314533546
686.0,0.004172128681876955
687.0,0.004152004343885048
688.0,0.004110046203772669
689.0,0.004056216693416554
690.0,0.003993867693642329
691.0,0.003926493673654838
692.0,0.003856888377355706
693.0,0.003792254121432752
694.0,0.003729154995592416
695.0,0.003663609934873608
696.0,0.0035937355126394654
697.0,0.003520686189611788
698.0,0.003442254208832307
699.0,0.0033605405192309356
700.0,0.0032780979870065162
701.0,0.003196798544844501
702.0,0.0031168559819620624
703.0,0.0030368961398061453
704.0,0.002957804106225621
705.0,0.0028767903568553506
706.0,0.0027901227040175126
707.0,0.0027016520878058235
708.0,0.0026096004390396086
709.0,0.0025223522922770726
710.0,0.0024378030297788574
711.0,0.002353848507864986
712.0,0.0022640522939407414
713.0,0.0021710269835173235
714.0,0.0020812361756365047
715.0,0.001994930377260348
716.0,0.00190878896982495
717.0,0.0018301338738534918
718.0,0.0017543526632034679
719.0,0.0016681230416914661
720.0,0.0015926069158900922
721.0,0.001533101253810295
722.0,0.0014720207385633783
723.0,0.0014102234377791588
724.0,0.0013517309623917225
725.0,0.0012884342216426673
726.0,0.0012266278798310358
727.0,0.0011633284399645443
728.0,0.001108999522415593
729.0,0.0010615526541642457
730.0,0.0009992642387625134
731.0,0.0009392747510343748
732.0,0.000888607053521891
733.0,0.0008519870702500427
734.0,0.0008243196784660815
735.0,0.0007945838351849138
736.0,0.0007697097887883463
737.0,0.0007525963045319174
738.0,0.0007438180172378587
739.0,0.0007356546412809685
740.0,0.0007265020174058688
741.0,0.0007205388237752359
742.0,0.0007168462553981065
743.0,0.0007115902278704014
744.0,0.0007060164757039542
745.0,0.0007051597122188188
746.0,0.0007007420420155929
747.0,0.0006920066641524774
748.0,0.0006736349642672535
749.0,0.0006674057169713725
750.0,0.0006741247249175828
751.0,0.0006702974390292795
752.0,0.0006673246868242423
753.0,0.0006617168591580059
754.0,0.0006526098195520413
755.0,0.0006443121322636022
756.0,0.0006426714119400677
757.0,0.0006382260214052148
758.0,0.0006318808516229757
759.0,0.0006255579309659344
760.0,0.0006123531126096405
761.0,0.0006038596148915106
762.0,0.000588401412157143
763.0,0.0005784350584052599
764.0,0.000577406203586025
765.0,0.0005812399982352641
766.0,0.0005910549003289511
767.0,0.0006023563164294357
768.0,0.0006113626820546083
769.0,0.0006087203074452912
770.0,0.0006048617267827243
771.0,0.0006042834236573388
772.0,0.00060868891607852
773.0,0.0006101513298928024
774.0,0.0006101109668043539
775.0,0.0006089804842268268
776.0,0.0006078550985672955
777.0,0.0006059489894764621
778.0,0.0006060549164454174
779.0,0.0006093626199759709
780.0,0.0006153111779471683
781.0,0.0006169818612319651
782.0,0.0006131393937933706
783.0,0.0006146318228542613
784.0,0.0006171876010349574
785.0,0.0006194242603799587
786.0,0.0006195334715956648
787.0,0.0006217290769994657
788.0,0.0006276774360342641
789.0,0.0006306617322206868
790.0,0.0006261375294624456
791.0,0.0006317796827190011
792.0,0.0006429638846094058
793.0,0.0006485761359627149
794.0,0.0006553983040104006
795.0,0.0006622853040811345
796.0,0.0006517598172403565
797.0,0.0006469967942450154
798.0,0.0006573031120018357
799.0,0.0006689761218569573
800.0,0.0006718822592926145
801.0,0.0006596623288382456
802.0,0.000656795354318724
803.0,0.0006666652928273276
804.0,0.000672564472285789
805.0,0.0006733281104338707
806.0,0.0006739558398088088
807.0,0.0006758325149371482
808.0,0.0006797843326882926
809.0,0.0006680432896074746
810.0,0.0006582502719182798
811.0,0.000650326469483387
812.0,0.000627029580016371
813.0,0.0006016013557235361
814.0,0.0005986022619034078
815.0,0.0006003833882080402
816.0,0.0006030300306181072
817.0,0.0005954570372269019
818.0,0.0005811082049765467
819.0,0.0005620734987344725
820.0,0.0005569960832447683
821.0,0.0005477251177959379
822.0,0.000520622633161442
823.0,0.0004978042206606133
824.0,0.00047962030030292217
825.0,0.00045915007603031477
826.0,0.00044387351353393815
827.0,0.00042670926587691705
828.0,0.0004009656450395495
829.0,0.0003748854043304482
830.0,0.0003626015869884044
831.0,0.00034497583368108177
832.0,0.00032115680533245053
833.0,0.0003096946951047806
834.0,0.00030022111903641477
835.0,0.00029457769971155234
836.0,0.0002888760717571298
837.0,0.00028539154390585527
838.0,0.0002863930363309648
839.0,0.0002756730822365102
840.0,0.00026319427680866726
841.0,0.00026171935225585577
842.0,0.0002595617709129629
843.0,0.0002572607761502939
844.0,0.00025142119978253827
845.0,0.00024426598822266637
846.0,0.00024519773973250925
847.0,0.000241959828338658
848.0,0.0002374006918231069
849.0,0.00023640360885020495
850.0,0.00023510140098947333
851.0,0.0002378820073169814
852.0,0.00023703804023836737
853.0,0.0002278874467522918
854.0,0.00020209045935524464
855.0,0.00019951597853773412
856.0,0.00020783943701502657
857.0,0.00019755185804632745
858.0,0.0001939104198932813
859.0,0.0001981188559497517
860.0,0.0001982629623790705
861.0,0.00019824236941373797
862.0,0.00018203657505397447
863.0,0.00018285132401652164
864.0,0.00018352573929921617
865.0,0.000168513698821333
866.0,0.00015805610202869182
867.0,0.0001575560777662164
868.0,0.00015977406381593044
869.0,0.00015717220480065044
870.0,0.00015611455555828574
871.0,0.00014992883985937423
872.0,0.00013573386848502996
873.0,0.00012913062698030248
874.0,0.0001353121994089432
875.0,0.0001411924976367842
876.0,0.00011997885505080071
877.0,0.00010559654274037948
878.0,0.00010140339809157842
879.0,0.00010742754461641227
880.0,0.0001237456408429381
881.0,0.000125356333625923
882.0,0.00012335598923421013
883.0,0.00011790341027757595
884.0,0.00010529701112809183
885.0,0.00010340193532175494
886.0,0.00011188596484631624
887.0,9.94534859893276e-05
888.0,7.589772136063779e-05
889.0,7.248215950209904e-05
890.0,7.787225548741337e-05
891.0,8.277961509352432e-05
892.0,6.584148883109365e-05
893.0,4.4864166063891556e-05
894.0,6.081944490838857e-05
895.0,5.5501168585668127e-05
896.0,7.026742905645039e-05
897.0,8.283342551073802e-05
898.0,5.133100791935984e-05
899.0,4.863787048387391e-05
