/begin_header
/west_longitude=UNKNOWN
/south_latitude=NA
/north_latitude=UNKNOWN
/calibration_files=NA
/cruise=NA
/station=NA
/documents=NA
/data_type=NA
/affiliations=NOAA
/experiment=NA
/units=nm,dl
/start_date=2019-08-16
/end_date=NA
/missing=9999
/start_time=09:42:17
/data_file_name=NA
/cloud_percent=NA
/water_depth=NA
/data_status=NA
/east_longitude=NA
/wind_speed=NA
/secchi=NA
/measurement_depth=NA
/fields=wavelength,rrs
/delimiter=comma
/contact=NA
/end_time=NA
/wave_height=NA
/investigators=NA
/end_header@
325.0,0.008302636598837352
326.0,0.008332673862161626
327.0,0.008291271642180763
328.0,0.008115008739886614
329.0,0.008081027263413466
330.0,0.008028175519556814
331.0,0.007915738652586948
332.0,0.007886220102894841
333.0,0.007888793791639691
334.0,0.007835316840494063
335.0,0.007845427192562416
336.0,0.007883375045932532
337.0,0.007817886097483576
338.0,0.0077083983477976275
339.0,0.007650626934540215
340.0,0.0076115814420640165
341.0,0.0076183498311071015
342.0,0.0076818515814280255
343.0,0.007651171392727396
344.0,0.007575654493233927
345.0,0.007637083853097483
346.0,0.007684302252420792
347.0,0.007701785419734089
348.0,0.007649328063081275
349.0,0.007631183565719337
350.0,0.007683539823290302
351.0,0.007706942117277552
352.0,0.007703895637596769
353.0,0.00768310777814999
354.0,0.007688640489592521
355.0,0.007725270532389384
356.0,0.007724112686058171
357.0,0.007739447399445995
358.0,0.007783870837387843
359.0,0.007753547975720839
360.0,0.007699822442394361
361.0,0.00767837856200915
362.0,0.007681390958610011
363.0,0.007685440145592255
364.0,0.00761857606599433
365.0,0.007567788831838737
366.0,0.007574968908783221
367.0,0.007570276866249487
368.0,0.0075609338740118565
369.0,0.007571789421472198
370.0,0.007546665785019007
371.0,0.007484029970560852
372.0,0.007445407674204036
373.0,0.007411055515536819
374.0,0.007365600564999549
375.0,0.007333524921327686
376.0,0.0073232192089994095
377.0,0.00729719645221755
378.0,0.007283476676771064
379.0,0.007278468845741253
380.0,0.007295439673628124
381.0,0.007280930417717131
382.0,0.007223984111295496
383.0,0.00720832258550295
384.0,0.0072077171683728024
385.0,0.007187192161262471
386.0,0.007173169607774882
387.0,0.007164244582365318
388.0,0.007141433502503002
389.0,0.007131201521002217
390.0,0.0071474610698600005
391.0,0.007127356624754324
392.0,0.007099886553206908
393.0,0.007081376091979498
394.0,0.007056526677853678
395.0,0.0070287598840353595
396.0,0.007007737588713282
397.0,0.006979738286793336
398.0,0.006943813132814909
399.0,0.00691034882595172
400.0,0.00688115671592066
401.0,0.006861020442098155
402.0,0.0068299974482999345
403.0,0.006792414337606099
404.0,0.00675747958199637
405.0,0.0067357293686809245
406.0,0.006724497432267322
407.0,0.0066893978757340935
408.0,0.006643734891014231
409.0,0.006608859847169926
410.0,0.006574710900798138
411.0,0.006543347443819361
412.0,0.006511838786147618
413.0,0.006484431425380471
414.0,0.00646067664447506
415.0,0.00644668772369157
416.0,0.00644291307806205
417.0,0.0064389701065850555
418.0,0.006434298731937514
419.0,0.006430658543638036
420.0,0.006434820117142653
421.0,0.006439175595035612
422.0,0.006432428569227008
423.0,0.0064321555372511925
424.0,0.0064468114335936005
425.0,0.006463475284776811
426.0,0.006475540305675219
427.0,0.006484711644963423
428.0,0.006485318172585003
429.0,0.0064842884170566465
430.0,0.006481041329219901
431.0,0.006473525860028154
432.0,0.006464144431127587
433.0,0.006460139902750244
434.0,0.0064587638345535115
435.0,0.006456386565663266
436.0,0.006452110594229223
437.0,0.006458472744813636
438.0,0.006484006925156119
439.0,0.006515291824042149
440.0,0.006552835166582926
441.0,0.006602400158880512
442.0,0.006661153903239833
443.0,0.006728036519158589
444.0,0.0068038000778948395
445.0,0.006893391550024765
446.0,0.007004451113698408
447.0,0.007122936592445528
448.0,0.00724748854751092
449.0,0.007377580689276839
450.0,0.007510726957211019
451.0,0.007646529459091375
452.0,0.007783294937974054
453.0,0.00792108795349676
454.0,0.008051714520009221
455.0,0.008175490384158187
456.0,0.008292344158115823
457.0,0.00840108969222901
458.0,0.008497153077906706
459.0,0.008586245876306544
460.0,0.008671113828065343
461.0,0.008753527294170475
462.0,0.00883385245108054
463.0,0.008911908809271974
464.0,0.008987112546858677
465.0,0.009060237820828657
466.0,0.00914099211831616
467.0,0.009228662403486045
468.0,0.009321276881982175
469.0,0.009412736133351219
470.0,0.009496890591338762
471.0,0.009584020702526497
472.0,0.00967548664980206
473.0,0.009768664597904871
474.0,0.009856089672406575
475.0,0.009938700005101988
476.0,0.010023009766604456
477.0,0.010102031563966645
478.0,0.010176199653309318
479.0,0.010241957224494069
480.0,0.010302194592431669
481.0,0.010366697761128245
482.0,0.010432004142450792
483.0,0.01049214137497196
484.0,0.010551190623851967
485.0,0.01061212886434803
486.0,0.01067219414079431
487.0,0.010729832457436842
488.0,0.010785636393980929
489.0,0.010835392430725422
490.0,0.010889004068711319
491.0,0.010955836236351562
492.0,0.011031062161329907
493.0,0.011115170570920582
494.0,0.011207646502081009
495.0,0.011312198961774838
496.0,0.01142826863017472
497.0,0.011562074097855276
498.0,0.011708467936312337
499.0,0.011859101427926705
500.0,0.012031766201681858
501.0,0.012225116619752546
502.0,0.012416718876928632
503.0,0.01262208234297626
504.0,0.012847027454655649
505.0,0.013077877760809353
506.0,0.013314514523280776
507.0,0.013554264533616387
508.0,0.013803045913784746
509.0,0.014062944092374957
510.0,0.014322380204830518
511.0,0.014588419549416204
512.0,0.014867260704655369
513.0,0.015166720847068493
514.0,0.015487169116943183
515.0,0.01582307683978816
516.0,0.016178758980403333
517.0,0.01655592242704438
518.0,0.016950449406948127
519.0,0.01734264458707798
520.0,0.0177172694022112
521.0,0.01809460358898731
522.0,0.018485191649104254
523.0,0.018882972881201117
524.0,0.01929075671666537
525.0,0.0197051080538109
526.0,0.020131541731361134
527.0,0.020564720828697484
528.0,0.020991079048964217
529.0,0.021402034542444374
530.0,0.021799897250611083
531.0,0.02220597238150237
532.0,0.02261815822886446
533.0,0.023029465621473656
534.0,0.02342873245568018
535.0,0.02380798871319083
536.0,0.024174641937521595
537.0,0.024529987065956705
538.0,0.024872981995077568
539.0,0.025197670014548902
540.0,0.02550380700615277
541.0,0.02579312111911844
542.0,0.026056227185091724
543.0,0.026290599664405473
544.0,0.026501932347921642
545.0,0.026686898857464326
546.0,0.026840615194988114
547.0,0.026960570975499903
548.0,0.027050922325367537
549.0,0.02712165260237251
550.0,0.027172709038640802
551.0,0.027209908771727197
552.0,0.027237354993804242
553.0,0.0272510804578579
554.0,0.02724722047825237
555.0,0.02722283429364525
556.0,0.02717793714504117
557.0,0.02711623173561587
558.0,0.027032424530049566
559.0,0.02692383190490146
560.0,0.026792160622699908
561.0,0.026641672420137485
562.0,0.0264743761493014
563.0,0.02628525894686016
564.0,0.02607364678819497
565.0,0.025835233048134676
566.0,0.02557732383646775
567.0,0.025303108290407533
568.0,0.02500066133097189
569.0,0.024672830514533745
570.0,0.0243306670715806
571.0,0.023966853781041714
572.0,0.023585952204533998
573.0,0.023204722495478926
574.0,0.022816742090071583
575.0,0.02241301645742678
576.0,0.021997189975586643
577.0,0.021571145757956305
578.0,0.021141105598419113
579.0,0.020697878274465085
580.0,0.020246950845642313
581.0,0.019793833713960395
582.0,0.019340776067675015
583.0,0.018885943925591602
584.0,0.0184353860985695
585.0,0.017989901616061052
586.0,0.01755470266211525
587.0,0.017128912562945575
588.0,0.016708883568804105
589.0,0.016277868017083398
590.0,0.015837681072658306
591.0,0.015410498418543531
592.0,0.01500269235099749
593.0,0.014589977385265874
594.0,0.014160909259041055
595.0,0.013707159314976047
596.0,0.013233973812692002
597.0,0.012747946156575426
598.0,0.012259294167007044
599.0,0.011778789446477488
600.0,0.01133406820434702
601.0,0.01094856227399509
602.0,0.010629425963748173
603.0,0.01037348238396681
604.0,0.010160144092940294
605.0,0.009992781212228822
606.0,0.00986151181651799
607.0,0.009727694131707093
608.0,0.00959563777564266
609.0,0.009480274979240777
610.0,0.009365074942833212
611.0,0.009253513255605094
612.0,0.009156277706010522
613.0,0.009060848530648664
614.0,0.008957563376798655
615.0,0.008857156902599686
616.0,0.00876289655767594
617.0,0.008675204901986049
618.0,0.008597498002790629
619.0,0.008530674985514752
620.0,0.008475955999514607
621.0,0.008426473267904598
622.0,0.00838086223760601
623.0,0.008344151629358134
624.0,0.00831385028981822
625.0,0.008284814162609946
626.0,0.008267940217069844
627.0,0.008258483185257522
628.0,0.008254032959689836
629.0,0.00825555751713975
630.0,0.008264919433062939
631.0,0.008274203059906993
632.0,0.008288394317953343
633.0,0.008315504107021579
634.0,0.008352127044924131
635.0,0.008394488374921318
636.0,0.008439691413974982
637.0,0.008489199439095941
638.0,0.008534558279733562
639.0,0.008576146529821714
640.0,0.008618085354164313
641.0,0.008664072595951613
642.0,0.008699893023880103
643.0,0.00871839456259178
644.0,0.008740891762776074
645.0,0.008767430786266291
646.0,0.008783682334960758
647.0,0.008790391800833798
648.0,0.00879156877387203
649.0,0.008765075179810627
650.0,0.008719070755938401
651.0,0.008667216167702631
652.0,0.00859235460626922
653.0,0.00849473380022968
654.0,0.008402603333192833
655.0,0.008277765230712818
656.0,0.008087084309133465
657.0,0.007838570521450152
658.0,0.007575998773388916
659.0,0.007341866271902302
660.0,0.007112830839424841
661.0,0.006885978516741273
662.0,0.006656677881740287
663.0,0.006431842711650937
664.0,0.006221183903707109
665.0,0.006025189875022778
666.0,0.005840535898344658
667.0,0.005664098599389452
668.0,0.005514200031839214
669.0,0.0053958218374829114
670.0,0.0052966920864065395
671.0,0.005218561372753757
672.0,0.005161576498173731
673.0,0.0051142308415143296
674.0,0.005077108609061284
675.0,0.005065764400004937
676.0,0.005062103263085006
677.0,0.005063821465107135
678.0,0.0050906466454855035
679.0,0.005139755512957354
680.0,0.005198001977699621
681.0,0.005282876853719227
682.0,0.005404244276272005
683.0,0.00554634677474866
684.0,0.005718093647955958
685.0,0.005954745557462806
686.0,0.0062552763824192045
687.0,0.006604676382503835
688.0,0.006875144215110321
689.0,0.00711113098878364
690.0,0.0073691369591726424
691.0,0.00765007281779125
692.0,0.007953393845547272
693.0,0.008265696365897416
694.0,0.008554696108039803
695.0,0.00880067494991049
696.0,0.009019972853491794
697.0,0.00920698005036212
698.0,0.009359110010055438
699.0,0.009477314743784538
700.0,0.009554222504433526
701.0,0.009575675905423218
702.0,0.009555302731590522
703.0,0.009502823929389951
704.0,0.009422686639858594
705.0,0.00932060531591441
706.0,0.009199003840415238
707.0,0.00905079717133642
708.0,0.008876684624384783
709.0,0.008683650911791537
710.0,0.008476777651043706
711.0,0.00825578861500086
712.0,0.008015750332500782
713.0,0.007764992850434496
714.0,0.007522594861419173
715.0,0.007299883920675948
716.0,0.007088974110959982
717.0,0.006874517013916964
718.0,0.006632090795956292
719.0,0.006362646926343656
720.0,0.00608291918336189
721.0,0.005834035777082425
722.0,0.005624696431522911
723.0,0.0054178426101889575
724.0,0.005194851323390029
725.0,0.0049767327806314165
726.0,0.004755778711125254
727.0,0.004514235573265163
728.0,0.004269829580612406
729.0,0.00402210347644583
730.0,0.003760913212141958
731.0,0.0035055784060232867
732.0,0.003281220427190764
733.0,0.003101220266819254
734.0,0.0029539527084268594
735.0,0.0028271856783503605
736.0,0.00272302864221115
737.0,0.0026474391595885274
738.0,0.0025938460081173513
739.0,0.0025518496544478094
740.0,0.002512201054495411
741.0,0.002485203719057365
742.0,0.002469406207042388
743.0,0.0024528620433726784
744.0,0.002436313798593698
745.0,0.002422937782420672
746.0,0.0024175140193841284
747.0,0.002416272585204851
748.0,0.0024088688999846456
749.0,0.0023997391608051536
750.0,0.002390185377169312
751.0,0.0023732926639932024
752.0,0.0023644859728915715
753.0,0.0023579366807241348
754.0,0.0023494184192386844
755.0,0.0023409111927916943
756.0,0.002338247687902335
757.0,0.0023423522879310685
758.0,0.002355204464456935
759.0,0.0023776544383639063
760.0,0.002405064018961295
761.0,0.0024022371629590254
762.0,0.002393008361171408
763.0,0.0023706505090393647
764.0,0.0023314687854037947
765.0,0.0023175688356382373
766.0,0.0023191282466411113
767.0,0.0023141906301632565
768.0,0.002312264019154713
769.0,0.0023155692142762477
770.0,0.002321206122614664
771.0,0.002327833382977287
772.0,0.002338970263015044
773.0,0.0023507039006648773
774.0,0.0023605244404906944
775.0,0.0023703202301082167
776.0,0.002381272728541347
777.0,0.0023901145171404776
778.0,0.002399437166224598
779.0,0.002415013778445027
780.0,0.0024356924519369576
781.0,0.0024529855389478945
782.0,0.0024704021458409843
783.0,0.0024980060491320366
784.0,0.0025220979685762145
785.0,0.002528848558432425
786.0,0.0025545055015927876
787.0,0.0025943582387073917
788.0,0.002604411908549284
789.0,0.0026220646582286395
790.0,0.0026558148812441196
791.0,0.002681382447018747
792.0,0.002703528616447734
793.0,0.0027350561299793403
794.0,0.0027659361451681814
795.0,0.002794091301334982
796.0,0.0028286806393362177
797.0,0.002848999022389008
798.0,0.0028592407652220783
799.0,0.002888460332866382
800.0,0.002918720738370872
801.0,0.0029335073821844223
802.0,0.0029517862842451804
803.0,0.0029700759147870863
804.0,0.002978974054495127
805.0,0.002978800012805767
806.0,0.0029749614008488675
807.0,0.00296330027136935
808.0,0.002952921891322891
809.0,0.002955123555348715
810.0,0.002950805520552471
811.0,0.0029304853099875747
812.0,0.002898103368369777
813.0,0.002864960616707953
814.0,0.0028470337290326204
815.0,0.0028098411885345035
816.0,0.002760354535140294
817.0,0.002705650660503815
818.0,0.0026500909705254117
819.0,0.0025989192295334334
820.0,0.0025366257509287166
821.0,0.0024647792177592007
822.0,0.002370772265760595
823.0,0.002294258447736298
824.0,0.0022200199188387075
825.0,0.0021119245481875716
826.0,0.0019969134550524774
827.0,0.0018755260177640725
828.0,0.0017629015382412262
829.0,0.001654683559085722
830.0,0.0015491081828256836
831.0,0.0014559292028073116
832.0,0.0013762059023643652
833.0,0.001321560444706672
834.0,0.001274720115604577
835.0,0.0012296989765244065
836.0,0.0011897169434736889
837.0,0.0011504363998473095
838.0,0.0011243215863648004
839.0,0.001114534587857961
840.0,0.0011030102386084335
841.0,0.0010799511175311482
842.0,0.0010524188574735456
843.0,0.0010308920878875603
844.0,0.0010162218995424812
845.0,0.001001691736388084
846.0,0.000999251103193705
847.0,0.0009824317004767406
848.0,0.0009537733261294635
849.0,0.0009313315732214463
850.0,0.0009223367228945045
851.0,0.0009178441876269214
852.0,0.0009015874170855077
853.0,0.0008894821617492195
854.0,0.0008849352432429791
855.0,0.0008678956259952755
856.0,0.0008396368532493963
857.0,0.0008370586205043443
858.0,0.0008192807413000102
859.0,0.0007872802871297085
860.0,0.0007684444362512568
861.0,0.0007575844556728867
862.0,0.0007541405961983091
863.0,0.0007526600444300053
864.0,0.0007462426307794668
865.0,0.0007271459013127313
866.0,0.0007205771414084941
867.0,0.0007181916407764062
868.0,0.0007068488979606561
869.0,0.0006949221862660243
870.0,0.0006645328969176216
871.0,0.0006420413600400855
872.0,0.0006272941270073653
873.0,0.0006002217327183044
874.0,0.0005825309134742248
875.0,0.0005733320722861586
876.0,0.00057053692652643
877.0,0.0005487108508610846
878.0,0.0005235777229321507
879.0,0.000498487822671853
880.0,0.0004728519384230078
881.0,0.00046805094604780294
882.0,0.000466070358074117
883.0,0.00045886519927546677
884.0,0.0004275359135939336
885.0,0.00040036377246512056
886.0,0.00038284466584187813
887.0,0.00037742993284504023
888.0,0.0003715905386160479
889.0,0.00033308231482667504
890.0,0.0003316604768341478
891.0,0.0003465865750816405
892.0,0.00033491859159358274
893.0,0.0003227639612825168
894.0,0.00031118114530430917
895.0,0.00025097173906575814
896.0,0.00020273778262505873
897.0,0.00020811593910088417
898.0,0.00022880313262134828
899.0,0.00023942493545481524
