/begin_header
/west_longitude=UNKNOWN
/south_latitude=NA
/north_latitude=UNKNOWN
/calibration_files=NA
/cruise=NA
/station=NA
/documents=NA
/data_type=NA
/affiliations=NOAA
/experiment=NA
/units=nm,dl
/start_date=2019-08-12
/end_date=NA
/missing=9999
/start_time=11:16:37
/data_file_name=NA
/cloud_percent=NA
/water_depth=NA
/data_status=NA
/east_longitude=NA
/wind_speed=NA
/secchi=NA
/measurement_depth=NA
/fields=wavelength,rrs
/delimiter=comma
/contact=NA
/end_time=NA
/wave_height=NA
/investigators=NA
/end_header@
325.0,0.006746843220565868
326.0,0.006730805765753925
327.0,0.00667220185167256
328.0,0.006631419085980329
329.0,0.0065668958980865345
330.0,0.006545429635683879
331.0,0.006581971703560671
332.0,0.0065323110810435805
333.0,0.0064633207453012095
334.0,0.006419401715173514
335.0,0.006391360019829163
336.0,0.006350156056238671
337.0,0.006296923923437154
338.0,0.006238446524711302
339.0,0.006199782364489177
340.0,0.006185835484889446
341.0,0.006147316160662279
342.0,0.0061081611970033416
343.0,0.006060384394482231
344.0,0.006014809908048269
345.0,0.0060062534486795055
346.0,0.005997893053135325
347.0,0.005957796948142987
348.0,0.0059020618851917
349.0,0.005856558963255796
350.0,0.0058383943253085
351.0,0.005816526617564535
352.0,0.005775066208508445
353.0,0.0057410954021574635
354.0,0.005711598033529939
355.0,0.005679396121142308
356.0,0.005656765215582496
357.0,0.00562834438916286
358.0,0.005593151742171694
359.0,0.005563808485006443
360.0,0.0055333145064683535
361.0,0.005496187734522102
362.0,0.005453313642171208
363.0,0.005414343973683037
364.0,0.005415971664741124
365.0,0.005405335234875866
366.0,0.0053547861835465255
367.0,0.005308272126811576
368.0,0.00528757906374674
369.0,0.005296660679294432
370.0,0.00529121131465413
371.0,0.005264783021625668
372.0,0.005220735050450867
373.0,0.0051771662449405205
374.0,0.005156529375779184
375.0,0.005133810032539519
376.0,0.0051077486431707125
377.0,0.005080706280023001
378.0,0.005067357189326965
379.0,0.005062035961159918
380.0,0.005025148897061261
381.0,0.004985873174390382
382.0,0.00496245175373751
383.0,0.004948476328881858
384.0,0.00493183100375759
385.0,0.0049151100400094145
386.0,0.00489054160104531
387.0,0.0048577191266185715
388.0,0.004832798196048331
389.0,0.004811254716420714
390.0,0.0047864356290921615
391.0,0.004765794272768335
392.0,0.004747708933133152
393.0,0.004728264031845192
394.0,0.004703510745787357
395.0,0.004672304130928194
396.0,0.0046365874258827815
397.0,0.004605485638596659
398.0,0.004578352568045241
399.0,0.004539428323902133
400.0,0.004500689756482271
401.0,0.004474855255313451
402.0,0.004456184602964786
403.0,0.0044379152183484805
404.0,0.004415478343129
405.0,0.0043946625271015696
406.0,0.004373811239763837
407.0,0.004348439474587605
408.0,0.004319304510979309
409.0,0.004292125677260229
410.0,0.004270851577560339
411.0,0.004253414768413297
412.0,0.004234749920518635
413.0,0.004218929108541416
414.0,0.004204082600229153
415.0,0.004190609989689108
416.0,0.004181608708053844
417.0,0.004176882554873996
418.0,0.004169156035559974
419.0,0.004160247164511433
420.0,0.004154310108981178
421.0,0.004150005523602328
422.0,0.004146800443719843
423.0,0.004148447672240826
424.0,0.004148908750052024
425.0,0.004143899357489479
426.0,0.004141790444613817
427.0,0.004144133759279951
428.0,0.0041385597307839455
429.0,0.004134552521477758
430.0,0.00413848137507619
431.0,0.004135479909061758
432.0,0.004127337506477069
433.0,0.0041258000424594776
434.0,0.004125069562475235
435.0,0.004125270707340768
436.0,0.004126217454673782
437.0,0.00412703472733643
438.0,0.004131140726532782
439.0,0.004143284873364058
440.0,0.0041593251726622805
441.0,0.004174688111928808
442.0,0.004191590598715324
443.0,0.004211581633193655
444.0,0.00423541565787906
445.0,0.004262294931002965
446.0,0.004292913554534398
447.0,0.00432536706234147
448.0,0.004360111477107245
449.0,0.004394356069437337
450.0,0.0044270293521117745
451.0,0.004459014540310427
452.0,0.0044934366848266545
453.0,0.004527487097665245
454.0,0.004560186941967853
455.0,0.004588718199913446
456.0,0.004614174258523214
457.0,0.004640764706113464
458.0,0.004665398000350959
459.0,0.004686375205753422
460.0,0.004707985948835654
461.0,0.004730217472807526
462.0,0.004754026891000114
463.0,0.004778120386097789
464.0,0.004802118858496103
465.0,0.004828196381376102
466.0,0.004854366614794343
467.0,0.004880402461561773
468.0,0.0049069791662700755
469.0,0.0049346004097389215
470.0,0.004963053638042156
471.0,0.004991807013916892
472.0,0.005018804319305974
473.0,0.005043652506074677
474.0,0.005070280034491416
475.0,0.005099982217247176
476.0,0.0051293884308841655
477.0,0.005158410681566883
478.0,0.00518705135624031
479.0,0.005214824961238594
480.0,0.005241118607211426
481.0,0.005268988086610844
482.0,0.005298065985897139
483.0,0.005327429531937126
484.0,0.005357244406376259
485.0,0.005386301501479358
486.0,0.0054161764309980185
487.0,0.005444016545847269
488.0,0.005470521948940629
489.0,0.0054999726463306805
490.0,0.00553046755646938
491.0,0.005562607321029406
492.0,0.005596913664736888
493.0,0.005635270615908427
494.0,0.0056795470274569725
495.0,0.00572623552876828
496.0,0.005774254135470562
497.0,0.00582688364835769
498.0,0.0058842401919006835
499.0,0.005945063350617357
500.0,0.006011781649983014
501.0,0.006084597972202178
502.0,0.006158941928694992
503.0,0.006235026464489291
504.0,0.006313714444728733
505.0,0.006394655961426865
506.0,0.006479964916832298
507.0,0.006569040097333868
508.0,0.006662029053553936
509.0,0.006758097772053559
510.0,0.0068528736427840384
511.0,0.006948432909777233
512.0,0.007049164950127302
513.0,0.0071512947842915925
514.0,0.007255611735648674
515.0,0.007362549664972043
516.0,0.007476541457089638
517.0,0.007597991297910153
518.0,0.007713690807874154
519.0,0.007823060650403396
520.0,0.007933809076267739
521.0,0.008041779097915314
522.0,0.008147586893221146
523.0,0.008254517212470556
524.0,0.008363348825121523
525.0,0.008473290008309741
526.0,0.00858200681461596
527.0,0.008690343139257362
528.0,0.008793265214294877
529.0,0.008892157273170753
530.0,0.008988641936502614
531.0,0.009086385929184149
532.0,0.009183901429585027
533.0,0.009281242400274371
534.0,0.009375739143060773
535.0,0.009466564661371258
536.0,0.009557127654093365
537.0,0.009645174444464557
538.0,0.009731390890981673
539.0,0.00981484791983945
540.0,0.009895188658868608
541.0,0.00997320221721276
542.0,0.010050879549215063
543.0,0.0101269109613682
544.0,0.010197468274545918
545.0,0.010267588215217612
546.0,0.010336808373944604
547.0,0.010400290475478123
548.0,0.010461433842626456
549.0,0.010522792624766446
550.0,0.010584958329338078
551.0,0.01064812709040876
552.0,0.010709004553715555
553.0,0.010770322329632353
554.0,0.010831907337303381
555.0,0.010891957915483055
556.0,0.010949352604143755
557.0,0.011004091678980447
558.0,0.011054450956333714
559.0,0.011098517667550295
560.0,0.011140841784180868
561.0,0.011178043771700261
562.0,0.011209193120537215
563.0,0.011233427358062733
564.0,0.011251773870582966
565.0,0.0112686227223774
566.0,0.011280789567476034
567.0,0.011285623621239492
568.0,0.011283956901357745
569.0,0.011277215751817147
570.0,0.011267419209340674
571.0,0.011251474726379418
572.0,0.011230275216745559
573.0,0.01120619892548659
574.0,0.011177800062560394
575.0,0.01114349921002524
576.0,0.011104654397639652
577.0,0.011061422294840044
578.0,0.011011704406561091
579.0,0.010955084212296354
580.0,0.010890956520731934
581.0,0.01081746177139264
582.0,0.010736584175247777
583.0,0.01065309203705703
584.0,0.01056422490373387
585.0,0.010468689451912955
586.0,0.010372052308847945
587.0,0.010273070812209285
588.0,0.010167079991675173
589.0,0.01005302223920899
590.0,0.00993342457872309
591.0,0.009814609657546984
592.0,0.00969553252186086
593.0,0.009571846675810732
594.0,0.009432648782891311
595.0,0.00927605248981937
596.0,0.009104814632325906
597.0,0.008917374532626709
598.0,0.008717123509815324
599.0,0.008514668108118656
600.0,0.008323804480236952
601.0,0.008156272318802043
602.0,0.008020155534831121
603.0,0.00791499461741563
604.0,0.007834602697251374
605.0,0.0077687473412816396
606.0,0.007709255921044496
607.0,0.007658236108802801
608.0,0.007612435571320983
609.0,0.007565863758827377
610.0,0.007517508921071237
611.0,0.007467570410977618
612.0,0.007415973493055107
613.0,0.007365483781014053
614.0,0.007316975720381193
615.0,0.007268932445880722
616.0,0.007221039828981185
617.0,0.007172797805625566
618.0,0.0071278492748600725
619.0,0.007088977056150308
620.0,0.007056284366028098
621.0,0.007025886023908289
622.0,0.006995532863054791
623.0,0.00696878288586016
624.0,0.006946099984218945
625.0,0.006924649944320146
626.0,0.006902782879896693
627.0,0.006884577211372195
628.0,0.006866368683277585
629.0,0.006851165650827183
630.0,0.006842986654604653
631.0,0.006835071822358409
632.0,0.00682713567936605
633.0,0.006824843254596874
634.0,0.006824998341002747
635.0,0.006822474904797425
636.0,0.006818964621677552
637.0,0.006816189386004765
638.0,0.006822991957858057
639.0,0.0068282006105539125
640.0,0.006826658641920119
641.0,0.006822028368042845
642.0,0.006816225360342874
643.0,0.006807958917095333
644.0,0.006796325542975189
645.0,0.00678048853049406
646.0,0.006760284209352539
647.0,0.006740108113186667
648.0,0.006717882491966963
649.0,0.006689730523193308
650.0,0.0066520822384353185
651.0,0.006603850588896525
652.0,0.006549359955677977
653.0,0.006487164785472526
654.0,0.006415675161548111
655.0,0.006319507332412927
656.0,0.0061894763005536455
657.0,0.006040654072049245
658.0,0.005894198610030986
659.0,0.005761136175710919
660.0,0.005632846426125681
661.0,0.005509469367601287
662.0,0.0053995313093763335
663.0,0.005296249000489731
664.0,0.005197358802009996
665.0,0.005103483004742762
666.0,0.0050160610042995655
667.0,0.004935517206706627
668.0,0.004868990031094952
669.0,0.004822431860466092
670.0,0.004783925462963209
671.0,0.004752585819851281
672.0,0.004730521020363291
673.0,0.004716961374564203
674.0,0.004711432900277869
675.0,0.0047100693568853606
676.0,0.004713554810496378
677.0,0.004725462836394292
678.0,0.004747774640202943
679.0,0.004781819186985656
680.0,0.004824461876858605
681.0,0.00487867772956402
682.0,0.0049467220621239845
683.0,0.005024028757225957
684.0,0.005119406008095318
685.0,0.005247188011410221
686.0,0.00539297816891334
687.0,0.005539172932457035
688.0,0.005628325436563832
689.0,0.005688287411689618
690.0,0.005750318706897914
691.0,0.005805230177504939
692.0,0.005854639513771501
693.0,0.005901104264625032
694.0,0.005931466731176451
695.0,0.005938687795598539
696.0,0.005924616424415149
697.0,0.005896895065831521
698.0,0.00586164102931207
699.0,0.005812064503214976
700.0,0.005746486915569468
701.0,0.005665265211084814
702.0,0.005570921376481981
703.0,0.005464018704101308
704.0,0.005346205922037222
705.0,0.005220783268165778
706.0,0.005093890568653124
707.0,0.004961679268178303
708.0,0.004821674149175672
709.0,0.004669366869769455
710.0,0.004512329546873458
711.0,0.004355955984807499
712.0,0.004191997554964846
713.0,0.004026898711395422
714.0,0.0038673276610040478
715.0,0.003715410714635217
716.0,0.0035659215023797096
717.0,0.003426248123423541
718.0,0.0032811861041524603
719.0,0.0031279845072727714
720.0,0.0029779896420809053
721.0,0.002846877780494531
722.0,0.0027362938482185474
723.0,0.0026283805580538805
724.0,0.0025160525402436245
725.0,0.0024024372809999237
726.0,0.002292815971091342
727.0,0.002187819054345674
728.0,0.0020760308553111973
729.0,0.001957189194982611
730.0,0.0018510888108689318
731.0,0.0017518165875229082
732.0,0.0016595876912655519
733.0,0.001586590811682428
734.0,0.0015268293961756543
735.0,0.0014763475432948213
736.0,0.0014352853843407247
737.0,0.0014042884333726737
738.0,0.001376642720605988
739.0,0.0013567933030351179
740.0,0.0013483699928603411
741.0,0.001339339153219717
742.0,0.001327501366047263
743.0,0.0013214285343119863
744.0,0.0013128422082056418
745.0,0.001301546000900184
746.0,0.0012970475689992509
747.0,0.0012938355640070153
748.0,0.0012884226174100124
749.0,0.0012830015284515095
750.0,0.0012782106884241095
751.0,0.0012713132029062585
752.0,0.0012644014485578866
753.0,0.0012592685047657106
754.0,0.0012567939084918343
755.0,0.0012542579904160202
756.0,0.0012501851528466843
757.0,0.0012494895160565429
758.0,0.0012533051250811732
759.0,0.0012622519388071109
760.0,0.0012707535663264505
761.0,0.0012592033099945207
762.0,0.0012421954642809882
763.0,0.0012277177423545543
764.0,0.0012213905731499187
765.0,0.0012182502469794646
766.0,0.001217641697199671
767.0,0.0012154524088904995
768.0,0.0012127338506329505
769.0,0.0012160497913728497
770.0,0.0012191396259985396
771.0,0.0012205354134205172
772.0,0.0012196602052507457
773.0,0.001220335563236828
774.0,0.0012248574155405104
775.0,0.001229424280358306
776.0,0.001234144514349535
777.0,0.001235245335480513
778.0,0.001240279993358692
779.0,0.0012480310164512984
780.0,0.0012514848779163622
781.0,0.0012569576244887814
782.0,0.0012640878471207747
783.0,0.0012711630622256162
784.0,0.0012774249857458952
785.0,0.0012844072122773589
786.0,0.001290131587605331
787.0,0.0012958809612030055
788.0,0.001306847858281544
789.0,0.0013192900257143604
790.0,0.001327451077605519
791.0,0.0013355626187320417
792.0,0.0013442726212345908
793.0,0.0013556635838929605
794.0,0.001369876290089523
795.0,0.00138416555415795
796.0,0.0013931875993907269
797.0,0.0013980101134259157
798.0,0.0014024757009341773
799.0,0.0014098669374230989
800.0,0.0014204529508727085
801.0,0.0014334509284625444
802.0,0.0014384741725143248
803.0,0.001434277346114356
804.0,0.001438721938347935
805.0,0.0014434778838851815
806.0,0.0014431364609834023
807.0,0.001444378836616389
808.0,0.0014434308024151542
809.0,0.0014379849077067652
810.0,0.0014324548453324508
811.0,0.0014269650825801971
812.0,0.0014162355027008684
813.0,0.0014004329927538846
814.0,0.0013819807097700204
815.0,0.001364892772365865
816.0,0.001351936788469093
817.0,0.0013348543593846986
818.0,0.0013144800364668567
819.0,0.0012943848092881911
820.0,0.001277220424459282
821.0,0.0012537618944912956
822.0,0.0012175186233807148
823.0,0.0011842554920420945
824.0,0.0011495017611385233
825.0,0.001110619443087053
826.0,0.001069370665431087
827.0,0.0010264932644401753
828.0,0.0009888609019550617
829.0,0.0009535541578996543
830.0,0.0009159023663967378
831.0,0.0008819919279720453
832.0,0.0008540640971007685
833.0,0.0008300724260068791
834.0,0.0008093248418165633
835.0,0.000796452234387504
836.0,0.000792014359398291
837.0,0.000786845611140773
838.0,0.0007717521604673172
839.0,0.0007560528454692474
840.0,0.0007422488056106982
841.0,0.0007408931836642531
842.0,0.0007393884624622438
843.0,0.0007308860859256679
844.0,0.000724621059401778
845.0,0.0007218799665580169
846.0,0.0007187367368811854
847.0,0.0007117361171374641
848.0,0.0007060115483936911
849.0,0.0007021928291770219
850.0,0.0006934600401619024
851.0,0.0006822439360371193
852.0,0.000683578436062947
853.0,0.0006815890586055134
854.0,0.0006704879014590383
855.0,0.0006657344594087136
856.0,0.0006641599084150887
857.0,0.000654480385333868
858.0,0.0006504418959770325
859.0,0.0006538615560374603
860.0,0.0006444686406945099
861.0,0.0006362378133101776
862.0,0.0006326187236546675
863.0,0.0006222320818512299
864.0,0.0006141482586579453
865.0,0.0006156058540166296
866.0,0.0006203007397173277
867.0,0.0006229725369568359
868.0,0.0006123457133089373
869.0,0.0005926861329246568
870.0,0.0005825717631276762
871.0,0.0005840320484144246
872.0,0.0005831582207809305
873.0,0.0005794677378239086
874.0,0.0005709665158574971
875.0,0.0005594086892826524
876.0,0.0005588127342247641
877.0,0.0005592272401571439
878.0,0.0005474356155731697
879.0,0.0005345703779535021
880.0,0.0005278684906684655
881.0,0.0005233125725622701
882.0,0.0005235580658672372
883.0,0.0005236621810599582
884.0,0.0005206501058159737
885.0,0.0005141079374409743
886.0,0.0005000025749602192
887.0,0.0004922309966102022
888.0,0.0004873082194421778
889.0,0.0004788616155023863
890.0,0.0004720324930039773
891.0,0.00046489001152075346
892.0,0.00046284167616086387
893.0,0.0004585492261458669
894.0,0.0004470493107186084
895.0,0.00043694667123187516
896.0,0.0004428863092608202
897.0,0.0004502966947488787
898.0,0.0004355864295946172
899.0,0.00041351739876985575
