/begin_header
/west_longitude=UNKNOWN
/south_latitude=NA
/north_latitude=UNKNOWN
/calibration_files=NA
/cruise=NA
/station=NA
/documents=NA
/data_type=NA
/affiliations=NOAA
/experiment=NA
/units=nm,dl
/start_date=2019-08-07
/end_date=NA
/missing=9999
/start_time=11:57:45
/data_file_name=NA
/cloud_percent=NA
/water_depth=NA
/data_status=NA
/east_longitude=NA
/wind_speed=NA
/secchi=NA
/measurement_depth=NA
/fields=wavelength,rrs
/delimiter=comma
/contact=NA
/end_time=NA
/wave_height=NA
/investigators=NA
/end_header@
325.0,0.016115210807355073
326.0,0.016065821492735798
327.0,0.01598771992558097
328.0,0.015888959379094326
329.0,0.015855231595133502
330.0,0.015822241288095226
331.0,0.01570284451969077
332.0,0.0156479747653474
333.0,0.01556539918587396
334.0,0.015477912294186203
335.0,0.01541280495627589
336.0,0.015363854560010368
337.0,0.01532394971566058
338.0,0.015257421220857086
339.0,0.015144794388581701
340.0,0.015125942458717298
341.0,0.015115906919960787
342.0,0.015033567699593981
343.0,0.014983190224914154
344.0,0.014968755737053436
345.0,0.014929262603633198
346.0,0.014890350124717882
347.0,0.014870863041353733
348.0,0.01483397173908656
349.0,0.014806423337627727
350.0,0.014809083214855998
351.0,0.014801113031284886
352.0,0.014769802078922308
353.0,0.014760774515493841
354.0,0.014739734352338607
355.0,0.014705557366114327
356.0,0.0146720765378682
357.0,0.014637719411161728
358.0,0.014592883202855034
359.0,0.014579591553379592
360.0,0.014559778469037674
361.0,0.014490858188195191
362.0,0.01443680997522567
363.0,0.014406018927398224
364.0,0.014366573004249941
365.0,0.014320345952747868
366.0,0.014253589000876227
367.0,0.014204485415185064
368.0,0.014178750854542944
369.0,0.014129340981675792
370.0,0.014074975356546393
371.0,0.014018323512545025
372.0,0.01394784394241184
373.0,0.01388339292766029
374.0,0.013834538197984178
375.0,0.013762582096366166
376.0,0.013696320448504579
377.0,0.013660936714545022
378.0,0.013621905724948206
379.0,0.013565551553994457
380.0,0.013510072260723992
381.0,0.013459495644979719
382.0,0.013425207666476915
383.0,0.013394893048635337
384.0,0.013365247099480107
385.0,0.013338987072508232
386.0,0.013295306800563105
387.0,0.013243947108090227
388.0,0.013194685306182462
389.0,0.013163457842971505
390.0,0.01314123469314856
391.0,0.013115837784097566
392.0,0.01308279385758441
393.0,0.013055601328539775
394.0,0.013007511636761773
395.0,0.012936194579320017
396.0,0.012879941968871711
397.0,0.012825484762190828
398.0,0.012771863057432173
399.0,0.012711124988090433
400.0,0.01265464933511235
401.0,0.012599102598438338
402.0,0.012544024786174807
403.0,0.012487698103938872
404.0,0.012422628272316391
405.0,0.012355759573352849
406.0,0.012283052302958623
407.0,0.012210329403593925
408.0,0.012134319372681963
409.0,0.012051840541779966
410.0,0.011974068648960343
411.0,0.011901755506535766
412.0,0.011830031250157844
413.0,0.011767174005384202
414.0,0.01171247109314961
415.0,0.011661391426027252
416.0,0.011612076347616233
417.0,0.011564358733006713
418.0,0.011527639912162794
419.0,0.011497481989406437
420.0,0.011462242457821915
421.0,0.011432223177196188
422.0,0.011411606622004546
423.0,0.011380418004343973
424.0,0.0113475620329677
425.0,0.011323346872042029
426.0,0.011302774136565321
427.0,0.011281558469720523
428.0,0.011247183029787845
429.0,0.011207129187434193
430.0,0.011168451360810638
431.0,0.011126313755678043
432.0,0.011078031322660732
433.0,0.01102517275737176
434.0,0.010977792540393
435.0,0.010942335011805571
436.0,0.010919260314214137
437.0,0.010902849848757496
438.0,0.01089817529435333
439.0,0.010910225268332028
440.0,0.010936685963559626
441.0,0.010970657112236767
442.0,0.011025698658762796
443.0,0.011101484584852635
444.0,0.011196810756490882
445.0,0.011308808650088379
446.0,0.01143392563692581
447.0,0.011575854520003833
448.0,0.0117290905170877
449.0,0.011881534145964037
450.0,0.012035140534152928
451.0,0.01219158034772933
452.0,0.012346511527996335
453.0,0.012499565229843666
454.0,0.012652539952451608
455.0,0.012790110483296212
456.0,0.012911309027068805
457.0,0.013021445973351253
458.0,0.01311732602313515
459.0,0.013205527779294568
460.0,0.013289107927896523
461.0,0.013367074528513902
462.0,0.013442506782574614
463.0,0.01351640266737455
464.0,0.013588930049160716
465.0,0.01366290729019214
466.0,0.013735464756690515
467.0,0.013808884477348887
468.0,0.013885133232562416
469.0,0.013959603725506167
470.0,0.01403364267259181
471.0,0.014100018432143447
472.0,0.014159253582562828
473.0,0.014221294068353253
474.0,0.014283036408674493
475.0,0.014343464067835602
476.0,0.014391322515509699
477.0,0.014432223234933822
478.0,0.014484681817791414
479.0,0.01453062162130268
480.0,0.014569823023406748
481.0,0.014621156053628436
482.0,0.014675374731665363
483.0,0.014726756349631154
484.0,0.014787348693366462
485.0,0.014854097695340306
486.0,0.014918474412432183
487.0,0.014984064082445351
488.0,0.015053213644327582
489.0,0.015124201224116928
490.0,0.015206780659262897
491.0,0.01530347487645164
492.0,0.015412299687256876
493.0,0.015531056410174765
494.0,0.015651852518331764
495.0,0.015786831907845782
496.0,0.015937076030830687
497.0,0.016106382208588253
498.0,0.016288923577903923
499.0,0.016479706488493197
500.0,0.01668569732274104
501.0,0.016905054537828028
502.0,0.017128524076402966
503.0,0.017356976733954404
504.0,0.01758665818695416
505.0,0.017818211092856747
506.0,0.01805211112684282
507.0,0.018289491021720967
508.0,0.018526915242151866
509.0,0.018766012309931156
510.0,0.019004423960470158
511.0,0.019241739914009487
512.0,0.01948224353085932
513.0,0.019740730586417003
514.0,0.020022252703404964
515.0,0.020309691287460657
516.0,0.02062161956570851
517.0,0.020968411802170774
518.0,0.02132332169081272
519.0,0.021679746810993543
520.0,0.022036425493846323
521.0,0.022406439224384855
522.0,0.022797309789849125
523.0,0.02320979150803523
524.0,0.023648767104465937
525.0,0.024108502670371065
526.0,0.02459447996939147
527.0,0.025105883357483268
528.0,0.025628147287754498
529.0,0.026148600458663178
530.0,0.02667000704210592
531.0,0.027213270068064434
532.0,0.027777830208425936
533.0,0.028356823371303186
534.0,0.028936457323705027
535.0,0.029501547108154662
536.0,0.030057851053469385
537.0,0.03060798491025561
538.0,0.03115217893440183
539.0,0.03167978531175345
540.0,0.03219086512718943
541.0,0.032683271908817715
542.0,0.03314409008212226
543.0,0.033564731476560486
544.0,0.03394624337626191
545.0,0.034290368697199446
546.0,0.03460003790449243
547.0,0.03487039683377988
548.0,0.03510181912237361
549.0,0.03529941096363644
550.0,0.03546808129293635
551.0,0.03561396601667075
552.0,0.035735733513932125
553.0,0.03583408138614556
554.0,0.03590885687401254
555.0,0.035952500522892075
556.0,0.0359659428876226
557.0,0.035953676707637654
558.0,0.03591201355290984
559.0,0.03583868144151449
560.0,0.03573204054122666
561.0,0.03560182813073568
562.0,0.035454797272634495
563.0,0.0352786177989796
564.0,0.03507142334919172
565.0,0.03484043130925989
566.0,0.03458471014622427
567.0,0.03430262595597654
568.0,0.033997155927003565
569.0,0.03366598452941011
570.0,0.033307307049475605
571.0,0.03293527330176322
572.0,0.032561441368501295
573.0,0.03217845739811339
574.0,0.03178781267742991
575.0,0.03139297827131317
576.0,0.030988696294272387
577.0,0.030575334758366664
578.0,0.030151548519362987
579.0,0.029714375046587194
580.0,0.02926652439577474
581.0,0.02880558383946048
582.0,0.02833513607009075
583.0,0.027853463296123527
584.0,0.027362728108679724
585.0,0.02686697162322977
586.0,0.0263703495594328
587.0,0.025871926498178637
588.0,0.02536057082798262
589.0,0.024827661436813753
590.0,0.02428696833553796
591.0,0.023762080766982472
592.0,0.023240945663983714
593.0,0.02269929256086587
594.0,0.022134598263075046
595.0,0.021538619179505263
596.0,0.02090774239708007
597.0,0.020246492683069196
598.0,0.019567416549723864
599.0,0.018910539294732697
600.0,0.018311300163254027
601.0,0.01779413792131391
602.0,0.01735662290892174
603.0,0.016998686647978448
604.0,0.016717200140335262
605.0,0.016483795233914612
606.0,0.016279499356616847
607.0,0.01609491385727952
608.0,0.015921322820222298
609.0,0.01575154179736577
610.0,0.015582646985271042
611.0,0.015412926376337188
612.0,0.015243223029945258
613.0,0.015082891127500771
614.0,0.01493380251556146
615.0,0.0147854052996079
616.0,0.01463808558993907
617.0,0.014498515386239506
618.0,0.01436655996662944
619.0,0.014246724257714297
620.0,0.014140176632039892
621.0,0.014041601712402768
622.0,0.013952411189320288
623.0,0.013875341596108485
624.0,0.013804778581596969
625.0,0.013731407793680242
626.0,0.013666185038531328
627.0,0.013613972531693108
628.0,0.01357080976928953
629.0,0.013539687603388476
630.0,0.013522902726810527
631.0,0.013505830838424862
632.0,0.013490158889416431
633.0,0.0134971010545873
634.0,0.013513397573876484
635.0,0.013528460117486471
636.0,0.013549190309245071
637.0,0.013577744939839986
638.0,0.013616140986139696
639.0,0.013658740353956094
640.0,0.01369894607173625
641.0,0.01372652059063422
642.0,0.013747447280750506
643.0,0.013762680603261654
644.0,0.01376402793478422
645.0,0.013753937230695998
646.0,0.013735722934235703
647.0,0.013710485303072187
648.0,0.013674212787390918
649.0,0.013604435786274027
650.0,0.01350358820037754
651.0,0.013384346571892256
652.0,0.013240925838584158
653.0,0.01307241868427986
654.0,0.012893802819184392
655.0,0.012661205929294627
656.0,0.012357583028140384
657.0,0.012007115987925083
658.0,0.011655930462561621
659.0,0.011320038857327621
660.0,0.01099551319045265
661.0,0.010687999374921554
662.0,0.01038894500867858
663.0,0.010095789175689115
664.0,0.009810061741799735
665.0,0.00953619837439755
666.0,0.009279498250898384
667.0,0.009043700021839945
668.0,0.008828181137664832
669.0,0.008639504787451804
670.0,0.008484731196526528
671.0,0.008354259376392472
672.0,0.008240300091344768
673.0,0.008142371143586383
674.0,0.008061626238335761
675.0,0.0079998146834529
676.0,0.00795452580352506
677.0,0.007926206812092005
678.0,0.007925923673066047
679.0,0.007954733235230209
680.0,0.008012425589656685
681.0,0.008110871008455728
682.0,0.008250926716419006
683.0,0.008432228402782328
684.0,0.00865668220850704
685.0,0.008936148500767637
686.0,0.009269071401963081
687.0,0.009640066547050187
688.0,0.009968779957407022
689.0,0.010273854589451613
690.0,0.010594525684407843
691.0,0.010921170256339634
692.0,0.011258428757124605
693.0,0.011593069952594192
694.0,0.011908162550578477
695.0,0.012187367500581862
696.0,0.012428254069119187
697.0,0.012630737797378513
698.0,0.012790570530947473
699.0,0.012914873305380516
700.0,0.01300152226161875
701.0,0.013046266830976686
702.0,0.013043202998209883
703.0,0.012991452147304298
704.0,0.012897900857240463
705.0,0.012765369638105104
706.0,0.012600464385644647
707.0,0.012400821423764233
708.0,0.012165615586093128
709.0,0.01189587230535458
710.0,0.011599256806284661
711.0,0.011278065982366515
712.0,0.010934222051554478
713.0,0.010583182693907248
714.0,0.010220948714850877
715.0,0.009867911131593184
716.0,0.009516929249860853
717.0,0.009161074483132883
718.0,0.00878146413025287
719.0,0.008396779014803703
720.0,0.00804376595764981
721.0,0.0077383099165688725
722.0,0.007447460260456747
723.0,0.007152085550241702
724.0,0.0068451825387754826
725.0,0.006530209609157703
726.0,0.006220880260500452
727.0,0.005907458963466923
728.0,0.005580828530500508
729.0,0.005249695763808844
730.0,0.004932428031821831
731.0,0.004639090794019016
732.0,0.004382488660654338
733.0,0.004164214432551544
734.0,0.003976753047797731
735.0,0.0038219673768528305
736.0,0.0036969735960279727
737.0,0.0036034902332395327
738.0,0.0035375963073175794
739.0,0.0034871374422430013
740.0,0.0034503271422600713
741.0,0.003423671696092298
742.0,0.0034031976662329045
743.0,0.0033852656791511803
744.0,0.0033704131001029924
745.0,0.0033563527793462737
746.0,0.0033414979347588373
747.0,0.0033250760304495398
748.0,0.0033146950408348775
749.0,0.0033015931329342654
750.0,0.0032877933843914685
751.0,0.003289956721421962
752.0,0.0032850957068593562
753.0,0.0032664664264382922
754.0,0.0032560973418465098
755.0,0.003252101078063982
756.0,0.003241714292849897
757.0,0.003235241913305452
758.0,0.003230905430038162
759.0,0.0032134175628689907
760.0,0.0031937565722305493
761.0,0.003182385935591435
762.0,0.0031570782623451268
763.0,0.003137729094547629
764.0,0.003130551750372618
765.0,0.003141073676489205
766.0,0.0031640009581363473
767.0,0.0031845558689355636
768.0,0.003199124605688793
769.0,0.003207958491723661
770.0,0.003211147306643663
771.0,0.0032145109067008328
772.0,0.003239081762009317
773.0,0.0032600780580600043
774.0,0.003267111363353009
775.0,0.003279174661542992
776.0,0.003294442143683865
777.0,0.003312448671149619
778.0,0.003327598203533342
779.0,0.0033428593762114085
780.0,0.003360421820411573
781.0,0.0033806770854226107
782.0,0.0034065105017977715
783.0,0.0034358359893882397
784.0,0.0034626509157735068
785.0,0.0034916601592940378
786.0,0.003519857312936257
787.0,0.0035457532806738947
788.0,0.0035641422058168082
789.0,0.003592700608069572
790.0,0.0036365080375393975
791.0,0.0036701064328697264
792.0,0.003699002592089492
793.0,0.003732992337865524
794.0,0.003766055214740127
795.0,0.0037972381727267223
796.0,0.0038309225448775
797.0,0.003866946733389159
798.0,0.003898741171469344
799.0,0.0039215683945993006
800.0,0.003939418279711936
801.0,0.003963641537795511
802.0,0.003986859038979318
803.0,0.004005865602844085
804.0,0.004019987717388549
805.0,0.004027959750149693
806.0,0.004024357854225754
807.0,0.004017593715109314
808.0,0.004010344508025219
809.0,0.00398621540068077
810.0,0.003953015425208146
811.0,0.003917101180126008
812.0,0.003879639851950379
813.0,0.003835936269960359
814.0,0.003788284130628111
815.0,0.003726008690559876
816.0,0.0036572854201026663
817.0,0.003607821878954507
818.0,0.003549034289942528
819.0,0.003473737456483476
820.0,0.00339976888099621
821.0,0.0033165002050061982
822.0,0.003207836859870087
823.0,0.0030856539070862497
824.0,0.0029648270179846894
825.0,0.0028356896764246426
826.0,0.0027004820243579785
827.0,0.0025672893211385905
828.0,0.002428121430987307
829.0,0.002291793905924347
830.0,0.002168773774397235
831.0,0.0020616899386879813
832.0,0.0019667640165843187
833.0,0.001889288730478578
834.0,0.0018280429018686366
835.0,0.0017876192084950808
836.0,0.00174243611835074
837.0,0.0017007117014761896
838.0,0.0016737707362577796
839.0,0.0016497716164013507
840.0,0.0016292690346898192
841.0,0.0016136373573376894
842.0,0.0015907660241146738
843.0,0.0015643809763332365
844.0,0.0015465991955096847
845.0,0.0015298276470915352
846.0,0.0015185878852950023
847.0,0.001505613149825094
848.0,0.0014814873032449804
849.0,0.0014479642372153367
850.0,0.0014248796265062841
851.0,0.0014148538919689358
852.0,0.0013995596995576636
853.0,0.0013837463473844445
854.0,0.0013528385358437117
855.0,0.0013331900366814462
856.0,0.0013247488964681987
857.0,0.0013236256606738372
858.0,0.0013081913264384847
859.0,0.0012833697865761466
860.0,0.0012670035552915355
861.0,0.001250162549118638
862.0,0.001229868063872535
863.0,0.0012144903561893835
864.0,0.0012056096205353896
865.0,0.0011895010172149063
866.0,0.001170941305918004
867.0,0.0011429546764019367
868.0,0.0011248360302062292
869.0,0.0011135915239839022
870.0,0.0011035139850243219
871.0,0.0010872271535807706
872.0,0.0010619686428989792
873.0,0.0010399538707720145
874.0,0.001027263080418072
875.0,0.0010132596782407282
876.0,0.0009839703014729508
877.0,0.0009585346670595071
878.0,0.0009331775876709515
879.0,0.0009121027666662106
880.0,0.0008966738387133584
881.0,0.0008665826093063077
882.0,0.0008440260998460031
883.0,0.000833551301349732
884.0,0.0008268487537898657
885.0,0.0008128757151915226
886.0,0.0007940756707041283
887.0,0.0007686178011601138
888.0,0.00073675246009396
889.0,0.0007194815168838284
890.0,0.0007037004978475202
891.0,0.0006994870969995603
892.0,0.0006886392607943121
893.0,0.0006637806184759523
894.0,0.0006130971433361977
895.0,0.0005859449197960289
896.0,0.0005635557753189563
897.0,0.0005324415860703558
898.0,0.0005225204933766914
899.0,0.0005302782689777064
