/begin_header
/west_longitude=UNKNOWN
/south_latitude=NA
/north_latitude=UNKNOWN
/calibration_files=NA
/cruise=NA
/station=NA
/documents=NA
/data_type=NA
/affiliations=NOAA
/experiment=NA
/units=nm,dl
/start_date=2019-08-12
/end_date=NA
/missing=9999
/start_time=13:12:12
/data_file_name=NA
/cloud_percent=NA
/water_depth=NA
/data_status=NA
/east_longitude=NA
/wind_speed=NA
/secchi=NA
/measurement_depth=NA
/fields=wavelength,rrs
/delimiter=comma
/contact=NA
/end_time=NA
/wave_height=NA
/investigators=NA
/end_header@
325.0,0.01668751054580379
326.0,0.0165334987146915
327.0,0.016461701407621977
328.0,0.01644841229677809
329.0,0.01637727380440155
330.0,0.01629372622796414
331.0,0.01616891266756259
332.0,0.01607224612722963
333.0,0.01597430732506499
334.0,0.015829169271685758
335.0,0.015716134401898882
336.0,0.015623228053388952
337.0,0.01546671897970211
338.0,0.015339225077428645
339.0,0.015243711925256767
340.0,0.015176390277484037
341.0,0.015106775277940656
342.0,0.014952479914522568
343.0,0.01484954397010287
344.0,0.014781253923714594
345.0,0.014615197865786689
346.0,0.014472380345172595
347.0,0.014368471265539686
348.0,0.014293290796727693
349.0,0.01419920320093022
350.0,0.01406595651470762
351.0,0.013980931361413415
352.0,0.0139242343187363
353.0,0.013818750036319086
354.0,0.01372888629291531
355.0,0.013657458367008537
356.0,0.01356263669174924
357.0,0.013455881112630064
358.0,0.013350001623816965
359.0,0.013265700783647768
360.0,0.013191868965434686
361.0,0.013111207922598633
362.0,0.013038183720709352
363.0,0.012957479374679878
364.0,0.012857281091279463
365.0,0.012769318977968302
366.0,0.012700529445990654
367.0,0.012634777445971145
368.0,0.01256916997259731
369.0,0.0124929921451984
370.0,0.012435803314069249
371.0,0.012394586087459913
372.0,0.012315929061397168
373.0,0.012216991916199401
374.0,0.012123464555032607
375.0,0.012050115875620175
376.0,0.01198766349071432
377.0,0.011924772849368813
378.0,0.01184741431703458
379.0,0.01177114106280728
380.0,0.01172020615166151
381.0,0.01166919422731288
382.0,0.01161803880568865
383.0,0.011570456264413036
384.0,0.01150453405293397
385.0,0.011402887478153717
386.0,0.011327120947242305
387.0,0.011273526314211819
388.0,0.011218866358802596
389.0,0.011176645999582988
390.0,0.011130634351655741
391.0,0.011075744192192724
392.0,0.01101909852466792
393.0,0.010959108294265132
394.0,0.010893013736671137
395.0,0.010821662460849984
396.0,0.010745332386592508
397.0,0.010660068866892988
398.0,0.010573342648044236
399.0,0.010526868037213297
400.0,0.01048839545423572
401.0,0.010433243116905699
402.0,0.01038815420781843
403.0,0.010351149628065288
404.0,0.010308439835455027
405.0,0.01025666145157868
406.0,0.010202352765523828
407.0,0.010147022830218448
408.0,0.01009122429396932
409.0,0.010038428575888726
410.0,0.009992688510622069
411.0,0.009950247210214206
412.0,0.009910344869601528
413.0,0.009875926359744137
414.0,0.009844233222972417
415.0,0.009810364655530122
416.0,0.009779608614208745
417.0,0.009756440707550749
418.0,0.009729167421574637
419.0,0.009701067776853946
420.0,0.009686074217530474
421.0,0.009670752026424681
422.0,0.009649404503859205
423.0,0.009635052466150531
424.0,0.009625101875854936
425.0,0.009613552852810434
426.0,0.009601156745286757
427.0,0.009588687206073036
428.0,0.009578487154020793
429.0,0.009565927463378211
430.0,0.009545915847454043
431.0,0.009526464332418326
432.0,0.009509453100362119
433.0,0.009487831169006793
434.0,0.009470258232278164
435.0,0.009459979722140782
436.0,0.00945532964364631
437.0,0.009458838211894529
438.0,0.00946944059090397
439.0,0.009477969377834353
440.0,0.009486779813735977
441.0,0.009501095243438893
442.0,0.009525430542633844
443.0,0.00955927950512901
444.0,0.009597722305195957
445.0,0.009641689845523382
446.0,0.009688869442215439
447.0,0.009744140549435298
448.0,0.009803800681766818
449.0,0.009861200510456417
450.0,0.009919732289564585
451.0,0.009981857968735863
452.0,0.010038733621758548
453.0,0.010093906438860163
454.0,0.01015392850784392
455.0,0.010204216403077584
456.0,0.010245562345285553
457.0,0.01028914263764045
458.0,0.010329653603920092
459.0,0.010365682907251553
460.0,0.01040397279329206
461.0,0.01044316428710346
462.0,0.010481832245617651
463.0,0.01051961332876063
464.0,0.010558155251652821
465.0,0.010600358975178064
466.0,0.010643922429850829
467.0,0.010687836319458325
468.0,0.010733996908309191
469.0,0.010780473390041519
470.0,0.010821887936303542
471.0,0.010862331732252003
472.0,0.010904622297267208
473.0,0.010947643427807048
474.0,0.010988873755826193
475.0,0.01102755601601726
476.0,0.011074585160768962
477.0,0.011125116568216227
478.0,0.011167056839732663
479.0,0.011209726578525089
480.0,0.011258036172268112
481.0,0.011306958443664857
482.0,0.011354283709475273
483.0,0.011402307371273807
484.0,0.011454241619196571
485.0,0.011510046023497245
486.0,0.011562496355149573
487.0,0.011613963953166204
488.0,0.011661885884038072
489.0,0.011709459310322367
490.0,0.011762193563569296
491.0,0.01182829348417456
492.0,0.011896912813038145
493.0,0.011968773033857624
494.0,0.012048732388867327
495.0,0.012135285266682807
496.0,0.01222747751709571
497.0,0.012322792004977911
498.0,0.012423969463913914
499.0,0.012541961021384534
500.0,0.012666218785834732
501.0,0.012795332413591796
502.0,0.01293624486646346
503.0,0.013079434882035976
504.0,0.013221781781923228
505.0,0.01337348557919863
506.0,0.013530460688316181
507.0,0.013690593541668215
508.0,0.013858396019231592
509.0,0.014033241468628188
510.0,0.014206860381775984
511.0,0.01438258801890431
512.0,0.01456862902236497
513.0,0.014758054051087216
514.0,0.014952514627662474
515.0,0.015153274532193431
516.0,0.01536337609853231
517.0,0.015580514623980097
518.0,0.01579805536008256
519.0,0.016007873870215225
520.0,0.016209830136296635
521.0,0.016407820786434
522.0,0.016607464229729897
523.0,0.016810858762822935
524.0,0.017015811755328222
525.0,0.017218407125636232
526.0,0.01742122783133878
527.0,0.01762336448156468
528.0,0.017823723031558863
529.0,0.018016154867680552
530.0,0.018202025412739707
531.0,0.018388615926772232
532.0,0.018577612432822837
533.0,0.018764291342859812
534.0,0.018945919790221814
535.0,0.01912144662337547
536.0,0.019291822484395774
537.0,0.01946044568089668
538.0,0.01962750552191844
539.0,0.01978966035944463
540.0,0.019946359689807337
541.0,0.0200966952083179
542.0,0.020246711485365686
543.0,0.020394757178596724
544.0,0.020534811184082832
545.0,0.020665185740920543
546.0,0.020789377637119293
547.0,0.020909544491634582
548.0,0.021026272165382442
549.0,0.021142283604033876
550.0,0.021257256109196862
551.0,0.021371027533897594
552.0,0.021482397236084583
553.0,0.021592567782650774
554.0,0.021700228904810687
555.0,0.021802616440138332
556.0,0.021899545672685372
557.0,0.021987761520794992
558.0,0.02206907710480078
559.0,0.0221453545963739
560.0,0.02220954444703661
561.0,0.022262900483791665
562.0,0.022309768431192166
563.0,0.022343785619410923
564.0,0.02236546790379083
565.0,0.022380627544595785
566.0,0.02238223089012896
567.0,0.02236570746376328
568.0,0.022342277996254274
569.0,0.02231252102313442
570.0,0.022273030731891304
571.0,0.022220604001111262
572.0,0.022156592012246807
573.0,0.02208895739205775
574.0,0.022013916211346705
575.0,0.021923307783607578
576.0,0.02182439459345103
577.0,0.021718252873385784
578.0,0.021602243594919655
579.0,0.021471679852745795
580.0,0.02132245231286017
581.0,0.02116254555281046
582.0,0.020992952073907497
583.0,0.020806626760741652
584.0,0.02061572174528579
585.0,0.020421734549553983
586.0,0.020210868995083987
587.0,0.019990072874615718
588.0,0.01976053467315441
589.0,0.01951607778843985
590.0,0.019267803919357555
591.0,0.019029140074267127
592.0,0.018785933991446995
593.0,0.018524792557705443
594.0,0.018237454484850042
595.0,0.017918599264412888
596.0,0.01756572822702467
597.0,0.017184121697003132
598.0,0.016785585734987535
599.0,0.016391684076590456
600.0,0.01602656862943796
601.0,0.015710628904459338
602.0,0.015448800726349448
603.0,0.015242658840910422
604.0,0.015090010251075096
605.0,0.014965763432193644
606.0,0.014856940451518228
607.0,0.014756506386930093
608.0,0.014661686895955317
609.0,0.014569037447112748
610.0,0.01447649059908134
611.0,0.014382913555088948
612.0,0.014288675610933882
613.0,0.014196205491059303
614.0,0.01410757931458732
615.0,0.014013045836508666
616.0,0.013919359238309259
617.0,0.013834154310364222
618.0,0.013754394846326349
619.0,0.013679542943073669
620.0,0.013610617797236029
621.0,0.013549324507964772
622.0,0.013497523858922656
623.0,0.013447497283493934
624.0,0.013398050063122502
625.0,0.01335134785501455
626.0,0.013308782206387251
627.0,0.013270588138885412
628.0,0.01324117984521069
629.0,0.01322165556890087
630.0,0.013208216828999267
631.0,0.013197472385990196
632.0,0.013186979721115707
633.0,0.013178425045196032
634.0,0.01317244373459513
635.0,0.013174896750163223
636.0,0.013176195784395578
637.0,0.013176170887963436
638.0,0.013189485554971694
639.0,0.013196037420721386
640.0,0.013192779963618834
641.0,0.013189872859672592
642.0,0.013181343627299563
643.0,0.013160220264439018
644.0,0.013136382736362038
645.0,0.013109158660166284
646.0,0.013071302364806043
647.0,0.013027860697509785
648.0,0.01298049795371047
649.0,0.012925908511784875
650.0,0.012859501088661731
651.0,0.012777292647515964
652.0,0.012672754224726527
653.0,0.012544293684434252
654.0,0.012405495460065492
655.0,0.01222358546327838
656.0,0.01198603132473987
657.0,0.01171594978167189
658.0,0.011449721281145183
659.0,0.01120269609441964
660.0,0.010970567629799127
661.0,0.010752371344658916
662.0,0.010545536516850473
663.0,0.010347359951626809
664.0,0.01015865382273555
665.0,0.009982979035567042
666.0,0.009822509192962783
667.0,0.00967950792322677
668.0,0.00956086429487931
669.0,0.009465066252163685
670.0,0.00938589050833753
671.0,0.009320549787386345
672.0,0.009275042444668724
673.0,0.009238539760001264
674.0,0.009210411244958989
675.0,0.009200407384582263
676.0,0.009205017898360934
677.0,0.009220669523284054
678.0,0.009250811331156248
679.0,0.009299152006200396
680.0,0.009372451558613241
681.0,0.009469440588956005
682.0,0.009586657279442457
683.0,0.009724677963450655
684.0,0.009889215654763753
685.0,0.010095731706740087
686.0,0.010321781430182014
687.0,0.010537678095230546
688.0,0.010675370764569796
689.0,0.010773693705473904
690.0,0.010870389932534343
691.0,0.010946183393698041
692.0,0.011008227987487466
693.0,0.011060978586537937
694.0,0.011087801609511276
695.0,0.011081630475778034
696.0,0.011048825071415441
697.0,0.010988263242937056
698.0,0.01089413790977401
699.0,0.010776658116839451
700.0,0.010635541424800209
701.0,0.010467369172711839
702.0,0.010285389547666437
703.0,0.010092545167988192
704.0,0.009872726692762809
705.0,0.009636865909015944
706.0,0.009402805458225388
707.0,0.009153691315320381
708.0,0.00888940173154105
709.0,0.008614146802105758
710.0,0.008327948672002384
711.0,0.008033815420045602
712.0,0.007726723555820343
713.0,0.007417732006463085
714.0,0.007121555724422532
715.0,0.006832772853219082
716.0,0.006541017928177373
717.0,0.006253886561394481
718.0,0.005967972419617621
719.0,0.005701994304229381
720.0,0.005452155352847481
721.0,0.005226814093219004
722.0,0.005024788552947421
723.0,0.004820005100369416
724.0,0.004604097910779128
725.0,0.004391402655381609
726.0,0.004182813718158382
727.0,0.003978667387808393
728.0,0.0037703115994582098
729.0,0.003561174736022076
730.0,0.0033663482253953373
731.0,0.0031875589400844504
732.0,0.0030372446288248053
733.0,0.002911545923518235
734.0,0.002805190628054922
735.0,0.002709140023732387
736.0,0.002632530503080267
737.0,0.0025777044420128782
738.0,0.002538825302463502
739.0,0.002507087499853638
740.0,0.0024822759075495593
741.0,0.0024613557070136223
742.0,0.0024441675917198915
743.0,0.0024299783671557127
744.0,0.0024186480256964973
745.0,0.0024083347859121924
746.0,0.002395359358798084
747.0,0.0023844478950213275
748.0,0.0023725634047131808
749.0,0.002364277607244861
750.0,0.002358602572614086
751.0,0.002346166887666259
752.0,0.0023321115042927304
753.0,0.0023192877059347145
754.0,0.0023110973859398845
755.0,0.0023047988918393513
756.0,0.002294475875735751
757.0,0.0022891623158253207
758.0,0.0022871435398814583
759.0,0.0022702449367009237
760.0,0.0022399284826396322
761.0,0.0022178098626922165
762.0,0.002190708216300142
763.0,0.0021685713711280885
764.0,0.002177326183177719
765.0,0.0021936625778715933
766.0,0.002207637406349909
767.0,0.002213224995202927
768.0,0.0022209826870760547
769.0,0.0022309453680107844
770.0,0.002239970076271654
771.0,0.0022448043768248426
772.0,0.002245312524836668
773.0,0.002248110777930565
774.0,0.002257246609489372
775.0,0.002259426431509409
776.0,0.002257858309346763
777.0,0.0022643564659529042
778.0,0.002273864785744677
779.0,0.0022851733532587492
780.0,0.0022987107885803185
781.0,0.0023090753457005913
782.0,0.002318334480403384
783.0,0.002331407106336101
784.0,0.0023452325299271933
785.0,0.0023582606461879296
786.0,0.0023689123389874734
787.0,0.0023766131141003573
788.0,0.0023841226433181173
789.0,0.002397786172503115
790.0,0.0024204479163645355
791.0,0.0024420272618708677
792.0,0.002464709764752093
793.0,0.0024859452542634612
794.0,0.0025005821703456854
795.0,0.0025121928121098697
796.0,0.002526203313845405
797.0,0.0025422991065801774
798.0,0.0025618351701145446
799.0,0.0025737806482251826
800.0,0.002583521076246453
801.0,0.002598651080695264
802.0,0.002608948512853583
803.0,0.002614051406268375
804.0,0.0026243970843668786
805.0,0.002635983812407175
806.0,0.0026371613891761
807.0,0.002624259233566018
808.0,0.0026083084878178913
809.0,0.002601575319504808
810.0,0.0025883423174033965
811.0,0.002562661263504529
812.0,0.002524671647432018
813.0,0.0024931051895042
814.0,0.0024743905481872984
815.0,0.0024384561193857004
816.0,0.002393348382238306
817.0,0.00236717340793288
818.0,0.0023350902911636697
819.0,0.0022945393712907013
820.0,0.002256367992067714
821.0,0.0022084562433930775
822.0,0.002146217082945602
823.0,0.0020828799794536195
824.0,0.002015212841464455
825.0,0.0019357937044492198
826.0,0.0018659267613371278
827.0,0.001806171458215169
828.0,0.0017256204722951893
829.0,0.0016414600533828521
830.0,0.0015714945536330987
831.0,0.001512904817908294
832.0,0.0014689683111463886
833.0,0.0014362581295103655
834.0,0.001406665889914328
835.0,0.0013813996062650219
836.0,0.0013555023114632946
837.0,0.0013321440396587556
838.0,0.0013183281691589856
839.0,0.0013079139551872376
840.0,0.0013005596448372944
841.0,0.0012892503687966636
842.0,0.0012753807132622704
843.0,0.0012569210673434351
844.0,0.0012356048201368026
845.0,0.001226406786996583
846.0,0.0012313171525932744
847.0,0.0012144847107455417
848.0,0.001188631907638848
849.0,0.0011916606108302408
850.0,0.0011869812552180489
851.0,0.0011693841429588315
852.0,0.0011497888392697552
853.0,0.0011387590915214849
854.0,0.0011410672146232965
855.0,0.001124871054925295
856.0,0.0011000341603236315
857.0,0.001100711928419478
858.0,0.0010960766551576981
859.0,0.0010806634479176408
860.0,0.0010791700889948058
861.0,0.001080660737098124
862.0,0.0010741532816212975
863.0,0.0010551459282794253
864.0,0.0010325079114940545
865.0,0.0010315504855125212
866.0,0.0010226301504560273
867.0,0.0010065097641654874
868.0,0.001001275035294028
869.0,0.0009954858747610643
870.0,0.0009888690087483556
871.0,0.000986603399653758
872.0,0.0009715188312304
873.0,0.000951463655820604
874.0,0.0009371805263423316
875.0,0.0009278902742713785
876.0,0.0009057633504165235
877.0,0.0008843492627444164
878.0,0.000887703334188865
879.0,0.0008881770051723792
880.0,0.000873065565923232
881.0,0.0008409831845634459
882.0,0.0008329387809548779
883.0,0.0008425767971915607
884.0,0.0008295663657747317
885.0,0.0008055383406283759
886.0,0.0007883344437013915
887.0,0.0007769774573989608
888.0,0.0007665684863016379
889.0,0.00076259811104148
890.0,0.0007554192264814903
891.0,0.0007321604446559547
892.0,0.0007059967003495303
893.0,0.0006845951704417088
894.0,0.0006711540819086101
895.0,0.0006614347629313619
896.0,0.0006529263636566097
897.0,0.0006330419389480276
898.0,0.0006176660824948389
899.0,0.0006012182066388024
