/begin_header
/west_longitude=UNKNOWN
/south_latitude=NA
/north_latitude=UNKNOWN
/calibration_files=NA
/cruise=NA
/station=NA
/documents=NA
/data_type=NA
/affiliations=NOAA
/experiment=NA
/units=nm,dl
/start_date=2019-08-07
/end_date=NA
/missing=9999
/start_time=12:15:29
/data_file_name=NA
/cloud_percent=NA
/water_depth=NA
/data_status=NA
/east_longitude=NA
/wind_speed=NA
/secchi=NA
/measurement_depth=NA
/fields=wavelength,rrs
/delimiter=comma
/contact=NA
/end_time=NA
/wave_height=NA
/investigators=NA
/end_header@
325.0,0.00010000000000000002
326.0,0.00010000000000000002
327.0,0.00010000000000000002
328.0,0.00010000000000000002
329.0,0.00010000000000000002
330.0,0.00010000000000000002
331.0,0.00010000000000000002
332.0,0.00010000000000000002
333.0,0.00010000000000000002
334.0,0.00010000000000000002
335.0,0.00010000000000000002
336.0,0.00010000000000000002
337.0,0.00010000000000000002
338.0,0.00010000000000000002
339.0,0.00010000000000000002
340.0,0.00010000000000000002
341.0,0.00010000000000000002
342.0,0.00010000000000000002
343.0,0.00010000000000000002
344.0,0.00010000000000000002
345.0,0.00010000000000000002
346.0,0.00010000000000000002
347.0,0.00010000000000000002
348.0,0.00010000000000000002
349.0,0.00010000000000000002
350.0,0.00010000000000000002
351.0,0.00010000000000000002
352.0,0.00010000000000000002
353.0,0.00010000000000000002
354.0,0.00010000000000000002
355.0,0.00010000000000000002
356.0,0.00010000000000000002
357.0,0.00010000000000000002
358.0,0.00010000000000000002
359.0,0.00010000000000000002
360.0,0.00010000000000000002
361.0,0.00010000000000000002
362.0,0.00010000000000000002
363.0,0.00010000000000000002
364.0,0.00010000000000000002
365.0,0.00010000000000000002
366.0,9.054421784305587e-05
367.0,0.00010474673854397369
368.0,0.00011936097687074586
369.0,0.00013250385306080582
370.0,0.00014212317417755342
371.0,0.00015029979027260647
372.0,0.0001536851775193456
373.0,0.00016564581093441588
374.0,0.00018754116751213817
375.0,0.00020143377155051233
376.0,0.0002110816091723997
377.0,0.00022225558332210653
378.0,0.00022987015605466053
379.0,0.00024335344047467206
380.0,0.00025947646268104595
381.0,0.00027847585233308614
382.0,0.0002917985972895423
383.0,0.00032349094069333915
384.0,0.0003630432215893641
385.0,0.0003806105935967287
386.0,0.0004054890413340077
387.0,0.00042482093277254986
388.0,0.000453216943083056
389.0,0.00048223760630490656
390.0,0.0005178847246124412
391.0,0.0005480367070054787
392.0,0.0005659216370828175
393.0,0.0005811530257380326
394.0,0.0006064760499891811
395.0,0.0006432036396099423
396.0,0.0006816520582985144
397.0,0.0007029184120965935
398.0,0.0007107999165519004
399.0,0.0007272214770858583
400.0,0.000744069045529727
401.0,0.0007568382675811769
402.0,0.000716096813402663
403.0,0.000737531595948096
404.0,0.0008055531997004852
405.0,0.0008815572002204307
406.0,0.0009530295589427225
407.0,0.000995456721404203
408.0,0.001039679481190655
409.0,0.0011081298537589817
410.0,0.0011668382903001386
411.0,0.0012186983950443287
412.0,0.0012689768859332417
413.0,0.0013247547789799802
414.0,0.0014030806371731594
415.0,0.0014791210416636722
416.0,0.0015456953713490382
417.0,0.001599044264942113
418.0,0.0016672953528674814
419.0,0.0017513104390014084
420.0,0.0018337737239917749
421.0,0.0019226794351107066
422.0,0.0019996793182341923
423.0,0.002086954954270313
424.0,0.0021784460054268314
425.0,0.002245057434709042
426.0,0.00232612702903693
427.0,0.002420873551259312
428.0,0.0024898732648303895
429.0,0.0025580687248772877
430.0,0.0026174473271050763
431.0,0.002678351720579244
432.0,0.0027417791278401254
433.0,0.002789933263359125
434.0,0.0028392238451113274
435.0,0.002897071764624258
436.0,0.0029686072577660336
437.0,0.0030521835772710547
438.0,0.0031379634517328843
439.0,0.0032427515832789827
440.0,0.003362138002613844
441.0,0.003486061176207679
442.0,0.0036206122558045577
443.0,0.003772702246836671
444.0,0.003944206841413089
445.0,0.004136687921479603
446.0,0.004342093095978166
447.0,0.004553602293612626
448.0,0.004769017087489816
449.0,0.00498150193706744
450.0,0.005204146911006225
451.0,0.005438631586249841
452.0,0.005662857187384977
453.0,0.0058770331162716506
454.0,0.006095580552172939
455.0,0.006303999679956329
456.0,0.006495281936723528
457.0,0.006670817634802295
458.0,0.006833924909952773
459.0,0.006988977598615079
460.0,0.0071409129761472664
461.0,0.007289172488617851
462.0,0.007418109852850327
463.0,0.007543502185083579
464.0,0.007679979946028136
465.0,0.0078502684171947
466.0,0.008008638933923548
467.0,0.008138662757865369
468.0,0.008280807710669486
469.0,0.008428931705042789
470.0,0.008558871130012384
471.0,0.008697443306940377
472.0,0.00884932852969247
473.0,0.00898447435342724
474.0,0.009112083883685798
475.0,0.0092452009573409
476.0,0.009366996029201487
477.0,0.009475635850203518
478.0,0.009577070713872479
479.0,0.009689074807215696
480.0,0.009806324467615743
481.0,0.00990684737840717
482.0,0.010002297279156571
483.0,0.010104360430161927
484.0,0.010213400852251326
485.0,0.010332373196387032
486.0,0.010469839335031931
487.0,0.010591858282329654
488.0,0.010701089774403058
489.0,0.010832392991780874
490.0,0.01096836898219286
491.0,0.011091667143582767
492.0,0.011236753479001688
493.0,0.011407957814818282
494.0,0.011580234763159591
495.0,0.01176373076850339
496.0,0.011967156193175437
497.0,0.01218242470923195
498.0,0.012406814164223184
499.0,0.012648430994103607
500.0,0.012907825250684462
501.0,0.013181396512558513
502.0,0.013462493435175879
503.0,0.013744132681598515
504.0,0.014029071474253463
505.0,0.014313908714948507
506.0,0.01460158499394491
507.0,0.01489725670198409
508.0,0.01519405527881244
509.0,0.015486314954359814
510.0,0.015781465198783574
511.0,0.016076151165539815
512.0,0.016359828669784922
513.0,0.016671743397191865
514.0,0.017018622984943176
515.0,0.01737689296313833
516.0,0.017744791701665718
517.0,0.018127201511421037
518.0,0.018524645060854477
519.0,0.018929889688499298
520.0,0.019339140200378385
521.0,0.01975146382487065
522.0,0.02017405279715718
523.0,0.020616877042536192
524.0,0.021078453401044656
525.0,0.02155986160942447
526.0,0.022074292062222764
527.0,0.022611087336531565
528.0,0.023155510516277976
529.0,0.02369229417498012
530.0,0.02422436773882633
531.0,0.02477493831390067
532.0,0.025349612977509383
533.0,0.02594356041494683
534.0,0.026536124690098462
535.0,0.027114914266393664
536.0,0.027686874499558402
537.0,0.028248733839604006
538.0,0.028805734744886534
539.0,0.029356673573985692
540.0,0.029893918133612456
541.0,0.030405524754268425
542.0,0.03087943541341594
543.0,0.03131246829439066
544.0,0.03172314048895876
545.0,0.03208842008436198
546.0,0.032397077247423134
547.0,0.03269422185157584
548.0,0.032971086529760406
549.0,0.033192472929528004
550.0,0.033379738529745365
551.0,0.03354294955403877
552.0,0.03369036890247516
553.0,0.033812989070157985
554.0,0.03390183674096624
555.0,0.03396621543972065
556.0,0.034005751365416066
557.0,0.03400934329422425
558.0,0.03398975065903874
559.0,0.033947514579740774
560.0,0.033876263943048025
561.0,0.03378684037725126
562.0,0.03367552868600775
563.0,0.03353420039265328
564.0,0.033368393655799244
565.0,0.033191122757111
566.0,0.032991438455825584
567.0,0.032766543032533624
568.0,0.03252309642914522
569.0,0.03226243740367872
570.0,0.031977123307074626
571.0,0.03167696521557602
572.0,0.03137726720117552
573.0,0.031072725288951934
574.0,0.03076671930481085
575.0,0.03045463267930541
576.0,0.03013108598352669
577.0,0.029796572008851035
578.0,0.029455887697232196
579.0,0.029101226951486137
580.0,0.02872890872550556
581.0,0.02834608847266648
582.0,0.02795467816876649
583.0,0.027545654397263558
584.0,0.027130512387640505
585.0,0.026709678265139113
586.0,0.026283265944546295
587.0,0.025858136540473094
588.0,0.025429154396740296
589.0,0.024973417697384034
590.0,0.024495291859976856
591.0,0.024011422351078466
592.0,0.023529425406331187
593.0,0.023029346664673028
594.0,0.02250064397304053
595.0,0.021929007723203518
596.0,0.021308683022627194
597.0,0.02065882220264463
598.0,0.019999702534499543
599.0,0.01936401823195441
600.0,0.018785911017151186
601.0,0.01828104044969659
602.0,0.017852684412959792
603.0,0.017508700303684926
604.0,0.017241739535735805
605.0,0.017032438035006526
606.0,0.01685724601603637
607.0,0.016690207039161985
608.0,0.016529131145205735
609.0,0.016365914901971722
610.0,0.016208222283166117
611.0,0.01605958976494786
612.0,0.015912164935882663
613.0,0.015762416279413768
614.0,0.015616713152398345
615.0,0.015471603875694523
616.0,0.0153329397147613
617.0,0.015210023795566924
618.0,0.015101142274520049
619.0,0.015004528277260403
620.0,0.014916836686746465
621.0,0.014830918663460969
622.0,0.014749713999078345
623.0,0.01468910297096008
624.0,0.01464925317729627
625.0,0.014610852631887425
626.0,0.014580248363696147
627.0,0.014561057194189129
628.0,0.014540096064879379
629.0,0.014523391920020987
630.0,0.014527453842312636
631.0,0.014523866169362173
632.0,0.014518068587257927
633.0,0.014557862832789573
634.0,0.014609781048713483
635.0,0.014638667916488185
636.0,0.014689050107209648
637.0,0.014753494924980372
638.0,0.014793406688019256
639.0,0.014843126422028905
640.0,0.014906396025022684
641.0,0.014956302119181539
642.0,0.014996213371153307
643.0,0.01502350135980822
644.0,0.015040343202729683
645.0,0.015053637375708404
646.0,0.015076099798976788
647.0,0.015064884059335582
648.0,0.015011955824184261
649.0,0.0149465536787665
650.0,0.014851397887519815
651.0,0.01472136826705887
652.0,0.014567331580525159
653.0,0.014388035400787194
654.0,0.014193408681445738
655.0,0.013942022978676851
656.0,0.013613308072644234
657.0,0.013224412332220914
658.0,0.012836181517756295
659.0,0.01248136092757479
660.0,0.012122025062473951
661.0,0.011768981308359877
662.0,0.01144363702962624
663.0,0.011128852862978043
664.0,0.01080707544905868
665.0,0.010502750758208158
666.0,0.01022544851514403
667.0,0.009977852867299372
668.0,0.009768520746946724
669.0,0.009583431975952756
670.0,0.009430541407552565
671.0,0.009298553152046628
672.0,0.009180090913465524
673.0,0.009086988258126835
674.0,0.009022005247953798
675.0,0.008974979084509806
676.0,0.008946764014197783
677.0,0.008938020755854417
678.0,0.008964848640625188
679.0,0.009023356598122948
680.0,0.009100222557665042
681.0,0.009218657923062703
682.0,0.009394075431577418
683.0,0.009610445701615311
684.0,0.009872512395321132
685.0,0.010221913126612688
686.0,0.010644982603765793
687.0,0.011105522300639912
688.0,0.011480288402659033
689.0,0.011801820348860435
690.0,0.012122174522181398
691.0,0.012484552758242591
692.0,0.0128779206918738
693.0,0.01325320402117885
694.0,0.013612574519053216
695.0,0.013941405999872198
696.0,0.014233269114847898
697.0,0.014509370519411587
698.0,0.014776913566945904
699.0,0.014996307437644182
700.0,0.015159549923265478
701.0,0.01527293555473348
702.0,0.015331167545284366
703.0,0.015343601802611111
704.0,0.015320654371704679
705.0,0.015253234438601437
706.0,0.015147192749149463
707.0,0.014989802286794168
708.0,0.014784266348754483
709.0,0.014551400986953362
710.0,0.014285015407963378
711.0,0.013980827463096724
712.0,0.013664194298124602
713.0,0.013337125653406876
714.0,0.013000966182106782
715.0,0.012696613995846822
716.0,0.012411772703354616
717.0,0.012104552051321113
718.0,0.011757610547646373
719.0,0.011359917786108818
720.0,0.010936213963160397
721.0,0.010541344673138867
722.0,0.010218313179096866
723.0,0.009914816734645815
724.0,0.009610167815082858
725.0,0.009257315834776094
726.0,0.008894399612717655
727.0,0.00852663721529721
728.0,0.008161552059402425
729.0,0.007787919969349318
730.0,0.007390347215833627
731.0,0.007006499984968802
732.0,0.006653409382520138
733.0,0.006368884704814039
734.0,0.006145604566096115
735.0,0.005962614960394481
736.0,0.005812958124123455
737.0,0.005694554638565069
738.0,0.0055935358167202255
739.0,0.005524166475274256
740.0,0.005485643851345731
741.0,0.005455196728105787
742.0,0.005426161160907135
743.0,0.005400398742235173
744.0,0.005381043558301672
745.0,0.005360495148298999
746.0,0.005368903072998468
747.0,0.0053736446980302945
748.0,0.005340300583888747
749.0,0.005321631551476696
750.0,0.005323945882445846
751.0,0.005328986371380978
752.0,0.0053346027985838535
753.0,0.005342183763117247
754.0,0.0053272256778500735
755.0,0.005310340544379835
756.0,0.005320553064922234
757.0,0.005359452463944701
758.0,0.0054441529087162375
759.0,0.005600332103248394
760.0,0.005800792619105024
761.0,0.0058861471126784885
762.0,0.005868235294233157
763.0,0.005790596080999464
764.0,0.005682755290350941
765.0,0.005598205391784392
766.0,0.0055358258307230245
767.0,0.0054767215614154345
768.0,0.005440615449043737
769.0,0.0054327609999898305
770.0,0.005423560416067528
771.0,0.00541598206689258
772.0,0.005432548402982597
773.0,0.005453849487312331
774.0,0.005482928948868352
775.0,0.005508584284461348
776.0,0.0055303549360284
777.0,0.005558548406913936
778.0,0.005597052272339558
779.0,0.005635043191270976
780.0,0.005659963932533498
781.0,0.0056956308014175115
782.0,0.0057392025468010425
783.0,0.0057810709199879575
784.0,0.00581800568198213
785.0,0.0058610793605471095
786.0,0.005914345749225268
787.0,0.005978439190014477
788.0,0.006028077577216796
789.0,0.0060758507952399544
790.0,0.006129548046632366
791.0,0.0061780987337889115
792.0,0.00621718165284882
793.0,0.006268886500603955
794.0,0.0063183657639264475
795.0,0.006359940826957418
796.0,0.006406133097159791
797.0,0.006465578406373916
798.0,0.0065239749708338405
799.0,0.006562882667342172
800.0,0.006588838474266169
801.0,0.006623063295132017
802.0,0.006642781159262088
803.0,0.006659560157418228
804.0,0.006690943501031106
805.0,0.0067190949744083545
806.0,0.0067240522901118776
807.0,0.0067071008115348425
808.0,0.0066914232835566705
809.0,0.006725599993032859
810.0,0.006743848115169272
811.0,0.006728170593058892
812.0,0.006707156477526342
813.0,0.0066782331787937676
814.0,0.006674153483620568
815.0,0.006633683202113464
816.0,0.00655489613595709
817.0,0.006495391352546667
818.0,0.006432794102788743
819.0,0.006340317929642089
820.0,0.006230528611852925
821.0,0.00610300460396856
822.0,0.005956621080398981
823.0,0.005813697981984762
824.0,0.005657892595828098
825.0,0.005483559029144573
826.0,0.005316445526541502
827.0,0.005159576337683792
828.0,0.00499068952587655
829.0,0.004829180556522739
830.0,0.004686172360206859
831.0,0.004548921484699908
832.0,0.004420411188728033
833.0,0.004334693072049207
834.0,0.004244703990765821
835.0,0.00414980611110872
836.0,0.004087350856589484
837.0,0.00404921713246418
838.0,0.004009188529074709
839.0,0.0039774149944255145
840.0,0.0039462192787240585
841.0,0.003912407644907518
842.0,0.0038853749511116296
843.0,0.00386498026722787
844.0,0.003860115154286568
845.0,0.0038468983721701476
846.0,0.003827193314691439
847.0,0.0037709026104793654
848.0,0.003717663452708892
849.0,0.003727903169896863
850.0,0.003726516720156252
851.0,0.0036968610636059157
852.0,0.00367572843503575
853.0,0.00365509669798858
854.0,0.003639583750012481
855.0,0.003615513091244417
856.0,0.003597679756946496
857.0,0.003576713505221802
858.0,0.0035628886488708426
859.0,0.003547017078782455
860.0,0.00352685917369357
861.0,0.003500601840313494
862.0,0.0035045013568863526
863.0,0.003496436141425667
864.0,0.0034830637529607257
865.0,0.0034795329693919283
866.0,0.003476613953307605
867.0,0.00345337049919965
868.0,0.0034218410628580735
869.0,0.003399421317815008
870.0,0.0033844667831340893
871.0,0.0033731282774379133
872.0,0.0033504975189212827
873.0,0.003302709931386652
874.0,0.0032817212786873363
875.0,0.003277175734799806
876.0,0.0032491999334539933
877.0,0.003227667189506024
878.0,0.003213181155506699
879.0,0.0031910621434897922
880.0,0.0031696180718542655
881.0,0.0031374566133097457
882.0,0.0031325091661840707
883.0,0.0031254764003510183
884.0,0.0030713058856392593
885.0,0.0030349969791632877
886.0,0.0030367117434644516
887.0,0.0030598038675258205
888.0,0.0030478569469535263
889.0,0.002968857408724101
890.0,0.0029561413283515736
891.0,0.002987816099292091
892.0,0.0030018410588200555
893.0,0.0030088313105906756
894.0,0.003018240369088018
895.0,0.0030146302240559
896.0,0.003004929561705655
897.0,0.003028283353618029
898.0,0.0030343283819507447
899.0,0.002985967341830817
