/begin_header
/west_longitude=UNKNOWN
/south_latitude=NA
/north_latitude=UNKNOWN
/calibration_files=NA
/cruise=NA
/station=NA
/documents=NA
/data_type=NA
/affiliations=NOAA
/experiment=NA
/units=nm,dl
/start_date=2019-08-07
/end_date=NA
/missing=9999
/start_time=14:40:23
/data_file_name=NA
/cloud_percent=NA
/water_depth=NA
/data_status=NA
/east_longitude=NA
/wind_speed=NA
/secchi=NA
/measurement_depth=NA
/fields=wavelength,rrs
/delimiter=comma
/contact=NA
/end_time=NA
/wave_height=NA
/investigators=NA
/end_header@
325.0,0.012856414933323804
326.0,0.012943079137892869
327.0,0.012960401433717428
328.0,0.012920540941061529
329.0,0.012898286645445085
330.0,0.01287458413762381
331.0,0.012898085634170256
332.0,0.012897566919310075
333.0,0.012902465446768697
334.0,0.012871153817678027
335.0,0.012868394055667745
336.0,0.012885643407728815
337.0,0.012796077724610175
338.0,0.012781382456843123
339.0,0.01287099656986467
340.0,0.012908565922677704
341.0,0.012894571167809146
342.0,0.012848273995365622
343.0,0.012846875106545457
344.0,0.012901301648549806
345.0,0.012908221862754813
346.0,0.012914034236307806
347.0,0.012933263127370129
348.0,0.013003625261948381
349.0,0.01305440712380936
350.0,0.013034408886832475
351.0,0.01303731218033729
352.0,0.013058106853818358
353.0,0.013082347232710474
354.0,0.01308976351303503
355.0,0.013087273460539835
356.0,0.013104488844414291
357.0,0.01312866814705847
358.0,0.013141417135270787
359.0,0.013147758179374436
360.0,0.013150869535089812
361.0,0.013143998796343046
362.0,0.013133851273533951
363.0,0.013115553217542441
364.0,0.013113620934273026
365.0,0.01311013847951661
366.0,0.013097666864131422
367.0,0.013079266976538249
368.0,0.01306295069856768
369.0,0.013050360918991496
370.0,0.013046322085019824
371.0,0.013041104304606265
372.0,0.013012230256946849
373.0,0.012984201747182168
374.0,0.01296142927163212
375.0,0.012947596578571974
376.0,0.012931164368817472
377.0,0.01290481587332267
378.0,0.012876428727966885
379.0,0.012848846717110132
380.0,0.012838826053963807
381.0,0.012836684745330956
382.0,0.012837351475914435
383.0,0.012831604823887571
384.0,0.012818486959370079
385.0,0.012828261982627199
386.0,0.012822632973258067
387.0,0.012797346055127848
388.0,0.01279991617063149
389.0,0.012803894225454868
390.0,0.012792610731022478
391.0,0.012777830616088915
392.0,0.01275512335862911
393.0,0.012736347489325863
394.0,0.012722517308344469
395.0,0.012708620526376063
396.0,0.012691357594280337
397.0,0.012659251248120812
398.0,0.012612002093947855
399.0,0.012569182495226086
400.0,0.012523787188142902
401.0,0.012478413317614897
402.0,0.012445913418221922
403.0,0.012424341117015333
404.0,0.012393211597308999
405.0,0.012352624077140778
406.0,0.012300938557158053
407.0,0.012243394923431577
408.0,0.012188941863969478
409.0,0.012135677645850967
410.0,0.012088611415889492
411.0,0.012044454246233233
412.0,0.011985195421767262
413.0,0.011942855042684306
414.0,0.011921096013687401
415.0,0.011895681660647039
416.0,0.011870399940842736
417.0,0.01184000954347449
418.0,0.011813392706650326
419.0,0.011795978015857144
420.0,0.01178935053109966
421.0,0.011782112929409408
422.0,0.011773623851265303
423.0,0.011762986365425866
424.0,0.01174955928755674
425.0,0.011734904561670943
426.0,0.011731115989335631
427.0,0.011734555498374702
428.0,0.011718838194583312
429.0,0.011691323149012885
430.0,0.011665348008359831
431.0,0.011637361440228176
432.0,0.011608331919952709
433.0,0.011580461913062456
434.0,0.011549114463551082
435.0,0.011519986616773583
436.0,0.011516737111519024
437.0,0.011521163028232787
438.0,0.011522829667086934
439.0,0.011539709688670336
440.0,0.01157387355847438
441.0,0.011616544724434127
442.0,0.011673946598531866
443.0,0.011748617819974019
444.0,0.011842858620940335
445.0,0.011953916350620559
446.0,0.012075811418685386
447.0,0.012212096554429598
448.0,0.012357807084455715
449.0,0.012503600370291561
450.0,0.012648876944673574
451.0,0.012795093511449728
452.0,0.012943390929417185
453.0,0.013089579741210982
454.0,0.013226606980071215
455.0,0.013352246074435397
456.0,0.013465616005753477
457.0,0.013567027607630972
458.0,0.013662025019855159
459.0,0.01375052066875578
460.0,0.013829518448958512
461.0,0.01390210429762997
462.0,0.013973498999863592
463.0,0.014038728814350818
464.0,0.014103974757343624
465.0,0.014180382554226031
466.0,0.014257226301467862
467.0,0.014328876235290774
468.0,0.014401153194035555
469.0,0.014472437687863188
470.0,0.014535318728174585
471.0,0.014601498600352602
472.0,0.014668497552510734
473.0,0.014720441189659664
474.0,0.01476947658497146
475.0,0.014823587031116494
476.0,0.014873532376611076
477.0,0.014919894205991296
478.0,0.014964593594408281
479.0,0.015009841735181759
480.0,0.01505809635936529
481.0,0.015108410830577342
482.0,0.01516369944716441
483.0,0.015223239508618393
484.0,0.015283637968520645
485.0,0.015347825836102497
486.0,0.015421746673961307
487.0,0.015496347410686959
488.0,0.015568680902486651
489.0,0.015642203457874787
490.0,0.01571874901480847
491.0,0.015805543829802267
492.0,0.015907668355357885
493.0,0.016024082560585053
494.0,0.016147614147068477
495.0,0.016276726474101187
496.0,0.016413379230034914
497.0,0.016567570045831103
498.0,0.016737620423875787
499.0,0.016915095056185547
500.0,0.017097816905565187
501.0,0.017286944600652117
502.0,0.01749155947592821
503.0,0.017697499978120194
504.0,0.01790092600934153
505.0,0.01811150039019615
506.0,0.018324902260217834
507.0,0.01853691022058113
508.0,0.018749887589323742
509.0,0.018961598113020048
510.0,0.019168243625739306
511.0,0.01937411578851934
512.0,0.01958511025718078
513.0,0.019811998893503966
514.0,0.020059758236845342
515.0,0.020323451649219844
516.0,0.020607196477768784
517.0,0.020910163572027157
518.0,0.02121969241526722
519.0,0.02152918992440784
520.0,0.021838608256965108
521.0,0.022155322412869626
522.0,0.02248750807440605
523.0,0.0228438579264111
524.0,0.02322259959911778
525.0,0.023617720763019406
526.0,0.024039379745257265
527.0,0.024481477210037173
528.0,0.024921365374338384
529.0,0.025357874354188504
530.0,0.025796386788945424
531.0,0.02625634004588695
532.0,0.02673212169557563
533.0,0.027217458346983046
534.0,0.027700146806810138
535.0,0.028170126340140832
536.0,0.028628940672792026
537.0,0.02908067913670742
538.0,0.029529477169109475
539.0,0.029965673482154665
540.0,0.030385223077577884
541.0,0.030787989922213033
542.0,0.031161146082169293
543.0,0.031499611064580525
544.0,0.0318099089291789
545.0,0.03208645674403554
546.0,0.03232829376416874
547.0,0.032544514638961554
548.0,0.03273376340333651
549.0,0.03289026351306374
550.0,0.03302185600869498
551.0,0.033138228627686374
552.0,0.03324359816817099
553.0,0.03332919417448245
554.0,0.03338697047144108
555.0,0.03342553406097516
556.0,0.033444955603347704
557.0,0.03343687910493827
558.0,0.03340603206413717
559.0,0.033351219266410756
560.0,0.03326631084025625
561.0,0.03315660385655374
562.0,0.03302485907592019
563.0,0.03287106322239176
564.0,0.03269571750223696
565.0,0.032495130734956544
566.0,0.032264930310350326
567.0,0.03200727764194349
568.0,0.031731672216821806
569.0,0.03143522107706184
570.0,0.0311121527519825
571.0,0.030772930896022583
572.0,0.030429787858380457
573.0,0.030077578992447444
574.0,0.029716117019922862
575.0,0.029346168637020338
576.0,0.028968197039168107
577.0,0.028582727314847935
578.0,0.028179690553478954
579.0,0.0277633030084982
580.0,0.027333903818911598
581.0,0.026890208096822056
582.0,0.02643817637612742
583.0,0.02597954488049491
584.0,0.025511436290511107
585.0,0.025033360468145232
586.0,0.024541986232457784
587.0,0.024040428442684184
588.0,0.02353365908387715
589.0,0.023020870822939094
590.0,0.022513208321301267
591.0,0.02201622871848592
592.0,0.021526933516211547
593.0,0.021026373249763242
594.0,0.020489385254113743
595.0,0.01992049233063852
596.0,0.019329439041014147
597.0,0.01871304131543799
598.0,0.01808488062092328
599.0,0.01748805871170949
600.0,0.016940231557467555
601.0,0.01646235950583152
602.0,0.016072297224601798
603.0,0.015766355139321005
604.0,0.015520574895864456
605.0,0.015317002831054865
606.0,0.015141159484997377
607.0,0.01498480085783054
608.0,0.014835315813824962
609.0,0.01468767522570002
610.0,0.014544052992197385
611.0,0.014402918245345364
612.0,0.014262780342120519
613.0,0.014123169591739187
614.0,0.013984464217826292
615.0,0.0138540454729466
616.0,0.013728537228267498
617.0,0.013606455710121179
618.0,0.013496892071929636
619.0,0.01339714356851895
620.0,0.013295506331308585
621.0,0.013198733116980037
622.0,0.01311196419423094
623.0,0.013036870434748724
624.0,0.012967769163593504
625.0,0.012892839650176352
626.0,0.01282148646415886
627.0,0.012755325643785792
628.0,0.01270780310231229
629.0,0.01267745000903638
630.0,0.012650747231443835
631.0,0.012633478469082443
632.0,0.01262750937272474
633.0,0.012628861173164783
634.0,0.012633761170677415
635.0,0.012640129982793144
636.0,0.012651843329907684
637.0,0.012665371247824065
638.0,0.012683822153701469
639.0,0.012705556431897696
640.0,0.012724663674120281
641.0,0.012739778429092446
642.0,0.012747062288519729
643.0,0.012737365158342126
644.0,0.012716915142413725
645.0,0.012683852415662857
646.0,0.012635238193539792
647.0,0.01258334423024988
648.0,0.012538123800426371
649.0,0.012484290248832533
650.0,0.012411044847036793
651.0,0.012301564805996826
652.0,0.012170913944977265
653.0,0.01202446402299254
654.0,0.011864451681268182
655.0,0.011660503495324898
656.0,0.011412570986888203
657.0,0.011118045024925615
658.0,0.01081719774344191
659.0,0.010550292147299396
660.0,0.010288018629598246
661.0,0.010028927525932405
662.0,0.00978359353462152
663.0,0.009548623758964946
664.0,0.009319636593422437
665.0,0.009104190518080738
666.0,0.008902173494263034
667.0,0.008709148050040067
668.0,0.00853585392751172
669.0,0.008389773704512122
670.0,0.008268532072414073
671.0,0.0081625510925193
672.0,0.008068309229347223
673.0,0.007988991671616773
674.0,0.00792184054393201
675.0,0.007872174198601234
676.0,0.007838071855727557
677.0,0.007822194063099305
678.0,0.007830353940658983
679.0,0.007862224307071387
680.0,0.007918264208101737
681.0,0.007999059921964249
682.0,0.008103953851241534
683.0,0.008241999561535797
684.0,0.008411627722599308
685.0,0.008615757968569105
686.0,0.008857510239023786
687.0,0.0091235393249092
688.0,0.009358270329573893
689.0,0.00956967541227226
690.0,0.009789500741468058
691.0,0.010012332879132045
692.0,0.010230323034376551
693.0,0.010430815061485393
694.0,0.0106292804373451
695.0,0.01081593301613184
696.0,0.01095608039395745
697.0,0.011056809689847564
698.0,0.01112783259722242
699.0,0.011161769889931906
700.0,0.011160100544855323
701.0,0.011136602908126993
702.0,0.011080079564294406
703.0,0.010990634540711822
704.0,0.010874557077113494
705.0,0.010728485899188015
706.0,0.010548282334793341
707.0,0.01035418598407537
708.0,0.010143697633610385
709.0,0.009891279511767378
710.0,0.009620892565813978
711.0,0.009342590336762057
712.0,0.009041834704312888
713.0,0.008723921258517906
714.0,0.008392261836866791
715.0,0.00805210061070915
716.0,0.0076992220281068766
717.0,0.007366002607229012
718.0,0.007040344440823595
719.0,0.0067414654538170225
720.0,0.00647233017279923
721.0,0.006231359513268425
722.0,0.005987638370206332
723.0,0.005729923222752233
724.0,0.005460817344457795
725.0,0.0052023471322676105
726.0,0.0049527355997289555
727.0,0.004695313217185889
728.0,0.004429210086954406
729.0,0.004162160997061935
730.0,0.003917183194385912
731.0,0.0037079112796121706
732.0,0.003535040932001411
733.0,0.0033795733682448364
734.0,0.0032401176163982005
735.0,0.003121209978438811
736.0,0.0030273202012298813
737.0,0.0029596440629212294
738.0,0.0029208088769925944
739.0,0.0028969567403978247
740.0,0.002877562569821882
741.0,0.002857149678188967
742.0,0.002838193105492492
743.0,0.0028313509336721373
744.0,0.0028235311688411995
745.0,0.0028111075591793844
746.0,0.002803279531853953
747.0,0.002798114950154945
748.0,0.0027848856534308524
749.0,0.0027760870698246625
750.0,0.0027709337532961444
751.0,0.0027565253474381816
752.0,0.0027424582153542125
753.0,0.0027402760390918875
754.0,0.0027345655861234926
755.0,0.0027206879308065294
756.0,0.002704666040280097
757.0,0.002681159245214395
758.0,0.0026416820887847927
759.0,0.0025708923015146956
760.0,0.0024770896592253263
761.0,0.0024107783070518676
762.0,0.0023721309364588454
763.0,0.002378686616942342
764.0,0.002438597020821582
765.0,0.0024967854934089613
766.0,0.002539197422043256
767.0,0.0025871623476390283
768.0,0.002623862971291817
769.0,0.002646263724669751
770.0,0.0026631343479910246
771.0,0.002675532241695726
772.0,0.0026894357420209495
773.0,0.002701795817460248
774.0,0.0027060277235858438
775.0,0.0027169110171373365
776.0,0.0027331392574507403
777.0,0.002741240578234395
778.0,0.0027489423958200056
779.0,0.0027587543244790742
780.0,0.0027849914080546835
781.0,0.002806357682672916
782.0,0.0028164581844760846
783.0,0.0028297263262121643
784.0,0.002841233928020639
785.0,0.0028511878831901484
786.0,0.002864113538623295
787.0,0.002879822335652844
788.0,0.0028939284121668276
789.0,0.0029114035761134975
790.0,0.002929705200637443
791.0,0.0029613575963172503
792.0,0.0029928140783190217
793.0,0.003018209964015782
794.0,0.003038917438998054
795.0,0.0030579728331948295
796.0,0.0030850970704912163
797.0,0.003114360073863393
798.0,0.0031403537917905934
799.0,0.0031503721485907944
800.0,0.003152839958431506
801.0,0.0031708008978886234
802.0,0.0031867736148426555
803.0,0.003196512718701229
804.0,0.0032211323120580173
805.0,0.0032361458368180087
806.0,0.003222771559887838
807.0,0.0032032154266486168
808.0,0.003182454079467681
809.0,0.0031499053167206017
810.0,0.003120725274910751
811.0,0.0030920314622218817
812.0,0.0030302555049085463
813.0,0.0029568262393485723
814.0,0.002903793133364703
815.0,0.0028623226559554857
816.0,0.0028194211743623678
817.0,0.0027824013465227726
818.0,0.00273525960910076
819.0,0.0026729778183077644
820.0,0.0026101868842373093
821.0,0.002548405132596881
822.0,0.002478201060381315
823.0,0.0023842087609522947
824.0,0.0022777067098631253
825.0,0.002181249519684912
826.0,0.0020890799749374873
827.0,0.0019948233800109088
828.0,0.0018681607103279926
829.0,0.0017500679330600625
830.0,0.001664949057272784
831.0,0.0015888654882408996
832.0,0.0015209972756720469
833.0,0.0014608934531626443
834.0,0.0014227652321164093
835.0,0.0013989669772146956
836.0,0.0013690748345817213
837.0,0.00134948750064759
838.0,0.0013375911642557622
839.0,0.0013367520349537674
840.0,0.0013348324474862963
841.0,0.0012966784756862078
842.0,0.001264746715211967
843.0,0.0012617003549640344
844.0,0.0012603180417517035
845.0,0.0012487468758924656
846.0,0.0012383302191229832
847.0,0.0012259080262788378
848.0,0.0012059928882165757
849.0,0.0011916825057153178
850.0,0.0011714014243546934
851.0,0.0011416982396405197
852.0,0.0011284840826463693
853.0,0.0011223842199096254
854.0,0.0011040769666892341
855.0,0.001091524865044685
856.0,0.0010851200101539534
857.0,0.00108839317560382
858.0,0.0010806768512394847
859.0,0.0010552716808997
860.0,0.0010306769109547228
861.0,0.001016758441152181
862.0,0.0010209745168272672
863.0,0.0010124672581182997
864.0,0.0010050888179935484
865.0,0.0010186252405603687
866.0,0.0010059335583529438
867.0,0.0009630207625680801
868.0,0.0009371059830343661
869.0,0.0009207601916176291
870.0,0.0009027092358597999
871.0,0.0008840360570282295
872.0,0.0008711054647779928
873.0,0.0008671354061482214
874.0,0.000842752261827356
875.0,0.0008043472803432969
876.0,0.0008037949710917112
877.0,0.000808294478116489
878.0,0.000787085131044716
879.0,0.0007567929336308647
880.0,0.0007232797164344723
881.0,0.0007022480926243385
882.0,0.0006988784917900389
883.0,0.000691565625999667
884.0,0.0006476223251929661
885.0,0.0006320609843932795
886.0,0.0006383319420757844
887.0,0.0006106862197816759
888.0,0.0005845018741255613
889.0,0.0005653680240150997
890.0,0.0005502865585736983
891.0,0.0005293962172591455
892.0,0.0005045923715297199
893.0,0.0004688889012062153
894.0,0.0004165889579232565
895.0,0.00039344916555314225
896.0,0.00037119207218551923
897.0,0.0003295947065036901
898.0,0.00031510531062383784
899.0,0.00031267079387139687
