/begin_header
/west_longitude=UNKNOWN
/south_latitude=NA
/north_latitude=UNKNOWN
/calibration_files=NA
/cruise=NA
/station=NA
/documents=NA
/data_type=NA
/affiliations=NOAA
/experiment=NA
/units=nm,dl
/start_date=2019-08-07
/end_date=NA
/missing=9999
/start_time=13:53:46
/data_file_name=NA
/cloud_percent=NA
/water_depth=NA
/data_status=NA
/east_longitude=NA
/wind_speed=NA
/secchi=NA
/measurement_depth=NA
/fields=wavelength,rrs
/delimiter=comma
/contact=NA
/end_time=NA
/wave_height=NA
/investigators=NA
/end_header@
325.0,0.005274093521827443
326.0,0.005221348620093129
327.0,0.005247669029432396
328.0,0.005334473328781121
329.0,0.005310248129749111
330.0,0.005251147917672542
331.0,0.0052541593672934
332.0,0.005315810308144113
333.0,0.005409705736503172
334.0,0.005422574960532616
335.0,0.005458389671964389
336.0,0.0055485098652817335
337.0,0.005607293171916119
338.0,0.005627150355091862
339.0,0.005649050166012507
340.0,0.00570682220090894
341.0,0.0057580973448668115
342.0,0.005785552093067777
343.0,0.005826702872016647
344.0,0.005892196384403337
345.0,0.006006209886310686
346.0,0.006081161371422227
347.0,0.00609791847892164
348.0,0.006157266555202502
349.0,0.006255648603150895
350.0,0.006349322701488648
351.0,0.00642430260432276
352.0,0.006467873898645335
353.0,0.00649649091745815
354.0,0.006534782049228903
355.0,0.0066027952844791415
356.0,0.006676647743052872
357.0,0.006747846564077245
358.0,0.006782047530243943
359.0,0.006833547886603059
360.0,0.00689996313902295
361.0,0.006943307624047911
362.0,0.006973864126199478
363.0,0.006990070478443156
364.0,0.0070219071202887616
365.0,0.007053042451402371
366.0,0.0070872388886382195
367.0,0.007122542990575825
368.0,0.007150458804511969
369.0,0.0071776170687386205
370.0,0.007201886881695936
371.0,0.007229969248458215
372.0,0.0072493839957068025
373.0,0.0072842031266420765
374.0,0.007341684765845789
375.0,0.007376148643230676
376.0,0.0073961023013381
377.0,0.007403390350118011
378.0,0.00742973113890077
379.0,0.007473284092086
380.0,0.007492185211644108
381.0,0.007524221546546311
382.0,0.00757677716709704
383.0,0.007599950015976943
384.0,0.007622491164917711
385.0,0.007677202351764736
386.0,0.007714303064881169
387.0,0.0077325392485731006
388.0,0.007760321752027751
389.0,0.007786833023043617
390.0,0.007828593660450193
391.0,0.007861546190882699
392.0,0.007886204783595318
393.0,0.007934913498425816
394.0,0.007962741786197575
395.0,0.007961366511305147
396.0,0.007963215019594587
397.0,0.007974106346517466
398.0,0.007989916183482595
399.0,0.007979259567073828
400.0,0.007960135606399963
401.0,0.007969407111611574
402.0,0.007971321704975732
403.0,0.007962391181187366
404.0,0.007948795255136703
405.0,0.007937442955666105
406.0,0.007932909868637062
407.0,0.00792594656794526
408.0,0.007909852161182184
409.0,0.007887463254517496
410.0,0.007876304684610938
411.0,0.007870767660351321
412.0,0.007857728575458231
413.0,0.007849694138676207
414.0,0.007845901989198777
415.0,0.007846929844538442
416.0,0.007852921544040296
417.0,0.007859038463085867
418.0,0.00787776493768665
419.0,0.007902568627461167
420.0,0.007914339378916715
421.0,0.007931199201769315
422.0,0.00795434536335255
423.0,0.007976143279317862
424.0,0.007999049249153968
425.0,0.008023146298014521
426.0,0.008041782904577816
427.0,0.008055414575913755
428.0,0.008073361392306324
429.0,0.008086573131226682
430.0,0.008095009740157581
431.0,0.008096525338100825
432.0,0.008095231988223404
433.0,0.008099151982939107
434.0,0.008099886331522938
435.0,0.008100254155730976
436.0,0.008119798868903917
437.0,0.008146053885120507
438.0,0.00817479623388487
439.0,0.008215033029470459
440.0,0.008271117995611869
441.0,0.00835446178519154
442.0,0.008439816794341104
443.0,0.008525992057465688
444.0,0.008638796740826248
445.0,0.008767607957478708
446.0,0.008910942346734637
447.0,0.009059292803979288
448.0,0.00921112922326408
449.0,0.009370612918106225
450.0,0.009534228909186865
451.0,0.00969790440917936
452.0,0.009851813635530272
453.0,0.010004290395567843
454.0,0.010157814665447126
455.0,0.010302051426001251
456.0,0.010433310886028386
457.0,0.010544867270402184
458.0,0.010650219695257753
459.0,0.010755944361586773
460.0,0.010852412251104993
461.0,0.010943330199520498
462.0,0.01103504499327776
463.0,0.011123804807204223
464.0,0.01121167707848777
465.0,0.011301744274493857
466.0,0.011392753270927567
467.0,0.011478359184293586
468.0,0.011569647944537104
469.0,0.011663870257806169
470.0,0.011754884960758083
471.0,0.011838273367191105
472.0,0.011918560570972238
473.0,0.012000330028153093
474.0,0.012076312891853881
475.0,0.012147144898217856
476.0,0.012217067952312383
477.0,0.012287423525820965
478.0,0.012356145156899152
479.0,0.012419412640447654
480.0,0.01247878164034297
481.0,0.012542354427721142
482.0,0.012611319358033163
483.0,0.012682962788505702
484.0,0.012756423262159918
485.0,0.012833927997531053
486.0,0.012917253666352619
487.0,0.013006133689056782
488.0,0.0130916355904172
489.0,0.013171496122620804
490.0,0.013256677558372893
491.0,0.013359907645432106
492.0,0.013474047536163918
493.0,0.013597369242494292
494.0,0.013724097710828507
495.0,0.013861168139935895
496.0,0.014011785776240442
497.0,0.0141718506375343
498.0,0.01434372934616803
499.0,0.014535356372091527
500.0,0.014733158236925486
501.0,0.0149335484987879
502.0,0.015145749420069524
503.0,0.015362953764493448
504.0,0.015572756117078115
505.0,0.01578374071416562
506.0,0.01599993246265407
507.0,0.016215759595922585
508.0,0.016432199800380153
509.0,0.01664959457810192
510.0,0.01685889166901398
511.0,0.017071396811064243
512.0,0.01729258029527244
513.0,0.017523297744729417
514.0,0.017770584307852794
515.0,0.018038495036797417
516.0,0.018327468434981963
517.0,0.018634038177287378
518.0,0.018944611293435186
519.0,0.019257749935274817
520.0,0.019577765752149118
521.0,0.019902312096034075
522.0,0.020235574773663466
523.0,0.02058431056587518
524.0,0.020954689342931054
525.0,0.021347329329584965
526.0,0.021760414407681304
527.0,0.022188036270457265
528.0,0.022618765266603707
529.0,0.023046397885021743
530.0,0.023474640269424356
531.0,0.023921689315444597
532.0,0.02438406101420458
533.0,0.024850465602137137
534.0,0.02531534509771207
535.0,0.025766352596922414
536.0,0.026203000859054797
537.0,0.026639138195860928
538.0,0.027077741588545166
539.0,0.02749895728296519
540.0,0.02790454878512542
541.0,0.02829862485217909
542.0,0.02866121991250652
543.0,0.02898616545458272
544.0,0.029285243301228586
545.0,0.029556032551343415
546.0,0.029794329754947512
547.0,0.0300040459433216
548.0,0.030185009950103342
549.0,0.030338408873260475
550.0,0.03047243661402187
551.0,0.030591217201825626
552.0,0.03069068282180521
553.0,0.03077493821188859
554.0,0.030847040416285654
555.0,0.03089557672429614
556.0,0.030919769614039194
557.0,0.030926036804692303
558.0,0.030905211878097194
559.0,0.030854904124275336
560.0,0.03078632002514377
561.0,0.030698410236716968
562.0,0.03058297466483905
563.0,0.030450490899230992
564.0,0.030302392124230648
565.0,0.03013147290128395
566.0,0.029937068088212476
567.0,0.02972175000262368
568.0,0.029482877547803356
569.0,0.029221312517782753
570.0,0.028944213673380337
571.0,0.02865198065454793
572.0,0.028350920939376644
573.0,0.02804309923536934
574.0,0.02772544875490559
575.0,0.027396953017479
576.0,0.02706044613319488
577.0,0.026717229401830227
578.0,0.026359600700690405
579.0,0.02598662993496124
580.0,0.02559923571205362
581.0,0.025195968577947352
582.0,0.024784358455495287
583.0,0.024366835738106555
584.0,0.023943192143215265
585.0,0.023512724931142235
586.0,0.023077540454627666
587.0,0.022642465319559858
588.0,0.022200311184448717
589.0,0.021738908831533947
590.0,0.021269760439776703
591.0,0.020803156688949834
592.0,0.02034248564284836
593.0,0.01986696814474218
594.0,0.019358791478734514
595.0,0.018817316075254414
596.0,0.018243873296513568
597.0,0.017642899905519878
598.0,0.01702993290731931
599.0,0.01644654288143463
600.0,0.01591732361953865
601.0,0.01546820627734779
602.0,0.015092513866464157
603.0,0.014794145444600445
604.0,0.014564737780847261
605.0,0.014378251890287899
606.0,0.014218833322946111
607.0,0.014076740286876232
608.0,0.01394092399008202
609.0,0.013806546880536303
610.0,0.013673630012336424
611.0,0.01354223370889757
612.0,0.013405083856439303
613.0,0.013275573936108936
614.0,0.01315800939092979
615.0,0.013038646107229757
616.0,0.012919653686531734
617.0,0.012806271354723078
618.0,0.01270676052503325
619.0,0.01261704867305738
620.0,0.01252480995414353
621.0,0.012437630123617819
622.0,0.012365284677063855
623.0,0.012300721530207375
624.0,0.012240141090431794
625.0,0.012182149556607527
626.0,0.012127592082605856
627.0,0.012078729864666224
628.0,0.012041226847727602
629.0,0.01201547093456837
630.0,0.011996457791292754
631.0,0.011983026414743456
632.0,0.01197208434895979
633.0,0.011965647456288517
634.0,0.011969255271735101
635.0,0.011982706497289618
636.0,0.01199305337775383
637.0,0.01200476416302682
638.0,0.012030330173695494
639.0,0.012054686421660545
640.0,0.012071464235656953
641.0,0.012084353947890775
642.0,0.012089567761082682
643.0,0.012085948410922125
644.0,0.012076678802080893
645.0,0.012060090194227283
646.0,0.012033930631064808
647.0,0.011998290624966554
648.0,0.011952834164089998
649.0,0.011886155895170235
650.0,0.011796922093699461
651.0,0.011689461057071901
652.0,0.011555146070761631
653.0,0.011397485457364347
654.0,0.011234091877634016
655.0,0.01103186198586516
656.0,0.010776685539955859
657.0,0.010479501155016576
658.0,0.010182857838523194
659.0,0.009911368022620291
660.0,0.009652466896567092
661.0,0.009405343804310103
662.0,0.009166296533117329
663.0,0.008938254094522115
664.0,0.008719936257947525
665.0,0.008508895939178023
666.0,0.00830776157996145
667.0,0.008128677833776453
668.0,0.007969644060488735
669.0,0.007832629515252229
670.0,0.007717468775052219
671.0,0.007617712171528013
672.0,0.007523724941872983
673.0,0.007449456288254812
674.0,0.007397522689614325
675.0,0.007361229936450446
676.0,0.007340072823714579
677.0,0.007331114032885508
678.0,0.00734373745333815
679.0,0.0073781807464282255
680.0,0.007429564849122372
681.0,0.007510364769429609
682.0,0.007623231880224068
683.0,0.007765984322104959
684.0,0.00794202485015438
685.0,0.008166697959380709
686.0,0.008430661340469431
687.0,0.008706751476076927
688.0,0.00892278195962287
689.0,0.009118427998763048
690.0,0.009330376209558438
691.0,0.009536075902055274
692.0,0.009742664685582499
693.0,0.009954962405331641
694.0,0.0101407974574751
695.0,0.010287992555174383
696.0,0.010414821699552344
697.0,0.01051957294941014
698.0,0.01059590948994053
699.0,0.01063730739260254
700.0,0.010647928269850466
701.0,0.01063872216648164
702.0,0.010592086324356667
703.0,0.010507908936489696
704.0,0.010395241856587122
705.0,0.010255116222808199
706.0,0.010092915320594123
707.0,0.009909290123199969
708.0,0.009702064297695216
709.0,0.009466298012606487
710.0,0.00921426241774409
711.0,0.00894497939278803
712.0,0.008659215441662333
713.0,0.008368472010099505
714.0,0.008067817503005437
715.0,0.007772800108149384
716.0,0.007482327736207411
717.0,0.007199114795858365
718.0,0.006902358882519102
719.0,0.006599613559473698
720.0,0.0063244064307477615
721.0,0.006081054309254315
722.0,0.0058497394095519345
723.0,0.005614612518754818
724.0,0.005372343173719783
725.0,0.005119961789399561
726.0,0.004869200996611093
727.0,0.004625966817296643
728.0,0.004375101992254871
729.0,0.0041169753103136916
730.0,0.003866790474348067
731.0,0.0036379745712267326
732.0,0.0034434915551115517
733.0,0.003276966552989228
734.0,0.003132277240851611
735.0,0.00301715761621875
736.0,0.002928328851077085
737.0,0.002860467098389664
738.0,0.0028082969440306636
739.0,0.002771346803854836
740.0,0.0027440039408737765
741.0,0.0027209385552841225
742.0,0.002704605737292477
743.0,0.0026929637188713887
744.0,0.002680990961960844
745.0,0.002669206700056421
746.0,0.002660772926461021
747.0,0.002654645280616017
748.0,0.0026453850408955427
749.0,0.0026383871592295326
750.0,0.0026333007927642274
751.0,0.002628554255988311
752.0,0.0026233448077274337
753.0,0.0026179235483804932
754.0,0.0026105079527518854
755.0,0.0026011267547462564
756.0,0.0026014746211295422
757.0,0.0025992969943264906
758.0,0.0025910267398592266
759.0,0.0025911264740610977
760.0,0.002587453504747652
761.0,0.0025685936778606167
762.0,0.0025548801150439547
763.0,0.002552289489260866
764.0,0.002546077816629351
765.0,0.0025506165116219305
766.0,0.0025646839997664705
767.0,0.0025729098914412047
768.0,0.002578427317758422
769.0,0.002585253819224677
770.0,0.0025956186205480817
771.0,0.002606732554697149
772.0,0.0026161094828500717
773.0,0.002621479497797647
774.0,0.0026304799865967815
775.0,0.0026514275463026273
776.0,0.0026719082712834087
777.0,0.002679438523542012
778.0,0.002688250442713488
779.0,0.0027021228011665215
780.0,0.002723276685037361
781.0,0.002745159542201063
782.0,0.002769398820605953
783.0,0.002785481265321543
784.0,0.002801316298434093
785.0,0.0028266504513722963
786.0,0.0028506006779422007
787.0,0.002871211798052166
788.0,0.0028954938274810267
789.0,0.0029175604335782727
790.0,0.0029362149593746825
791.0,0.0029763568568641086
792.0,0.0030203255783020585
793.0,0.003031512197051469
794.0,0.003048413840303448
795.0,0.0030808801876465513
796.0,0.0031094089432427544
797.0,0.0031399542230978418
798.0,0.0031674380042005915
799.0,0.0031838925922666648
800.0,0.0031985913659940747
801.0,0.0032172005132000427
802.0,0.003233869548391269
803.0,0.0032464615375574135
804.0,0.003258931036369047
805.0,0.0032594914895037914
806.0,0.003254750967142553
807.0,0.0032491580450280167
808.0,0.003242548942470424
809.0,0.003227001445487122
810.0,0.003206004155489936
811.0,0.0031783084720148126
812.0,0.0031432147709863642
813.0,0.003107536495988871
814.0,0.003074149084377393
815.0,0.0030432205099096762
816.0,0.003004579339801238
817.0,0.0029563243885825227
818.0,0.0029020227794561274
819.0,0.002845419951834508
820.0,0.0027891374485109685
821.0,0.002723119307892259
822.0,0.002628787821712981
823.0,0.0025409756956891036
824.0,0.0024577421441575697
825.0,0.002370938048934453
826.0,0.002266137678155622
827.0,0.0021402117398393265
828.0,0.0020266868790124485
829.0,0.001921855942709458
830.0,0.001826209529768516
831.0,0.001753106495267328
832.0,0.0016937726842384498
833.0,0.0016298442914241401
834.0,0.001582158745865096
835.0,0.0015535021720844582
836.0,0.001508552699359986
837.0,0.0014798967620947602
838.0,0.0014737032666960338
839.0,0.0014642819828680222
840.0,0.0014496227116742417
841.0,0.0014247401757858473
842.0,0.001410049042255322
843.0,0.0014034608634239001
844.0,0.0013927190599587564
845.0,0.0013852051300144474
846.0,0.0013692953220977872
847.0,0.0013477536193864006
848.0,0.0013343082793884405
849.0,0.0013188559537928653
850.0,0.0013018500440186269
851.0,0.0012824918990254554
852.0,0.001272177757788352
853.0,0.0012673859731267292
854.0,0.001250883307973397
855.0,0.0012378110883414636
856.0,0.001226735901206023
857.0,0.0012047319885157535
858.0,0.0011971690043144382
859.0,0.0012020918590153263
860.0,0.0011923774932498022
861.0,0.0011793871828846448
862.0,0.0011688929307558972
863.0,0.0011528795223313348
864.0,0.001133383246109908
865.0,0.0011105713628652369
866.0,0.0011096203658058485
867.0,0.0011171595862871978
868.0,0.001092170870783667
869.0,0.0010754910331355568
870.0,0.0010760356369179818
871.0,0.001057128690192957
872.0,0.0010343830607779326
873.0,0.0010122077021093643
874.0,0.0010040463504025197
875.0,0.0010057634923942335
876.0,0.0009851269252819177
877.0,0.0009670905353960368
878.0,0.000966248255436359
879.0,0.0009501015121294316
880.0,0.0009256903081666448
881.0,0.0009142895302481633
882.0,0.0008978780450714163
883.0,0.0008747515470609018
884.0,0.0008610207714765356
885.0,0.0008383239482504546
886.0,0.0008202918764120285
887.0,0.000813267199197938
888.0,0.0008138722365992219
889.0,0.0008001260792201434
890.0,0.0007790787198806657
891.0,0.0007574007620879785
892.0,0.0007379423989533887
893.0,0.0007208712852531173
894.0,0.0007065426324113592
895.0,0.0006927873519072078
896.0,0.0006770621917678161
897.0,0.0006474858064803098
898.0,0.0006338332858414755
899.0,0.0006375245463657658
