/begin_header
/west_longitude=UNKNOWN
/south_latitude=NA
/north_latitude=UNKNOWN
/calibration_files=NA
/cruise=NA
/station=NA
/documents=NA
/data_type=NA
/affiliations=NOAA
/experiment=NA
/units=nm,dl
/start_date=2019-08-01
/end_date=NA
/missing=9999
/start_time=13:43:01
/data_file_name=NA
/cloud_percent=NA
/water_depth=NA
/data_status=NA
/east_longitude=NA
/wind_speed=NA
/secchi=NA
/measurement_depth=NA
/fields=wavelength,rrs
/delimiter=comma
/contact=NA
/end_time=NA
/wave_height=NA
/investigators=NA
/end_header@
325.0,0.0190507416033072
326.0,0.019003403818861574
327.0,0.018967239773408563
328.0,0.018899381655896864
329.0,0.018830068925974115
330.0,0.0187356141809223
331.0,0.018628791769689446
332.0,0.018538584780992923
333.0,0.018440190711867196
334.0,0.018296485406972048
335.0,0.018210055194293008
336.0,0.018162874750120003
337.0,0.01800308969974912
338.0,0.017871524344140917
339.0,0.01781616346529772
340.0,0.01773560074267821
341.0,0.01761799813234365
342.0,0.017514255796917625
343.0,0.017432184574287534
344.0,0.017372142784676536
345.0,0.01725148982984988
346.0,0.01713904521867885
347.0,0.017043126226199797
348.0,0.016965534243184362
349.0,0.01689596084857652
350.0,0.016799878874825497
351.0,0.016755208412386778
352.0,0.016706708002570278
353.0,0.016609382373975766
354.0,0.016518777870844284
355.0,0.016449150876599435
356.0,0.016363031266778346
357.0,0.016280694328823373
358.0,0.016196047303076985
359.0,0.01612614446736189
360.0,0.016055125376163232
361.0,0.015943910507648006
362.0,0.01584952363509851
363.0,0.015787026682481345
364.0,0.01569979312980816
365.0,0.01561244439065434
366.0,0.01553923029847542
367.0,0.015460666618950476
368.0,0.015397272379462545
369.0,0.015350678825413114
370.0,0.015275382072316598
371.0,0.015174469189387077
372.0,0.015100121385532145
373.0,0.015017627691627908
374.0,0.014918968057383533
375.0,0.014825265184666495
376.0,0.014741642607514894
377.0,0.014669669713657314
378.0,0.014583071659624466
379.0,0.014484685822031624
380.0,0.014442386790531109
381.0,0.014403145355814745
382.0,0.014331461865117648
383.0,0.01425759394549116
384.0,0.014181253140149503
385.0,0.014098590258332752
386.0,0.014025830252827578
387.0,0.013962557544058452
388.0,0.013890304972721179
389.0,0.013822013729074708
390.0,0.013754312715610001
391.0,0.013699977538071182
392.0,0.013647536872067993
393.0,0.013577750243477427
394.0,0.013508635767936563
395.0,0.013437379644871527
396.0,0.01334140668042571
397.0,0.013251267230814786
398.0,0.013169683801232467
399.0,0.01309479013617639
400.0,0.013025080687276137
401.0,0.012957131424346041
402.0,0.012898888483598695
403.0,0.012843796189776695
404.0,0.012775331254357775
405.0,0.012700034517905088
406.0,0.012613941244010229
407.0,0.01252724748670977
408.0,0.01244358193026879
409.0,0.012362915254451247
410.0,0.012284988485868429
411.0,0.012209627623053484
412.0,0.01213798773649888
413.0,0.012078134080913603
414.0,0.012029820953288696
415.0,0.011966798976855094
416.0,0.011899332516448004
417.0,0.011850109722502122
418.0,0.011801316404236175
419.0,0.011749586451598282
420.0,0.011696984308435701
421.0,0.011648093153715365
422.0,0.01160476977344615
423.0,0.011555239667687645
424.0,0.011507099667928216
425.0,0.01147011113204444
426.0,0.011432233476796219
427.0,0.01138654583692834
428.0,0.011339421067263695
429.0,0.011289591237279573
430.0,0.011233164962672546
431.0,0.011176126365446707
432.0,0.011117694986839457
433.0,0.011062824927272546
434.0,0.011016782396592373
435.0,0.010980741922394047
436.0,0.010946883950422133
437.0,0.010914795101036875
438.0,0.010887614413620069
439.0,0.010871853303434835
440.0,0.010868497326892376
441.0,0.010871191042753477
442.0,0.010880141016927138
443.0,0.01089593407327252
444.0,0.010923422933465701
445.0,0.010960633699559765
446.0,0.011000538410082986
447.0,0.011049142630157372
448.0,0.011101934401309972
449.0,0.011154617100124773
450.0,0.011203737601583877
451.0,0.01125126112033766
452.0,0.011301872407565205
453.0,0.011349985880111648
454.0,0.01139015345150245
455.0,0.01142193856508322
456.0,0.0114481480808407
457.0,0.011471585782758238
458.0,0.011489677103436065
459.0,0.011504083938106664
460.0,0.011515639032928002
461.0,0.011531228246652427
462.0,0.011555557442467081
463.0,0.011572170955014083
464.0,0.011584281719409456
465.0,0.011611600392758941
466.0,0.011643409099755881
467.0,0.01167810395311193
468.0,0.011707617796019063
469.0,0.011737547491994817
470.0,0.011773082789094067
471.0,0.01181163366916917
472.0,0.011850621046282522
473.0,0.011880434347628229
474.0,0.011913918256034123
475.0,0.011954563734718336
476.0,0.011994027820056947
477.0,0.012033953636517323
478.0,0.01207207990052548
479.0,0.012109835641371873
480.0,0.012148882486592122
481.0,0.012184620829612197
482.0,0.012220501467403007
483.0,0.012257982634124887
484.0,0.012294448527569014
485.0,0.012329427885758316
486.0,0.012360086600811334
487.0,0.012391300653967909
488.0,0.012423497200756826
489.0,0.012459748888109776
490.0,0.012500057057277641
491.0,0.012545520644737523
492.0,0.012597413365309562
493.0,0.012661077498689194
494.0,0.01274286955738264
495.0,0.012831655391942262
496.0,0.012929932762081275
497.0,0.013047469090000225
498.0,0.01317873555206689
499.0,0.013326551926930824
500.0,0.013493756998086595
501.0,0.013678122975370738
502.0,0.013871870468587923
503.0,0.014078367351608315
504.0,0.014293752769318959
505.0,0.01452730816860463
506.0,0.014781494491556153
507.0,0.015047403554885064
508.0,0.015325045611016839
509.0,0.015615146766420385
510.0,0.015917824021912483
511.0,0.01623011777937762
512.0,0.016548100967637376
513.0,0.01687738652989476
514.0,0.017219864773127213
515.0,0.017572315469241283
516.0,0.017941219727074686
517.0,0.018321112082022
518.0,0.018699170426016855
519.0,0.019068134033322925
520.0,0.01941834963708557
521.0,0.019763808107227682
522.0,0.02011213208688007
523.0,0.020456017949911687
524.0,0.020799413803500366
525.0,0.021142581303106176
526.0,0.021488882008212806
527.0,0.02183045713020067
528.0,0.02215053991894307
529.0,0.022458296010751163
530.0,0.02275723871089305
531.0,0.02304872696346217
532.0,0.023341564083708032
533.0,0.023637073779796958
534.0,0.023918559968230998
535.0,0.02418346192303511
536.0,0.024444762304752704
537.0,0.02470126777202503
538.0,0.024951516587980206
539.0,0.025194197740683814
540.0,0.02542858358862616
541.0,0.025654134734439244
542.0,0.0258676423216338
543.0,0.026066809052782886
544.0,0.026253343503776793
545.0,0.026430835513905775
546.0,0.026601582727177202
547.0,0.026758735803720884
548.0,0.02690353771710452
549.0,0.02703867133627913
550.0,0.027165263137461676
551.0,0.027284881756158973
552.0,0.027395694759657706
553.0,0.027496160778197075
554.0,0.027582551412346085
555.0,0.027654460609167923
556.0,0.027711404302439412
557.0,0.027753613448317914
558.0,0.0277809165066559
559.0,0.02779228141331554
560.0,0.027786151106475643
561.0,0.027768443923151198
562.0,0.027749632914247667
563.0,0.02771758330574291
564.0,0.027671871760322285
565.0,0.027623817784046222
566.0,0.027568536373205603
567.0,0.027504124056229477
568.0,0.027435301152595605
569.0,0.027363084049575697
570.0,0.027287752904909684
571.0,0.02720941029202108
572.0,0.027131901643784158
573.0,0.02705709864583971
574.0,0.026979895064044728
575.0,0.026899971831270485
576.0,0.0268163575115046
577.0,0.02672661817702083
578.0,0.026625556907980973
579.0,0.02651391734236455
580.0,0.02639223281020513
581.0,0.026263374533640728
582.0,0.026131116155504296
583.0,0.025994994767945794
584.0,0.025850214835214706
585.0,0.025697578766505923
586.0,0.02554486538884837
587.0,0.02539007651766851
588.0,0.025229323105501723
589.0,0.0250606334499154
590.0,0.024888184392080893
591.0,0.024719140275227196
592.0,0.024552264544737717
593.0,0.02437459600954675
594.0,0.024174367505698513
595.0,0.023944496843205747
596.0,0.02367509416421269
597.0,0.023366470709218486
598.0,0.02302542462920299
599.0,0.022673115362676945
600.0,0.022331159259089284
601.0,0.022022536104663853
602.0,0.021753724142984435
603.0,0.021524013562384075
604.0,0.021332307119711506
605.0,0.02116123108395552
606.0,0.021000360614628615
607.0,0.020841346956024673
608.0,0.020678520311432292
609.0,0.020507506177330735
610.0,0.020341060502855713
611.0,0.02017822432286103
612.0,0.019998308964850376
613.0,0.019822527702990957
614.0,0.019657480474011647
615.0,0.019497564306433422
616.0,0.019340902851082493
617.0,0.01918815402307817
618.0,0.01904956012163033
619.0,0.01892779898467813
620.0,0.018820851804480412
621.0,0.018728084765347052
622.0,0.018653855109717184
623.0,0.018584025309283984
624.0,0.01851209833051541
625.0,0.018441969080271067
626.0,0.018379489920553174
627.0,0.018327857503465085
628.0,0.018284060709970327
629.0,0.01824868448023288
630.0,0.0182247673002165
631.0,0.01820690239022906
632.0,0.018193277456237788
633.0,0.018189983649068053
634.0,0.018194480885456662
635.0,0.018205400986171606
636.0,0.018216042274427455
637.0,0.01822753755066915
638.0,0.018240978746821172
639.0,0.01825460366325888
640.0,0.01826115242927555
641.0,0.018250609117025328
642.0,0.01822507992172107
643.0,0.018189651688853854
644.0,0.018143093770804496
645.0,0.01808619718995457
646.0,0.01801590675866189
647.0,0.01793039366083952
648.0,0.01782701433709604
649.0,0.017706066089650026
650.0,0.01755807733710078
651.0,0.017368052911419476
652.0,0.01715166810527547
653.0,0.016913351202472542
654.0,0.01664693093385513
655.0,0.01629451789802238
656.0,0.015836003668358942
657.0,0.015312745373058666
658.0,0.014791319231220281
659.0,0.014293398506225321
660.0,0.01380926811981197
661.0,0.013339974213534934
662.0,0.012903858724396472
663.0,0.012502381773123364
664.0,0.012140130838086795
665.0,0.011821325401861602
666.0,0.011547641461887128
667.0,0.011324265242710244
668.0,0.011152049652823945
669.0,0.011028217335857269
670.0,0.01094907215408667
671.0,0.010912191657757244
672.0,0.010903389889845974
673.0,0.01093136737248443
674.0,0.010991359196196652
675.0,0.011061989344679661
676.0,0.011158680760838816
677.0,0.011283913938779606
678.0,0.011442396916566414
679.0,0.011639381522934039
680.0,0.011869280305024882
681.0,0.012136752449420652
682.0,0.012446513358694511
683.0,0.012803495104727206
684.0,0.013230364610751472
685.0,0.013793767305528745
686.0,0.014454835899920443
687.0,0.01514032943054166
688.0,0.01564602217365103
689.0,0.016080693688002932
690.0,0.016565867091788884
691.0,0.01709199699091594
692.0,0.017652416922469792
693.0,0.018232983251659448
694.0,0.018793641862194496
695.0,0.01930313025695654
696.0,0.01976258576761407
697.0,0.02016261490923816
698.0,0.020498249975486073
699.0,0.020765079302274926
700.0,0.020952645841801194
701.0,0.02104662537276297
702.0,0.02104291946277851
703.0,0.020944124779617844
704.0,0.02077757963557016
705.0,0.020548436909940824
706.0,0.020254579090907405
707.0,0.019902765316242067
708.0,0.019492893596371356
709.0,0.019017294045547476
710.0,0.018494279019169974
711.0,0.017936246679500018
712.0,0.017334958558525813
713.0,0.016716396535251903
714.0,0.016106697453456033
715.0,0.015514478394052117
716.0,0.014923499355467726
717.0,0.01433983061251988
718.0,0.013735097248216106
719.0,0.013119130246883198
720.0,0.012537056691754011
721.0,0.012012697250883787
722.0,0.011527007192415655
723.0,0.011047357623765776
724.0,0.010566798693543234
725.0,0.010082883265762246
726.0,0.00960802805230751
727.0,0.009132964348996143
728.0,0.008643312417507421
729.0,0.008146106448137683
730.0,0.0076701063916340085
731.0,0.007233816684038753
732.0,0.006852959203342418
733.0,0.006537401100355761
734.0,0.00627370780529133
735.0,0.006046751282117844
736.0,0.005864891467235542
737.0,0.005730968436660105
738.0,0.00563585739488308
739.0,0.005563315307774777
740.0,0.005502790825999873
741.0,0.005450267052618175
742.0,0.005407275882140619
743.0,0.005378496519077782
744.0,0.005348208120376047
745.0,0.005316710091195309
746.0,0.005290912754037146
747.0,0.005270693609055875
748.0,0.005253199936982531
749.0,0.005233393006280566
750.0,0.005210580950016482
751.0,0.00518017345710748
752.0,0.005154250588622881
753.0,0.005135814290882723
754.0,0.0051166398896122095
755.0,0.0050965879436615374
756.0,0.005089831377376961
757.0,0.005099312903057987
758.0,0.005124059763062606
759.0,0.005166243596808142
760.0,0.005198995471707098
761.0,0.005178556606857449
762.0,0.005112963227309824
763.0,0.005041167333253371
764.0,0.00499824563524769
765.0,0.004971782524985055
766.0,0.004954959947805185
767.0,0.004948596236741443
768.0,0.004943613293606047
769.0,0.00493725932505029
770.0,0.0049412067720780595
771.0,0.004953104480603058
772.0,0.0049585441565272535
773.0,0.0049679523590260895
774.0,0.004983838214647171
775.0,0.00499308496412296
776.0,0.005002463486901268
777.0,0.0050170593606886785
778.0,0.00503447759696799
779.0,0.005056144237800699
780.0,0.005083233672825849
781.0,0.005111242043644006
782.0,0.005144160607507175
783.0,0.005177658597231581
784.0,0.005211136773576121
785.0,0.005242962446151191
786.0,0.005275837233407315
787.0,0.005308351528916992
788.0,0.005348862868695613
789.0,0.005392584886222417
790.0,0.005434827991114246
791.0,0.005475759031751751
792.0,0.005519972657206609
793.0,0.005575440214735835
794.0,0.005618661882327456
795.0,0.005651190006302368
796.0,0.005693368333480412
797.0,0.005739955358282074
798.0,0.005780777723371744
799.0,0.005814294171940978
800.0,0.005843611159356784
801.0,0.0058729678142991504
802.0,0.005900873338016542
803.0,0.005928514244994283
804.0,0.005943026836384698
805.0,0.005947357266927243
806.0,0.005951344038042499
807.0,0.005943598717041487
808.0,0.005923640400906832
809.0,0.005894143802058968
810.0,0.0058551882478767945
811.0,0.005810387975476733
812.0,0.005760304317128058
813.0,0.005703237354750335
814.0,0.005637396937148967
815.0,0.005567824143315409
816.0,0.00549733810050059
817.0,0.005414150128989754
818.0,0.005332875748905374
819.0,0.0052457786746060095
820.0,0.005137687298501197
821.0,0.005019356657430867
822.0,0.004895163337681746
823.0,0.004746367004340497
824.0,0.00457742031197254
825.0,0.004406304000775353
826.0,0.004227622454518834
827.0,0.004047496401099344
828.0,0.0038763500885724477
829.0,0.003713055130139807
830.0,0.0035567886664940136
831.0,0.0034121895247588704
832.0,0.00328806329566415
833.0,0.003199346254366077
834.0,0.0031204436207709365
835.0,0.0030527067561285587
836.0,0.003016482295143834
837.0,0.0029840395093321884
838.0,0.0029460541053115746
839.0,0.0029080557446604025
840.0,0.0028743749495670164
841.0,0.002852264134564713
842.0,0.0028315656855172327
843.0,0.0028110477668028384
844.0,0.0027845290484946033
845.0,0.0027516041549125484
846.0,0.0027227875773025525
847.0,0.0026951996949247793
848.0,0.0026740654797383365
849.0,0.0026675537134704243
850.0,0.0026475896227804124
851.0,0.0026100660982376223
852.0,0.0025877688646560185
853.0,0.0025702238562405827
854.0,0.002556081076138508
855.0,0.0025294635480474304
856.0,0.002503614419561413
857.0,0.0025009511229159417
858.0,0.002481552977985462
859.0,0.002439105590670308
860.0,0.0024161681642220637
861.0,0.0024067483996087456
862.0,0.0024012623131928943
863.0,0.0023895470747546154
864.0,0.002369727919154819
865.0,0.002356879018891919
866.0,0.002341950401323818
867.0,0.002315808135650914
868.0,0.0023012693754962945
869.0,0.0022800616844517456
870.0,0.002235423403025523
871.0,0.002207656319855254
872.0,0.002185488736788317
873.0,0.002169360540265184
874.0,0.0021529413875868934
875.0,0.0021282747213520166
876.0,0.0020926383791783705
877.0,0.0020538011982244838
878.0,0.0020236264674517246
879.0,0.0020186862904253517
880.0,0.002017162233445469
881.0,0.0019874517478098335
882.0,0.0019625255071486864
883.0,0.0019353272242752944
884.0,0.001898549168844673
885.0,0.0018720323380406027
886.0,0.001856361105042615
887.0,0.0018477250055640502
888.0,0.0018346902214262187
889.0,0.0017850220187902023
890.0,0.0017549917655395539
891.0,0.0017380909433401819
892.0,0.0017101725344992008
893.0,0.0016793154393827052
894.0,0.0016529232388646942
895.0,0.0016313401436509685
896.0,0.0016161081381852367
897.0,0.0016107909049621946
898.0,0.0015905672552138726
899.0,0.0015682062652759032
