/begin_header
/west_longitude=UNKNOWN
/south_latitude=NA
/north_latitude=UNKNOWN
/calibration_files=NA
/cruise=NA
/station=NA
/documents=NA
/data_type=NA
/affiliations=NOAA
/experiment=NA
/units=nm,dl
/start_date=2019-08-07
/end_date=NA
/missing=9999
/start_time=11:53:15
/data_file_name=NA
/cloud_percent=NA
/water_depth=NA
/data_status=NA
/east_longitude=NA
/wind_speed=NA
/secchi=NA
/measurement_depth=NA
/fields=wavelength,rrs
/delimiter=comma
/contact=NA
/end_time=NA
/wave_height=NA
/investigators=NA
/end_header@
325.0,0.008497953036974275
326.0,0.008337001034741167
327.0,0.008365400165885413
328.0,0.008549395351799955
329.0,0.008439363091106182
330.0,0.008324732573554306
331.0,0.008453767382053877
332.0,0.008453443493345583
333.0,0.008436927573154883
334.0,0.008535478376068264
335.0,0.008532511602013793
336.0,0.00847140164586533
337.0,0.008532070443954348
338.0,0.008618114655828703
339.0,0.008678499545744175
340.0,0.008729844895164629
341.0,0.0087418525360646
342.0,0.008703612171888158
343.0,0.008752899547101433
344.0,0.008867041422597498
345.0,0.008905923235906851
346.0,0.008943272830714255
347.0,0.009027068045217985
348.0,0.009083100748847137
349.0,0.009151064104851166
350.0,0.009249460479386191
351.0,0.009324059980598218
352.0,0.009354997898960347
353.0,0.009386790678607608
354.0,0.009438707785161343
355.0,0.009501344382667032
356.0,0.0095658045272563
357.0,0.009602703881602158
358.0,0.009608520987802419
359.0,0.009647157274220561
360.0,0.009695542719844212
361.0,0.00972036624189453
362.0,0.009744912801306013
363.0,0.00976349330519877
364.0,0.009774820238640456
365.0,0.009786703973968807
366.0,0.00981070278574878
367.0,0.009809765720421096
368.0,0.009795699423773226
369.0,0.009819847895364445
370.0,0.009848745990473588
371.0,0.009863315092139991
372.0,0.009875099602696657
373.0,0.00988237324986344
374.0,0.009877233703512279
375.0,0.009878241220368178
376.0,0.009880765302625518
377.0,0.009875644647160422
378.0,0.009868801835392012
379.0,0.009862753869517977
380.0,0.009873709670450459
381.0,0.00989829690455946
382.0,0.009920671307714466
383.0,0.009932147619688043
384.0,0.009939967247283809
385.0,0.009959176085504912
386.0,0.009979088796325974
387.0,0.009993412152833546
388.0,0.009998970364866227
389.0,0.010008345763848268
390.0,0.010018471261289979
391.0,0.010029510524119165
392.0,0.01002633686850343
393.0,0.010007909433091867
394.0,0.010021869116740679
395.0,0.010053194928061211
396.0,0.010044139952749036
397.0,0.010024258750072321
398.0,0.010002913666396664
399.0,0.009971951930477457
400.0,0.009937623784382683
401.0,0.009906930231923924
402.0,0.009880894558545465
403.0,0.00985537096382981
404.0,0.00982065146703369
405.0,0.009788180543806192
406.0,0.00975880823928978
407.0,0.00971634167337832
408.0,0.009666881456523746
409.0,0.009613292782173485
410.0,0.009562467271455093
411.0,0.009520155335426701
412.0,0.00948398942138957
413.0,0.009449471467054948
414.0,0.009414170362321136
415.0,0.009386200701122574
416.0,0.009365442308532127
417.0,0.009352598844974497
418.0,0.009337506577023924
419.0,0.00932229827826645
420.0,0.009316937962477841
421.0,0.009321110408850065
422.0,0.009327579498431667
423.0,0.00932401758681862
424.0,0.009315626819943797
425.0,0.009316375523843254
426.0,0.009316676594576325
427.0,0.009311710242826407
428.0,0.009298606821715563
429.0,0.009283110271424129
430.0,0.00926274251350452
431.0,0.009240960927885226
432.0,0.009216509263627068
433.0,0.009188717283845906
434.0,0.009164254683492069
435.0,0.009150361621845515
436.0,0.009150956696665644
437.0,0.009158774619293646
438.0,0.00917239989627268
439.0,0.009202867160011558
440.0,0.009249900985900316
441.0,0.009303804279514494
442.0,0.009376743566191758
443.0,0.009472649967725445
444.0,0.009590896964396337
445.0,0.009722629970903413
446.0,0.009865111160165642
447.0,0.010030134268992328
448.0,0.010205901233183493
449.0,0.010378236983481575
450.0,0.010551502089433163
451.0,0.010728789939126212
452.0,0.010910232433205646
453.0,0.01108887148723014
454.0,0.01125945798535644
455.0,0.011415135729715049
456.0,0.011555231263986412
457.0,0.011686782423192332
458.0,0.011805812931672828
459.0,0.011915289295949838
460.0,0.012012759009301379
461.0,0.012104219632972283
462.0,0.012199632094020404
463.0,0.012292861057727264
464.0,0.012381892938362735
465.0,0.012471172521451196
466.0,0.012559604144718786
467.0,0.012647075798368466
468.0,0.01273844205537577
469.0,0.01283037044433726
470.0,0.012915848319819689
471.0,0.012997205312340946
472.0,0.013074587482101458
473.0,0.013150282115571666
474.0,0.013220450090830584
475.0,0.013285957727025052
476.0,0.01335130472402743
477.0,0.013413768041877178
478.0,0.013471928782533383
479.0,0.01352723027156236
480.0,0.013582864666884072
481.0,0.01364443297212595
482.0,0.013711225328751192
483.0,0.013783265682191204
484.0,0.01385554528011256
485.0,0.013930829197546273
486.0,0.014012671154081256
487.0,0.014095575777545033
488.0,0.014179213573305923
489.0,0.014269343238363898
490.0,0.01436575878463732
491.0,0.014475950597852907
492.0,0.014598025032590677
493.0,0.014731719881230742
494.0,0.014874182008123687
495.0,0.015027116534121107
496.0,0.015188864563965721
497.0,0.015370598701833863
498.0,0.015568901961273496
499.0,0.015774774725394947
500.0,0.015992547720222093
501.0,0.016221651865403145
502.0,0.016460114894576463
503.0,0.01670107959602368
504.0,0.016942999958066564
505.0,0.0171881095811813
506.0,0.017437892010178722
507.0,0.01769608769058018
508.0,0.017950203600617175
509.0,0.018199227324048953
510.0,0.018450379104477593
511.0,0.018702744732501865
512.0,0.018963832585168424
513.0,0.019234382220568672
514.0,0.019520757917362543
515.0,0.019830962864040402
516.0,0.020165636642651287
517.0,0.020524337891112184
518.0,0.02088890098245088
519.0,0.02125676269150127
520.0,0.02163340529529525
521.0,0.022017557696417396
522.0,0.022419382048743195
523.0,0.02285062421624435
524.0,0.02330804224993571
525.0,0.023790490177490665
526.0,0.02430277110379272
527.0,0.024838767821780888
528.0,0.025378832979833572
529.0,0.025920648043300375
530.0,0.02646940625103717
531.0,0.027040490713446948
532.0,0.027632990218364517
533.0,0.028238963972281678
534.0,0.02883985418956884
535.0,0.029426173273233096
536.0,0.03001172672068369
537.0,0.030588829241067116
538.0,0.031157735200589138
539.0,0.031711532116617126
540.0,0.03224838564567435
541.0,0.032768928268933115
542.0,0.033253162278674864
543.0,0.033695310016530436
544.0,0.03410182088274003
545.0,0.03447041197006462
546.0,0.034798521108321295
547.0,0.03509278809527624
548.0,0.03534949024548024
549.0,0.03555975542933133
550.0,0.03573992077064521
551.0,0.0359000209311779
552.0,0.03603779358357677
553.0,0.03615095398367632
554.0,0.03623848784244943
555.0,0.036293593196879345
556.0,0.036315280644077644
557.0,0.0363090301386127
558.0,0.036271979913113664
559.0,0.036205344270912466
560.0,0.03610765023656336
561.0,0.035981134303609066
562.0,0.0358315401149997
563.0,0.03565788879883851
564.0,0.03545908553654363
565.0,0.03522892424299911
566.0,0.03497180514427994
567.0,0.034689228027209154
568.0,0.034378385319578195
569.0,0.034041105792426
570.0,0.033682969845061826
571.0,0.033305717793312796
572.0,0.03292118217047362
573.0,0.03253689758885604
574.0,0.032148928191038983
575.0,0.03174762544867286
576.0,0.031337366321677725
577.0,0.03092217210689041
578.0,0.030500055906221478
579.0,0.03006252563085949
580.0,0.029611218681534844
581.0,0.029146499617646694
582.0,0.028670815633655238
583.0,0.0281864121111497
584.0,0.02769219649615476
585.0,0.027191592008341908
586.0,0.02668594352988126
587.0,0.026174325641461816
588.0,0.025651234317558967
589.0,0.025108984566209847
590.0,0.02455867315554885
591.0,0.024021327099587986
592.0,0.023493145420750438
593.0,0.022949991680463987
594.0,0.02237639676218949
595.0,0.021766189770553574
596.0,0.021121984787154435
597.0,0.020451953279400126
598.0,0.019771559231313456
599.0,0.019107140646003787
600.0,0.018493650843381025
601.0,0.017960151231093707
602.0,0.017516943216972742
603.0,0.017161410227760035
604.0,0.016876568538585515
605.0,0.01663851960460349
606.0,0.016430759252810102
607.0,0.016245768707291795
608.0,0.016071928805268757
609.0,0.01589838482973088
610.0,0.01572807311858184
611.0,0.015559977047385204
612.0,0.015391460098730261
613.0,0.015225705918876859
614.0,0.015062744175622367
615.0,0.014905930992715227
616.0,0.014755782257083896
617.0,0.014613083666804572
618.0,0.014481667566882527
619.0,0.014363079494048326
620.0,0.014258551823677917
621.0,0.014164136262202826
622.0,0.014074693436483002
623.0,0.013992245909246966
624.0,0.0139179587188954
625.0,0.013852195704989547
626.0,0.013790367958399724
627.0,0.013731892290259829
628.0,0.013688605577906052
629.0,0.013657633312838844
630.0,0.01363705271530992
631.0,0.013625870826052062
632.0,0.013625071959446422
633.0,0.013634816677715789
634.0,0.013654485902824264
635.0,0.013679879162109842
636.0,0.013709613198328603
637.0,0.013745781830267955
638.0,0.013788531193561836
639.0,0.013834038808025112
640.0,0.013876939611205622
641.0,0.013912384627107843
642.0,0.013936255870976869
643.0,0.013946909301398958
644.0,0.013954640694144548
645.0,0.013954007331623336
646.0,0.013931870305610819
647.0,0.013894420331665259
648.0,0.01384943727151892
649.0,0.013783613831323491
650.0,0.01369005158259864
651.0,0.013561924296136224
652.0,0.013412493703640971
653.0,0.01324647286669926
654.0,0.013066396764361294
655.0,0.012833831698927604
656.0,0.012529253935203257
657.0,0.012163360761298456
658.0,0.011792012550966166
659.0,0.01145141018316521
660.0,0.011123256100065754
661.0,0.010801851843598368
662.0,0.010488512311404794
663.0,0.01017762224313484
664.0,0.009874976633806366
665.0,0.009595837654590563
666.0,0.009341218671039198
667.0,0.009093523331208674
668.0,0.008865616793423316
669.0,0.008668859968311227
670.0,0.008512440783898534
671.0,0.008380646574904092
672.0,0.008254057914767871
673.0,0.008150788841774467
674.0,0.008074915029459315
675.0,0.008014757917286314
676.0,0.007968295102223895
677.0,0.007935535581332183
678.0,0.007937045920130814
679.0,0.007975431547172292
680.0,0.008036954874254494
681.0,0.008138386091872053
682.0,0.008288418545846174
683.0,0.008479357812523769
684.0,0.00871110440347762
685.0,0.008989426105510578
686.0,0.009327330593086717
687.0,0.009712664807232051
688.0,0.01006237114846334
689.0,0.01038945684771116
690.0,0.010727569290131555
691.0,0.011078149538394342
692.0,0.011431477246582797
693.0,0.011773886579888931
694.0,0.012107198819504209
695.0,0.012417071352072314
696.0,0.012689561919504882
697.0,0.012914996939425352
698.0,0.013090916948065153
699.0,0.013227832547474633
700.0,0.013325651240578412
701.0,0.013385139264499602
702.0,0.01339507541810799
703.0,0.01334990256372342
704.0,0.013270455523476271
705.0,0.013155187807664346
706.0,0.012994625413533838
707.0,0.01279726232124937
708.0,0.012563216363982577
709.0,0.012292406274590651
710.0,0.011995629127460725
711.0,0.011670541190314203
712.0,0.011316831721033477
713.0,0.010950895123079729
714.0,0.010581051239591311
715.0,0.010201389286574237
716.0,0.00980367904213161
717.0,0.009426425672762608
718.0,0.009045274694712013
719.0,0.008660213553876835
720.0,0.008305340893854419
721.0,0.007992915732421857
722.0,0.007687041378081701
723.0,0.0073714920311661715
724.0,0.007045320080864987
725.0,0.006719469285327117
726.0,0.006401828619475658
727.0,0.006074801901464916
728.0,0.005732884859020679
729.0,0.005385797714323749
730.0,0.005055302557799098
731.0,0.0047552921407853785
732.0,0.004501733297377255
733.0,0.004286947206272774
734.0,0.004101969894989791
735.0,0.0039372140622949674
736.0,0.003809636990128104
737.0,0.003720250266412102
738.0,0.003651976459828514
739.0,0.003605916042754969
740.0,0.0035729419567888552
741.0,0.0035437658677070763
742.0,0.0035200959312176533
743.0,0.0035097247324528567
744.0,0.0034960801752232295
745.0,0.0034753438976291248
746.0,0.0034671683981658784
747.0,0.0034614784138753824
748.0,0.0034504082372776926
749.0,0.0034414395599367278
750.0,0.003435493885394822
751.0,0.003422175876967525
752.0,0.0034087230744918586
753.0,0.0034061567542409852
754.0,0.0034042938339116187
755.0,0.003399681524309076
756.0,0.003391255591262151
757.0,0.003379723828760848
758.0,0.003363410736699879
759.0,0.0033311270374588044
760.0,0.0032837065018152924
761.0,0.0032287608450945944
762.0,0.003197437196420596
763.0,0.0032004722819047463
764.0,0.003236672092589839
765.0,0.003264610449834967
766.0,0.00328235351034119
767.0,0.0033166427277464576
768.0,0.0033530765072037915
769.0,0.0033698002102899452
770.0,0.003378127502239594
771.0,0.0033905840971112143
772.0,0.003418999019009483
773.0,0.0034387294632709205
774.0,0.0034468246841413953
775.0,0.003456344569686474
776.0,0.003475476256270955
777.0,0.003500403395372391
778.0,0.003525884679792475
779.0,0.00354980234481649
780.0,0.0035723231233460136
781.0,0.00359657764325558
782.0,0.0036217780392657404
783.0,0.003645880425624291
784.0,0.0036729738035771466
785.0,0.0037069716882152854
786.0,0.0037350529964809676
787.0,0.003758478668919757
788.0,0.00378897199590224
789.0,0.0038226583436161213
790.0,0.00385191203834736
791.0,0.0038893765603872704
792.0,0.003937248916023971
793.0,0.003975310296491454
794.0,0.004011621070284732
795.0,0.00404455659755931
796.0,0.004072303868166556
797.0,0.0041063017241712825
798.0,0.004144299935358766
799.0,0.004177488068820813
800.0,0.004208651530475569
801.0,0.004228879352548984
802.0,0.004249556327763439
803.0,0.004273270532521535
804.0,0.004278977858111268
805.0,0.004283963950779605
806.0,0.004291882030319538
807.0,0.00428405147777996
808.0,0.004267802253264768
809.0,0.004241338513136227
810.0,0.004211143810870021
811.0,0.004179095678032268
812.0,0.004128027649553068
813.0,0.0040640580235886134
814.0,0.004008049938657799
815.0,0.003950887616529519
816.0,0.0038917840904202686
817.0,0.003844417444143803
818.0,0.003782852342200415
819.0,0.0036990996470820285
820.0,0.003612184269147805
821.0,0.0035184872481953977
822.0,0.003417336812653396
823.0,0.003302460539305202
824.0,0.0031683047498118912
825.0,0.0030405684312560894
826.0,0.002907266994392779
827.0,0.0027622888012268807
828.0,0.002609017469281014
829.0,0.0024577444290901336
830.0,0.002329535335523942
831.0,0.0022218184199658863
832.0,0.0021351829493217954
833.0,0.0020609315475371417
834.0,0.0019949932862848413
835.0,0.0019377986994639454
836.0,0.001903765760503039
837.0,0.001877212231404832
838.0,0.0018459670008037759
839.0,0.0018221585317581754
840.0,0.0018104046381106492
841.0,0.0017824479132699431
842.0,0.0017604598914934325
843.0,0.00174669358733364
844.0,0.0017194896236377905
845.0,0.001693210918916528
846.0,0.001680467683438496
847.0,0.0016656913240367037
848.0,0.0016448166098069616
849.0,0.0016299489758977597
850.0,0.0016078131890195503
851.0,0.0015787444349901376
852.0,0.0015585547512558012
853.0,0.001551633721063566
854.0,0.0015517862365027177
855.0,0.0015324402952577912
856.0,0.0014937269359644035
857.0,0.0014829763263727964
858.0,0.0014720140888814163
859.0,0.0014548041499651827
860.0,0.001428125575742966
861.0,0.0014008974321589
862.0,0.0014107140340732713
863.0,0.0014110293464295828
864.0,0.0013926624591049613
865.0,0.0013621411209298584
866.0,0.001341041349913126
867.0,0.001337596209009357
868.0,0.0012974813095142364
869.0,0.0012665316696310988
870.0,0.0012809849114491212
871.0,0.0012680498890275504
872.0,0.0012337853949775102
873.0,0.0012018367110447129
874.0,0.0011888702270323162
875.0,0.0011828102658540715
876.0,0.0011614775814999298
877.0,0.0011464739627614611
878.0,0.0011371246780288381
879.0,0.0010944831140864844
880.0,0.0010480019740974897
881.0,0.0010206766891635403
882.0,0.00099861155112774
883.0,0.00098729277741792
884.0,0.000992019160383021
885.0,0.0009718785537097553
886.0,0.0009140534277093943
887.0,0.0009034201006810308
888.0,0.0009094591341754172
889.0,0.0008627012813474019
890.0,0.0008386054470407519
891.0,0.000839055047547428
892.0,0.0007896235592158119
893.0,0.0007627260914120497
894.0,0.0007614547124236363
895.0,0.0007285512355484174
896.0,0.0007146438714958686
897.0,0.0007001670150141236
898.0,0.0006539419730312438
899.0,0.0006078249095981983
