/begin_header
/west_longitude=UNKNOWN
/south_latitude=NA
/north_latitude=UNKNOWN
/calibration_files=NA
/cruise=NA
/station=NA
/documents=NA
/data_type=NA
/affiliations=NOAA
/experiment=NA
/units=nm,dl
/start_date=2019-08-07
/end_date=NA
/missing=9999
/start_time=13:10:23
/data_file_name=NA
/cloud_percent=NA
/water_depth=NA
/data_status=NA
/east_longitude=NA
/wind_speed=NA
/secchi=NA
/measurement_depth=NA
/fields=wavelength,rrs
/delimiter=comma
/contact=NA
/end_time=NA
/wave_height=NA
/investigators=NA
/end_header@
325.0,0.010850613560517537
326.0,0.010841233585445035
327.0,0.010847993422829518
328.0,0.010839778754660575
329.0,0.010904044666323068
330.0,0.010949422527689401
331.0,0.01096189142062781
332.0,0.010948699214472033
333.0,0.010933544469724226
334.0,0.010894439886183629
335.0,0.010892197327611892
336.0,0.010911068478809002
337.0,0.010937752063080243
338.0,0.010925349173547861
339.0,0.010882896101722968
340.0,0.01089347167346219
341.0,0.010927848252101661
342.0,0.010958768653924264
343.0,0.010971660331619948
344.0,0.010981627550670744
345.0,0.011049948410502091
346.0,0.01113964822188437
347.0,0.011210501302785194
348.0,0.011222950257203688
349.0,0.011249532502355029
350.0,0.01130222010253305
351.0,0.011363460843562115
352.0,0.01141652469233053
353.0,0.011444880772786506
354.0,0.01146905171990473
355.0,0.011504826867223896
356.0,0.011544979015256373
357.0,0.011567237567555549
358.0,0.011576145124432426
359.0,0.01157811255932883
360.0,0.01158661389797864
361.0,0.011626387440437206
362.0,0.01164152266634063
363.0,0.011618081943494292
364.0,0.011600261485162588
365.0,0.011582455344871892
366.0,0.011561455926617198
367.0,0.011549683022472276
368.0,0.011536478432506528
369.0,0.011506000725528173
370.0,0.011478653885111276
371.0,0.011462145452870637
372.0,0.011441961116041304
373.0,0.011434639963201857
374.0,0.011427808721114652
375.0,0.011370890657927672
376.0,0.011317561449353501
377.0,0.011312027177882197
378.0,0.011295191636587302
379.0,0.01125430052195278
380.0,0.011234773436083622
381.0,0.01123283233619229
382.0,0.011222140241114512
383.0,0.011210208615677609
384.0,0.011196950059872037
385.0,0.011173029696812184
386.0,0.01114763078535085
387.0,0.01112845743302407
388.0,0.011131247552531424
389.0,0.011132346673823398
390.0,0.011116286342671429
391.0,0.01109471767969603
392.0,0.011070278043580038
393.0,0.011051256126129259
394.0,0.011032616669075008
395.0,0.011011111818997537
396.0,0.010960949011566499
397.0,0.01090729207951879
398.0,0.010857046671701379
399.0,0.0108057591184425
400.0,0.010748266328375063
401.0,0.010699394304109985
402.0,0.010653599662133128
403.0,0.010607453288855493
404.0,0.010556209788889015
405.0,0.010496856636197928
406.0,0.010431615511953077
407.0,0.010362884528866412
408.0,0.01028687997835507
409.0,0.010211676595846975
410.0,0.010136446859057008
411.0,0.01006601925130177
412.0,0.010006134218260732
413.0,0.009951585589780876
414.0,0.009901650656526595
415.0,0.00985719574547687
416.0,0.009814426747489054
417.0,0.009779496412160311
418.0,0.009747601499491002
419.0,0.009716560299540931
420.0,0.009691950882375375
421.0,0.009665274304897449
422.0,0.009635350031562902
423.0,0.009611369238926193
424.0,0.00959237939926675
425.0,0.00957259070904954
426.0,0.00955194814238688
427.0,0.009531019835123769
428.0,0.009500019958653821
429.0,0.009463223163106316
430.0,0.009426289326970082
431.0,0.009385472340080274
432.0,0.009339115079997769
433.0,0.009291391074639254
434.0,0.00925310531972882
435.0,0.009226650966666992
436.0,0.00920183530350393
437.0,0.009188051328441698
438.0,0.009192572991139621
439.0,0.009210469147989911
440.0,0.009239850738360266
441.0,0.009277412689816616
442.0,0.009332718676239216
443.0,0.009408170008270093
444.0,0.00949302472232314
445.0,0.009593517209233383
446.0,0.009716803271541336
447.0,0.00985003650905137
448.0,0.00999133759524099
449.0,0.010137463257599443
450.0,0.010285642960214291
451.0,0.010433860354232136
452.0,0.010579171594902351
453.0,0.010719356368459339
454.0,0.010852154663556561
455.0,0.010975048400916777
456.0,0.01108645826706724
457.0,0.011185856801509703
458.0,0.011274910920378583
459.0,0.011360585676655752
460.0,0.011437615054514051
461.0,0.011508463587078025
462.0,0.011577714825918262
463.0,0.011646556252173408
464.0,0.011715685294457906
465.0,0.011781919773045196
466.0,0.011852189867533378
467.0,0.0119271795294706
468.0,0.011995144829226239
469.0,0.0120612201706303
470.0,0.012130780332440194
471.0,0.0121975035426049
472.0,0.012259567801489731
473.0,0.012315829043542843
474.0,0.0123689241311629
475.0,0.012422711356032949
476.0,0.012471439985787428
477.0,0.012515049413692442
478.0,0.012560141750138597
479.0,0.012605235884217492
480.0,0.012649652033237629
481.0,0.012697124960443552
482.0,0.012747163732910082
483.0,0.012796099407887987
484.0,0.012853540665059901
485.0,0.012916686358456182
486.0,0.012974786840325886
487.0,0.013036893760933515
488.0,0.013102123178012565
489.0,0.013169963301213833
490.0,0.013244360767085031
491.0,0.013331859749027902
492.0,0.013432883343424195
493.0,0.013547303728895418
494.0,0.013669045466426865
495.0,0.013799593463656529
496.0,0.013939329589955946
497.0,0.014100361746053686
498.0,0.01427889702124592
499.0,0.014466141124705525
500.0,0.014668296963431826
501.0,0.014881018960217707
502.0,0.01509449359216988
503.0,0.015315890993640552
504.0,0.01554701808121994
505.0,0.015778205814876493
506.0,0.016010992152426826
507.0,0.01625207641560355
508.0,0.016491957041936036
509.0,0.016729037483478017
510.0,0.016970099908473618
511.0,0.017210788143128108
512.0,0.017450575289540752
513.0,0.017701642507462235
514.0,0.017970816534029103
515.0,0.018257667239244303
516.0,0.018563491055649438
517.0,0.018885969864127973
518.0,0.01921613290848994
519.0,0.01954794687205039
520.0,0.019882741415505136
521.0,0.02022789920559758
522.0,0.020589682281384608
523.0,0.020966861033956584
524.0,0.021369249537469374
525.0,0.021799887949236322
526.0,0.022255857283032775
527.0,0.022736151860700306
528.0,0.02322638699628645
529.0,0.023715780429780495
530.0,0.024208671748025497
531.0,0.02472493116057418
532.0,0.02526620724094546
533.0,0.025826528193936927
534.0,0.026384555017815246
535.0,0.026930651973359993
536.0,0.027476816661049046
537.0,0.028017870775048977
538.0,0.028552784814808073
539.0,0.029084039533165164
540.0,0.02960335241247337
541.0,0.03010189117896962
542.0,0.030569360587172422
543.0,0.031000369192404963
544.0,0.031398761362780095
545.0,0.0317615048946175
546.0,0.03208605368778188
547.0,0.03238027958878518
548.0,0.03264240625101366
549.0,0.03287176488758263
550.0,0.03306695730494409
551.0,0.033233081012578096
552.0,0.0333786482940236
553.0,0.03349864020858903
554.0,0.033589999434974496
555.0,0.03365357116383037
556.0,0.03368932681727851
557.0,0.03369426400304777
558.0,0.03367086676299076
559.0,0.03362230927394156
560.0,0.03354899397823832
561.0,0.03345134303854643
562.0,0.033330094536831376
563.0,0.03319283080590939
564.0,0.033037419679440315
565.0,0.03285083125785062
566.0,0.03263998746835726
567.0,0.03241410392484827
568.0,0.032165824632065285
569.0,0.03189586483802219
570.0,0.031612101066743774
571.0,0.031318032693119745
572.0,0.031022432765785608
573.0,0.03072757484723402
574.0,0.03043266873325292
575.0,0.030140228641151234
576.0,0.02984503244950354
577.0,0.029547740093659913
578.0,0.02925143714144836
579.0,0.02894043331099012
580.0,0.02861133702308034
581.0,0.02827195950714312
582.0,0.027920901489582834
583.0,0.027553968080370493
584.0,0.027175346817225544
585.0,0.026784527547700342
586.0,0.02637895334587208
587.0,0.025958730009669632
588.0,0.02551976802311845
589.0,0.025063386452522783
590.0,0.024598653472381483
591.0,0.024134799813020226
592.0,0.023669147000298527
593.0,0.02318060007964504
594.0,0.022659966500569527
595.0,0.022104290742067212
596.0,0.021511704154090906
597.0,0.020885818273477165
598.0,0.02024234986061975
599.0,0.01961627930538685
600.0,0.019041242776788515
601.0,0.01854579242773967
602.0,0.018125624081757236
603.0,0.017781181587419558
604.0,0.01750598487872163
605.0,0.01727439376999422
606.0,0.017068666684380777
607.0,0.016874876969145296
608.0,0.016689144857378182
609.0,0.016505842153280367
610.0,0.016322038678509343
611.0,0.01613859622179275
612.0,0.01595962900366327
613.0,0.01578300654606588
614.0,0.015610433551505815
615.0,0.015442502001896449
616.0,0.015283335001559675
617.0,0.015137227458307983
618.0,0.014995181661076296
619.0,0.014857920131068361
620.0,0.014737857890283612
621.0,0.01463132020066587
622.0,0.014536887413922676
623.0,0.014444797494079828
624.0,0.014356621548773273
625.0,0.014282757167364527
626.0,0.01421570284954567
627.0,0.014155073588846287
628.0,0.014112252540341246
629.0,0.014080661265766797
630.0,0.014060680702508732
631.0,0.014050562999981623
632.0,0.01404575759174515
633.0,0.014049730123918348
634.0,0.014068917154178903
635.0,0.014102254537269205
636.0,0.014131725206214012
637.0,0.014162653740640203
638.0,0.014206214119579678
639.0,0.0142515211057441
640.0,0.014289881955805984
641.0,0.01431336037589102
642.0,0.014327697126173919
643.0,0.014331884946750792
644.0,0.014326049098317644
645.0,0.01430519512699385
646.0,0.01425639101905811
647.0,0.014196366812035122
648.0,0.014127157988390236
649.0,0.014033796634873271
650.0,0.013911269100555323
651.0,0.013752325584136155
652.0,0.013558902910819359
653.0,0.01333879055413944
654.0,0.013110442533716248
655.0,0.01282467452850454
656.0,0.012454924559956029
657.0,0.012037214948980936
658.0,0.011626026420095751
659.0,0.011236222235458122
660.0,0.010853870993961404
661.0,0.01047767430564012
662.0,0.010117841476239947
663.0,0.009767600371298934
664.0,0.009425101506618638
665.0,0.00910745673185152
666.0,0.008816842687200645
667.0,0.00854105330565914
668.0,0.008297620213042058
669.0,0.008094577624298261
670.0,0.007923375480089418
671.0,0.00778044196778858
672.0,0.007659057342848601
673.0,0.007560685771331829
674.0,0.007482900782146773
675.0,0.0074251811859048205
676.0,0.007388502486647905
677.0,0.0073706490745866745
678.0,0.007382092359881641
679.0,0.007427103957974702
680.0,0.007505533226736022
681.0,0.007622922295676069
682.0,0.0077834370597949995
683.0,0.00799462429437461
684.0,0.008247235617012908
685.0,0.008547258847641603
686.0,0.00891257699304559
687.0,0.00932573089651052
688.0,0.009692061157694266
689.0,0.010039561959066393
690.0,0.01041609275200884
691.0,0.010801893776513593
692.0,0.011196952398961308
693.0,0.011589724782611867
694.0,0.011979499476301636
695.0,0.01234549765162608
696.0,0.012667189957947958
697.0,0.012956068460980668
698.0,0.013217052719058478
699.0,0.013446234434371304
700.0,0.0136382080985542
701.0,0.01378748118731431
702.0,0.013886004621877024
703.0,0.013932596797437469
704.0,0.013927765344798981
705.0,0.013874610906347323
706.0,0.013780284966779379
707.0,0.013639936010433834
708.0,0.013453070925919058
709.0,0.013227043894845941
710.0,0.012964098117599526
711.0,0.012663458596687724
712.0,0.012331637014076299
713.0,0.011977329379349344
714.0,0.011608183947637268
715.0,0.011235634828745206
716.0,0.010850474017676201
717.0,0.010455900109421224
718.0,0.01004793596069371
719.0,0.009653611610327576
720.0,0.009284136013867602
721.0,0.008943710105861962
722.0,0.008598929642742448
723.0,0.008241208888085001
724.0,0.007874946132450652
725.0,0.007513117616343323
726.0,0.007153290844149289
727.0,0.0067747396004555665
728.0,0.006383972440892932
729.0,0.005990289221986326
730.0,0.005604805077350559
731.0,0.005254528907118172
732.0,0.0049553037055364586
733.0,0.004695841128902445
734.0,0.004473888278970576
735.0,0.004291065762618577
736.0,0.0041408602542805945
737.0,0.004024243485472903
738.0,0.003946671584448556
739.0,0.003894595823230216
740.0,0.0038584943137588527
741.0,0.0038294697799400217
742.0,0.0038026619550018555
743.0,0.003781150230595113
744.0,0.0037681359883991435
745.0,0.003758798050689545
746.0,0.003747968703297597
747.0,0.003734481533837729
748.0,0.003723446843604157
749.0,0.003715417248654286
750.0,0.003706743109452869
751.0,0.003696785117367857
752.0,0.0036837018229920653
753.0,0.003672089460991767
754.0,0.0036645025057588216
755.0,0.0036553450121844036
756.0,0.003641548063752908
757.0,0.0036284632297271073
758.0,0.0036195604309535493
759.0,0.0035929108093486666
760.0,0.0035485796432878866
761.0,0.0035149280939075476
762.0,0.0034939450842441226
763.0,0.0034977695594678323
764.0,0.00352032207347486
765.0,0.0035462262364651617
766.0,0.0035693206081254905
767.0,0.003588996644119801
768.0,0.0036108678185685895
769.0,0.003635203461531266
770.0,0.003648573641402019
771.0,0.003658780011364088
772.0,0.003685645440733079
773.0,0.003709997777240266
774.0,0.0037286637017843022
775.0,0.0037507058482422278
776.0,0.003776244519250539
777.0,0.0037914164638062535
778.0,0.003812373760478549
779.0,0.0038410335328495455
780.0,0.003871794561997827
781.0,0.0039046485161761137
782.0,0.00393593622545901
783.0,0.003969128777634083
784.0,0.0040042155596419935
785.0,0.00403639185425769
786.0,0.004071290605332804
787.0,0.004110759746825229
788.0,0.004141061831944594
789.0,0.004179062209274775
790.0,0.004235715444833403
791.0,0.004283910708269253
792.0,0.004325185824841706
793.0,0.004377553504645285
794.0,0.0044228253171118585
795.0,0.004457298554588268
796.0,0.004503715007015015
797.0,0.004550312007900544
798.0,0.004589129792719431
799.0,0.0046189998051368916
800.0,0.004646732383057213
801.0,0.004677230632111554
802.0,0.004704522259656443
803.0,0.004725134798592456
804.0,0.004742529144825974
805.0,0.00475449591574196
806.0,0.004753867709400074
807.0,0.004750429523303785
808.0,0.004736912035375381
809.0,0.004703849467120333
810.0,0.004660994185092261
811.0,0.0046116024989923225
812.0,0.004555170078425137
813.0,0.004492692924969067
814.0,0.004434283982789883
815.0,0.004362666442758896
816.0,0.004280007952611654
817.0,0.0042139916348018416
818.0,0.0041421088885170414
819.0,0.004051086226296646
820.0,0.003948377244412844
821.0,0.003834336981424131
822.0,0.0037104182682130274
823.0,0.003565239555106032
824.0,0.0034084555992981817
825.0,0.0032313156901650404
826.0,0.00305839380697291
827.0,0.0028983418895507282
828.0,0.0027094752148702234
829.0,0.0025232287049076346
830.0,0.00238437860028489
831.0,0.002248304438012438
832.0,0.0021183278718935068
833.0,0.0020317731481950246
834.0,0.001956259630396204
835.0,0.0018909127161467244
836.0,0.0018500886879541094
837.0,0.001812107800661384
838.0,0.0017645488776677585
839.0,0.0017334054837845655
840.0,0.0017210808965075811
841.0,0.0016843296422858589
842.0,0.0016529940100358698
843.0,0.0016366298467424846
844.0,0.0016122350491762749
845.0,0.0015870189742367875
846.0,0.0015668766317478925
847.0,0.0015474616889880962
848.0,0.0015179843030067247
849.0,0.0014848902197254306
850.0,0.0014547130376270305
851.0,0.0014330153270474722
852.0,0.0014140536978207072
853.0,0.001397520096684092
854.0,0.0013860308377638905
855.0,0.0013586772062097238
856.0,0.0013271590087180437
857.0,0.0013077873377486675
858.0,0.0012949810237613516
859.0,0.001280744869729763
860.0,0.001280833760441162
861.0,0.0012634572072643924
862.0,0.001219447308061281
863.0,0.001194564436639639
864.0,0.0011864727096878645
865.0,0.0011675082032489615
866.0,0.001150276237566345
867.0,0.0011355574760231115
868.0,0.001116241589469477
869.0,0.0010932683154582616
870.0,0.001066609002060892
871.0,0.00103157404788324
872.0,0.0009858568191008859
873.0,0.0009700346679139441
874.0,0.0009556251041376309
875.0,0.0009319899265794254
876.0,0.0009078887037953793
877.0,0.0008800086420845002
878.0,0.000859375878111087
879.0,0.0008336771138282593
880.0,0.0008008712929121798
881.0,0.000754467260084293
882.0,0.0007229249439016534
883.0,0.0007128856737772307
884.0,0.0006981645583197457
885.0,0.000678282010861575
886.0,0.0006470109554401928
887.0,0.0006021642182010834
888.0,0.0005588703741774986
889.0,0.0005367238628355799
890.0,0.0005213056011163763
891.0,0.000496958233961255
892.0,0.0004685831694529681
893.0,0.0004371174807622534
894.0,0.0004044021302369286
895.0,0.00038769502516395135
896.0,0.00037188938363095744
897.0,0.0003346191357301516
898.0,0.00029925029347345586
899.0,0.000271854934520397
