/begin_header
/west_longitude=UNKNOWN
/south_latitude=NA
/north_latitude=UNKNOWN
/calibration_files=NA
/cruise=NA
/station=NA
/documents=NA
/data_type=NA
/affiliations=NOAA
/experiment=NA
/units=nm,dl
/start_date=2019-10-08
/end_date=NA
/missing=9999
/start_time=10:31:09
/data_file_name=NA
/cloud_percent=NA
/water_depth=NA
/data_status=NA
/east_longitude=NA
/wind_speed=NA
/secchi=NA
/measurement_depth=NA
/fields=wavelength,rrs
/delimiter=comma
/contact=NA
/end_time=NA
/wave_height=NA
/investigators=NA
/end_header@
325.0,0.010566836459700036
326.0,0.01042235870038844
327.0,0.0104524325765942
328.0,0.010483003565799414
329.0,0.010282449487534023
330.0,0.01014872872830766
331.0,0.010251596805655292
332.0,0.010217975027598497
333.0,0.01013414981966622
334.0,0.010180020214369699
335.0,0.01007619085940632
336.0,0.009861162803441915
337.0,0.009836313254974539
338.0,0.009870345449480681
339.0,0.009854504946946825
340.0,0.00980282450947483
341.0,0.009729724412992075
342.0,0.009653178859636808
343.0,0.009652598461228235
344.0,0.009679965628149313
345.0,0.009676489188269572
346.0,0.009655016163962799
347.0,0.009597900834610991
348.0,0.0095621090586577
349.0,0.00954675748445866
350.0,0.00953196376437925
351.0,0.009548988798586486
352.0,0.009566217371728681
353.0,0.009562044706589617
354.0,0.009529417897342555
355.0,0.009501497121687475
356.0,0.009487171517403501
357.0,0.009453698369356969
358.0,0.009427828745861424
359.0,0.009396103146299847
360.0,0.00936904910830281
361.0,0.009336622259494765
362.0,0.009332780939143696
363.0,0.00934534594130169
364.0,0.009314157461702714
365.0,0.009269209189740429
366.0,0.00923778273470207
367.0,0.009239627431532347
368.0,0.00924183268438076
369.0,0.009208456378282322
370.0,0.009193084613194614
371.0,0.009180407532482853
372.0,0.009103606419204774
373.0,0.00905524991803828
374.0,0.00905573205772556
375.0,0.009042920146868591
376.0,0.009015788717541062
377.0,0.008962882408379233
378.0,0.008962440317902033
379.0,0.008989827057944115
380.0,0.008925475489145464
381.0,0.0088916434389631
382.0,0.008911245430936483
383.0,0.008884835810772453
384.0,0.00885435752925177
385.0,0.008852266878988498
386.0,0.008803302636585032
387.0,0.008736038474005472
388.0,0.008750245212052175
389.0,0.008762221114041985
390.0,0.008737707050770151
391.0,0.008713739441431388
392.0,0.00868771298551958
393.0,0.008662144971197487
394.0,0.008658117581162975
395.0,0.00865846084729399
396.0,0.008613810946096355
397.0,0.008571642623686274
398.0,0.008531746074142435
399.0,0.008470972192127533
400.0,0.008411208509744071
401.0,0.008395953335275031
402.0,0.008372892794066649
403.0,0.008338338336773464
404.0,0.008304243783038075
405.0,0.008267629735612016
406.0,0.00822799533503833
407.0,0.008191469868600658
408.0,0.008147120881117537
409.0,0.008095974339094727
410.0,0.00805483030559449
411.0,0.008024382195804185
412.0,0.007986358869604268
413.0,0.007956824001457094
414.0,0.007937128183036874
415.0,0.00790367155576915
416.0,0.007881725789045602
417.0,0.007887148537283681
418.0,0.00787928498471667
419.0,0.007857822074806156
420.0,0.007851343610607929
421.0,0.007845423397744706
422.0,0.007833349427607357
423.0,0.00783495820076619
424.0,0.007840575162415615
425.0,0.007818268939082005
426.0,0.007807570437616889
427.0,0.007810310791448928
428.0,0.007801819846917893
429.0,0.007783682444656205
430.0,0.007762640534689639
431.0,0.007746000884457135
432.0,0.007730849802000414
433.0,0.0077192457199556155
434.0,0.007703236445315625
435.0,0.007682793037516204
436.0,0.007682463097536643
437.0,0.007696443726357377
438.0,0.007711026575925971
439.0,0.007734660849915276
440.0,0.007766127679755255
441.0,0.007804710758500246
442.0,0.007862185409995464
443.0,0.007934469864033606
444.0,0.00799782967623021
445.0,0.008067462600343519
446.0,0.008154730615950383
447.0,0.008246886271345297
448.0,0.008341723228543528
449.0,0.008439436787562721
450.0,0.00853006079804079
451.0,0.00861132635816773
452.0,0.008702362627544534
453.0,0.008792164462477738
454.0,0.008875455263620824
455.0,0.008947135318474228
456.0,0.009006396640267639
457.0,0.009053934361908161
458.0,0.009101856367161687
459.0,0.00915542799531011
460.0,0.009209224948077407
461.0,0.009259704200826235
462.0,0.009304723454836917
463.0,0.009350607101253927
464.0,0.00939820811915852
465.0,0.009459447718254473
466.0,0.00952643846568654
467.0,0.00958811146408393
468.0,0.009656627798593642
469.0,0.009732217625819906
470.0,0.009814388142926293
471.0,0.009897006714207204
472.0,0.009977504302197517
473.0,0.01005868453370606
474.0,0.010148185507592278
475.0,0.010243172832580697
476.0,0.010326844742412796
477.0,0.01040416981179923
478.0,0.010482017282580235
479.0,0.010556712852983197
480.0,0.010627069389892897
481.0,0.010690462212862574
482.0,0.01075149482156997
483.0,0.010809183822525385
484.0,0.01086644055733847
485.0,0.010918264943197725
486.0,0.010957697801640085
487.0,0.010999137372331599
488.0,0.011040933029137109
489.0,0.011078978194166467
490.0,0.011112690457852101
491.0,0.011147244564415633
492.0,0.01119774121892258
493.0,0.011265244128163206
494.0,0.011335303584378587
495.0,0.011409135937652281
496.0,0.011495766509841111
497.0,0.011597740219398061
498.0,0.011718362609259386
499.0,0.011853318995751767
500.0,0.01199623645913864
501.0,0.012149404186986687
502.0,0.01232375448278764
503.0,0.012511652425799828
504.0,0.012703123951848357
505.0,0.012907003062530772
506.0,0.013119069250187729
507.0,0.01334154513873905
508.0,0.0135718152195743
509.0,0.013807455214362028
510.0,0.0140609366902711
511.0,0.01431838805858551
512.0,0.014571990410684512
513.0,0.014838917751564273
514.0,0.015118734092281219
515.0,0.015400839795318588
516.0,0.015690023056532727
517.0,0.015981707804973235
518.0,0.01626721220087598
519.0,0.016541847194464863
520.0,0.016793748876805084
521.0,0.017030611983231518
522.0,0.017263624026677447
523.0,0.017495476012976286
524.0,0.0177238652959053
525.0,0.017945101313375428
526.0,0.018161874211796984
527.0,0.018370072703386493
528.0,0.018570662367486824
529.0,0.01875621123344129
530.0,0.01892614708010414
531.0,0.0190989177281663
532.0,0.019271925015061142
533.0,0.019443081229753773
534.0,0.019601967257843248
535.0,0.01974852963458486
536.0,0.019896966379745487
537.0,0.020042579437498088
538.0,0.0201794745058061
539.0,0.020312722681812646
540.0,0.02044143772900505
541.0,0.020562124839858743
542.0,0.020670087904533545
543.0,0.020768341166844288
544.0,0.02086870526214408
545.0,0.020961092140577182
546.0,0.021044679887024787
547.0,0.02112356158911293
548.0,0.02119601274809482
549.0,0.02127166034652243
550.0,0.021350398280319306
551.0,0.02143044874202136
552.0,0.02150138268951683
553.0,0.021569454895416985
554.0,0.02163816436806463
555.0,0.02171353432337981
556.0,0.02179102666285149
557.0,0.02185261409910026
558.0,0.02190332114978953
559.0,0.021950696867642856
560.0,0.02198923703805452
561.0,0.02201865226368831
562.0,0.0220476625772996
563.0,0.022066248508879265
564.0,0.0220745160313092
565.0,0.022086851488277152
566.0,0.02209883941067894
567.0,0.022107639961629018
568.0,0.0221095809853258
569.0,0.022109413993487363
570.0,0.022122540875261477
571.0,0.022136163661676648
572.0,0.022146719809560907
573.0,0.022159968772254693
574.0,0.02217767796626792
575.0,0.02220229001375053
576.0,0.02222927097856863
577.0,0.022254164012506565
578.0,0.022276769805794405
579.0,0.022290025092840116
580.0,0.02229530177124898
581.0,0.02229237495159138
582.0,0.02227948188430736
583.0,0.022251938326153277
584.0,0.022223637891172116
585.0,0.02219583707809459
586.0,0.022162356380024624
587.0,0.022123009464761326
588.0,0.022078743021214896
589.0,0.022009878217088642
590.0,0.021915836965412903
591.0,0.02181165179695237
592.0,0.02169313965526496
593.0,0.021545429230093262
594.0,0.02136312034895584
595.0,0.021143874894498472
596.0,0.020874832295923573
597.0,0.020553190875185704
598.0,0.020185532135071328
599.0,0.019789972242157988
600.0,0.019403932412228264
601.0,0.019059318935024286
602.0,0.018758377665356644
603.0,0.018502463167066868
604.0,0.01829228584362168
605.0,0.018103973207335235
606.0,0.017924184337502112
607.0,0.017752154597029394
608.0,0.01758274300664902
609.0,0.017407363168154607
610.0,0.017230893012745514
611.0,0.017055566708248152
612.0,0.01687493893768606
613.0,0.016696754860979157
614.0,0.016527437690599642
615.0,0.01636949802942441
616.0,0.016221670391379315
617.0,0.016069410275562156
618.0,0.015926394760657103
619.0,0.015795924044461264
620.0,0.01568652356719414
621.0,0.015588385576534674
622.0,0.015499797202463111
623.0,0.015410043828216521
624.0,0.015320335978761554
625.0,0.015238338177972297
626.0,0.015167752548656935
627.0,0.015102172860140562
628.0,0.015034874430362818
629.0,0.014965189370241485
630.0,0.014906870702592093
631.0,0.014851611152159142
632.0,0.014801823865477242
633.0,0.014766960278708418
634.0,0.01474552218319539
635.0,0.014733297675722573
636.0,0.014720044301513507
637.0,0.014707839877490969
638.0,0.014707438492645428
639.0,0.014701824534302882
640.0,0.014684885642871131
641.0,0.01466686109353402
642.0,0.01464465794722035
643.0,0.014626268272312615
644.0,0.014593418386448226
645.0,0.014543089004375518
646.0,0.014490532801354594
647.0,0.014414355775618764
648.0,0.014307743556712684
649.0,0.014166458066700078
650.0,0.013993172063919276
651.0,0.013792695722812512
652.0,0.013556764375507069
653.0,0.013282231740099112
654.0,0.01298842404562015
655.0,0.012640066659653046
656.0,0.012224159903357725
657.0,0.011763557483542927
658.0,0.011318208092596562
659.0,0.010922363803289351
660.0,0.010542233000726884
661.0,0.010172113888927036
662.0,0.009846033610537125
663.0,0.009556166536871507
664.0,0.00928440810703571
665.0,0.009053034234649019
666.0,0.008868035024965786
667.0,0.008713213301633339
668.0,0.008602963587166172
669.0,0.00853754880272746
670.0,0.008503097526662296
671.0,0.008502189982345466
672.0,0.008545727495740871
673.0,0.008605092219241849
674.0,0.008679195511883403
675.0,0.008788680250861717
676.0,0.008916771797159339
677.0,0.009052249249138371
678.0,0.009204487306545935
679.0,0.009377767542419096
680.0,0.009564884212786753
681.0,0.009775257794375677
682.0,0.010013868189522063
683.0,0.010270286327841155
684.0,0.010583071850565473
685.0,0.011032400593395114
686.0,0.011578614607360505
687.0,0.012147733766706175
688.0,0.012453918096943356
689.0,0.012637219253459304
690.0,0.012841224363771905
691.0,0.013077047603588954
692.0,0.013342305865232818
693.0,0.013626055737720254
694.0,0.013882906788940025
695.0,0.014087734760098539
696.0,0.014243790436349699
697.0,0.014366542914126932
698.0,0.014467598426270966
699.0,0.014526798406674226
700.0,0.014528189828952726
701.0,0.014460117131812385
702.0,0.014333511031117772
703.0,0.014159852685167448
704.0,0.013952720933778107
705.0,0.013709965506212316
706.0,0.013435697898314381
707.0,0.013136027628322357
708.0,0.01281063054296048
709.0,0.012445186937698775
710.0,0.01205500985111441
711.0,0.011656544178620148
712.0,0.01123692011582671
713.0,0.010815226808683364
714.0,0.01041473329415506
715.0,0.010038623043067785
716.0,0.009677052875752438
717.0,0.009345894719076028
718.0,0.008975769025254125
719.0,0.00854998762811506
720.0,0.008134279253583855
721.0,0.007766555021107796
722.0,0.007447405478658746
723.0,0.007150149881027359
724.0,0.00685495135882562
725.0,0.006540625245462941
726.0,0.006230313097877136
727.0,0.005942262333707701
728.0,0.005638283975477753
729.0,0.005318509283884663
730.0,0.005011308072013435
731.0,0.004719838858208003
732.0,0.004459878896400941
733.0,0.004251768793393114
734.0,0.004085946385025267
735.0,0.003949170954159552
736.0,0.003838688889838885
737.0,0.0037505265680642303
738.0,0.003680066684371028
739.0,0.0036286576545860615
740.0,0.0035882961033232887
741.0,0.003550687528672909
742.0,0.0035178618529603653
743.0,0.0034924184254232944
744.0,0.0034697941562607257
745.0,0.003443527578012597
746.0,0.0034216999769944136
747.0,0.003407998288681802
748.0,0.0033902530128941113
749.0,0.003377716142685126
750.0,0.0033635327008593556
751.0,0.003330486080770286
752.0,0.003303202680670641
753.0,0.003286078805823922
754.0,0.003275515749407514
755.0,0.0032607270037521134
756.0,0.003250199764013502
757.0,0.0032565067785746797
758.0,0.0032866212695159434
759.0,0.0033629062718556146
760.0,0.003457753190471675
761.0,0.0034646456260760865
762.0,0.0034173295133532074
763.0,0.00334184460612126
764.0,0.0032711917363037503
765.0,0.003205902708301147
766.0,0.003149470314128775
767.0,0.003128557713033126
768.0,0.0031234844708549455
769.0,0.0031202088220286307
770.0,0.003110891576194393
771.0,0.0030991728518135536
772.0,0.0031164941030862713
773.0,0.0031240651462419
774.0,0.003111934617268406
775.0,0.003121362008086595
776.0,0.0031368614440360184
777.0,0.0031430628749659225
778.0,0.003147482794870061
779.0,0.003152561057904736
780.0,0.0031597429379892792
781.0,0.0031661633730929485
782.0,0.00317571727219541
783.0,0.0031924979517196036
784.0,0.0032062696108744173
785.0,0.003230712972366426
786.0,0.0032543034843605977
787.0,0.0032743999263189195
788.0,0.003296084670043207
789.0,0.0033190711822141976
790.0,0.003337698094619511
791.0,0.0033668874606801657
792.0,0.00339960074631854
793.0,0.0034121135107430707
794.0,0.0034323879910137015
795.0,0.0034641519915632087
796.0,0.0034811834707363805
797.0,0.0035020383992220077
798.0,0.003532218980145286
799.0,0.0035511731844434075
800.0,0.003561041839341155
801.0,0.003580439935821165
802.0,0.00360061920083105
803.0,0.0036212635137532756
804.0,0.003631569089557462
805.0,0.0036335338677203387
806.0,0.0036312917867303953
807.0,0.0036379569438319895
808.0,0.0036474945440384933
809.0,0.0036244169866970375
810.0,0.003603006390737956
811.0,0.003590904519597911
812.0,0.003567337520472102
813.0,0.0035451598974301558
814.0,0.0035276767887766117
815.0,0.003495645294997976
816.0,0.0034514682010721755
817.0,0.0034106877724605425
818.0,0.003364064226875634
819.0,0.0033136045082407563
820.0,0.0032524386033287527
821.0,0.0031820354959598133
822.0,0.0031183999896330157
823.0,0.0030464547371794708
824.0,0.0029584449883062374
825.0,0.002833154659082983
826.0,0.0027208132442082178
827.0,0.0026347020604668625
828.0,0.0025403551615424485
829.0,0.002437618178304026
830.0,0.0023486998622056277
831.0,0.0022815613315972766
832.0,0.0022242693846591835
833.0,0.0021555401982361736
834.0,0.0021046253704348128
835.0,0.0020705260701562077
836.0,0.002031217731039473
837.0,0.001998666637906845
838.0,0.0019849759901241684
839.0,0.0019690471123794684
840.0,0.0019430134307201028
841.0,0.0019055911128422645
842.0,0.001887788651339897
843.0,0.0018919478372923359
844.0,0.001880189219881786
845.0,0.0018554550422795544
846.0,0.0018322868441776302
847.0,0.0018230025162438573
848.0,0.001816339475154897
849.0,0.0017990846642938583
850.0,0.0017835030926056413
851.0,0.001767517562866075
852.0,0.0017560970208558419
853.0,0.0017453390919481581
854.0,0.001714392121995719
855.0,0.0017110807133266226
856.0,0.0017116031465334708
857.0,0.0016716016859427666
858.0,0.0016487106063229034
859.0,0.0016538454797996507
860.0,0.0016371995580357044
861.0,0.0016216061412903636
862.0,0.0016192545740592792
863.0,0.0015857457670070282
864.0,0.0015524294207139076
865.0,0.0015782865975127742
866.0,0.0015747870990818432
867.0,0.0015392711144815818
868.0,0.0015457034772729586
869.0,0.0015377286641335686
870.0,0.0014903013827533532
871.0,0.0014712135725156897
872.0,0.0014683836448408424
873.0,0.0014566861397032258
874.0,0.0014597149078070212
875.0,0.001462828574323827
876.0,0.0014270407605442256
877.0,0.001391376602391845
878.0,0.0014111931824203603
879.0,0.0014154580843620018
880.0,0.0014043453498300599
881.0,0.0013818999242379358
882.0,0.0013442488937092853
883.0,0.001310673224780786
884.0,0.001338628565210989
885.0,0.0013337007386396956
886.0,0.0012711406587487394
887.0,0.0012593657220203681
888.0,0.0012524953899195298
889.0,0.001216033105969157
890.0,0.001216161879500978
891.0,0.0012300834995915039
892.0,0.0012307956642741823
893.0,0.0012216045333477408
894.0,0.0011999006559992224
895.0,0.001151154257309768
896.0,0.001123408706011709
897.0,0.0011352773099387128
898.0,0.0011521677870192884
899.0,0.0011414944297617753
