/begin_header
/west_longitude=UNKNOWN
/south_latitude=NA
/north_latitude=UNKNOWN
/calibration_files=NA
/cruise=NA
/station=NA
/documents=NA
/data_type=NA
/affiliations=NOAA
/experiment=NA
/units=nm,dl
/start_date=2019-08-12
/end_date=NA
/missing=9999
/start_time=13:24:07
/data_file_name=NA
/cloud_percent=NA
/water_depth=NA
/data_status=NA
/east_longitude=NA
/wind_speed=NA
/secchi=NA
/measurement_depth=NA
/fields=wavelength,rrs
/delimiter=comma
/contact=NA
/end_time=NA
/wave_height=NA
/investigators=NA
/end_header@
325.0,0.014894499767264336
326.0,0.014915790001952969
327.0,0.014867818286867823
328.0,0.014784274224467483
329.0,0.014715851591789272
330.0,0.014691037497374068
331.0,0.014647923009331465
332.0,0.014519243929119791
333.0,0.014358356627368275
334.0,0.014208977674374535
335.0,0.014119490279528416
336.0,0.014055782635486435
337.0,0.013940682056709239
338.0,0.013866458782432811
339.0,0.013879397151917614
340.0,0.013770665341046453
341.0,0.01361124155488767
342.0,0.01350625701399307
343.0,0.013417867839225366
344.0,0.013329288765500436
345.0,0.01327357632506044
346.0,0.013214599963059764
347.0,0.013114497123956233
348.0,0.013005217488583154
349.0,0.012921233368833024
350.0,0.012830510655868942
351.0,0.012769377330750748
352.0,0.012722396360410981
353.0,0.01263759655722938
354.0,0.012553632858576986
355.0,0.012490084068720379
356.0,0.012432295962923917
357.0,0.0123740259606602
358.0,0.012322417555028128
359.0,0.012233670796379234
360.0,0.01212860902399111
361.0,0.012082379211557519
362.0,0.012028180626803497
363.0,0.01195107895865972
364.0,0.011885436045862409
365.0,0.011823726730209988
366.0,0.011757277488574741
367.0,0.011707153026888916
368.0,0.011662718268537552
369.0,0.011615733267783711
370.0,0.011576081736216394
371.0,0.011539037919625444
372.0,0.011478340698514106
373.0,0.011410636756162945
374.0,0.011342438249969774
375.0,0.011271359316717721
376.0,0.01119838857672054
377.0,0.011155300368425087
378.0,0.011117518703041625
379.0,0.01107814850874753
380.0,0.011045116117235791
381.0,0.011012962345191824
382.0,0.010952748271045734
383.0,0.010900622403576112
384.0,0.010862864531770116
385.0,0.010827678157672806
386.0,0.010762384863917455
387.0,0.010685015272493398
388.0,0.01064790122529175
389.0,0.010619149318762986
390.0,0.010574264377446324
391.0,0.010550263038967498
392.0,0.010523336720756065
393.0,0.010466893549362064
394.0,0.010418794256394448
395.0,0.010374412124693921
396.0,0.010316875038743217
397.0,0.010259476610647966
398.0,0.010200747128422965
399.0,0.010152941767360826
400.0,0.010115166839516373
401.0,0.010067767687612732
402.0,0.010020182468947338
403.0,0.009981027293187048
404.0,0.009946563306407868
405.0,0.00991572237316845
406.0,0.009875809601691467
407.0,0.009830611654955594
408.0,0.009784340451155971
409.0,0.009741916206900595
410.0,0.009700425094328006
411.0,0.00966050898402471
412.0,0.00962777863800816
413.0,0.009596049066968383
414.0,0.009569986141064156
415.0,0.00954369352521425
416.0,0.00951907174029484
417.0,0.009497943133145472
418.0,0.009478316940767053
419.0,0.009460601189294053
420.0,0.009450637931507536
421.0,0.009440151047676178
422.0,0.009431230308045909
423.0,0.009420854589470002
424.0,0.009408914949321097
425.0,0.009400049182416192
426.0,0.00939332865974947
427.0,0.009389209512396742
428.0,0.009385356298130167
429.0,0.009373552614174201
430.0,0.009353171158457284
431.0,0.009344787607011584
432.0,0.009337929451773846
433.0,0.009319140692928194
434.0,0.0093090360914124
435.0,0.00930784777217445
436.0,0.009301713048789722
437.0,0.0093020356375929
438.0,0.009315550007126977
439.0,0.009329375700246912
440.0,0.00934541579337703
441.0,0.00937504408927287
442.0,0.009410337772319527
443.0,0.009447716324949892
444.0,0.009495739191301067
445.0,0.009548945443822324
446.0,0.0096056971793614
447.0,0.00967041904382179
448.0,0.00973674409490016
449.0,0.009798048014041999
450.0,0.009863608949146679
451.0,0.009936983640013906
452.0,0.010004219537922323
453.0,0.010067455544681253
454.0,0.010125847061789931
455.0,0.01018396403846957
456.0,0.010240531461946941
457.0,0.010284510442070044
458.0,0.010331580708630893
459.0,0.010382188437491554
460.0,0.01042694232162256
461.0,0.010470046732488096
462.0,0.010512468394070275
463.0,0.010560592197860517
464.0,0.010609857715281317
465.0,0.01065779613755614
466.0,0.010707258640983578
467.0,0.010760009168425294
468.0,0.010809264699690714
469.0,0.010857596859492114
470.0,0.010911572673816854
471.0,0.010964569439956379
472.0,0.011015457828415159
473.0,0.01106967808815841
474.0,0.011119257781446564
475.0,0.011163811183431637
476.0,0.011216772609371217
477.0,0.011273084684094213
478.0,0.011320871313586698
479.0,0.011368075451771572
480.0,0.01141600438483183
481.0,0.011466768817583758
482.0,0.01151961193274245
483.0,0.011576160074552973
484.0,0.011635187627920072
485.0,0.01169380795704066
486.0,0.01175209236691594
487.0,0.011810300723833662
488.0,0.0118670666566697
489.0,0.011921499819802756
490.0,0.011980577898766009
491.0,0.012044113342568417
492.0,0.012117661411703765
493.0,0.012202037456044696
494.0,0.012288209475283224
495.0,0.01238202352006138
496.0,0.012485987447834888
497.0,0.012591021673915187
498.0,0.012707946088594574
499.0,0.012843238101729573
500.0,0.012983945887364578
501.0,0.013126407011891324
502.0,0.013271788905728662
503.0,0.013424113726988717
504.0,0.013586732175103252
505.0,0.013758486835528569
506.0,0.01393702356431858
507.0,0.014116718231873104
508.0,0.01430222910656483
509.0,0.0144941781827473
510.0,0.01468354410212997
511.0,0.014876974410127062
512.0,0.015081512823750925
513.0,0.015289101679516864
514.0,0.01550246178609102
515.0,0.01572776699629268
516.0,0.01596489856998423
517.0,0.01620608369691215
518.0,0.01644217377797738
519.0,0.016674035986754522
520.0,0.016900515583145974
521.0,0.017118586217262994
522.0,0.01733490639528727
523.0,0.017564576733035176
524.0,0.017796743562558878
525.0,0.018021142690407433
526.0,0.018251172752960856
527.0,0.018481304490324153
528.0,0.01869995885629396
529.0,0.01890937440468919
530.0,0.019113745338486553
531.0,0.01931888786319932
532.0,0.019528493745649522
533.0,0.01974037105810953
534.0,0.01994502737594229
535.0,0.020138917309018657
536.0,0.020326377107259097
537.0,0.020512435491185844
538.0,0.02069985523593822
539.0,0.020884973771219756
540.0,0.021066021842457348
541.0,0.021238563616732292
542.0,0.021403629483824967
543.0,0.021561300947727405
544.0,0.02171404908118833
545.0,0.021860966373032656
546.0,0.021997746758057674
547.0,0.0221295461031282
548.0,0.022257786816422282
549.0,0.022383576049652347
550.0,0.022507673660047328
551.0,0.022632019321749724
552.0,0.022757230737123033
553.0,0.022880592684777178
554.0,0.022998718375730278
555.0,0.0231080590201658
556.0,0.02321217025945655
557.0,0.023321395676225546
558.0,0.02342206888624398
559.0,0.0235068159189309
560.0,0.023580485281941184
561.0,0.02364070631061275
562.0,0.023689116371426913
563.0,0.023731817988145533
564.0,0.023767877130232325
565.0,0.023784636709935657
566.0,0.023786726287094516
567.0,0.023776346747290657
568.0,0.023758579893239696
569.0,0.02373246161237664
570.0,0.023691356414999854
571.0,0.023637138725820652
572.0,0.023571917852241393
573.0,0.02349845237677535
574.0,0.02341591797387317
575.0,0.023321158708829857
576.0,0.02321652312852723
577.0,0.023100791460982713
578.0,0.022959808631666988
579.0,0.022810232766655218
580.0,0.022660486963827737
581.0,0.022491073462581956
582.0,0.022306695724259466
583.0,0.022111168197462287
584.0,0.021903762337583673
585.0,0.021687233768334025
586.0,0.021460666510117056
587.0,0.02122606377447598
588.0,0.02098267352826226
589.0,0.020729318922891416
590.0,0.020470758774196098
591.0,0.020213981975589247
592.0,0.019946222771679
593.0,0.019654752063991473
594.0,0.0193373161951537
595.0,0.018987370659327367
596.0,0.018601959169537587
597.0,0.01818804481444123
598.0,0.01775411459428067
599.0,0.017322122265836386
600.0,0.016919678523358458
601.0,0.01657474057514773
602.0,0.01629550781874109
603.0,0.01608034656927694
604.0,0.015910360905216504
605.0,0.015774922969882522
606.0,0.015662079703767016
607.0,0.01555732229939564
608.0,0.015460058444769498
609.0,0.015365605545087119
610.0,0.01526957417082216
611.0,0.015170555686639072
612.0,0.0150672598296968
613.0,0.014965759671376741
614.0,0.014867561201870888
615.0,0.014770846537054332
616.0,0.014676364749648627
617.0,0.014586237409863872
618.0,0.014498712928448907
619.0,0.014415421571890758
620.0,0.014338629670968417
621.0,0.014275324386423677
622.0,0.01422574166394954
623.0,0.014172324120961092
624.0,0.01411418559681897
625.0,0.014060642305792261
626.0,0.014012153849914777
627.0,0.0139686792116541
628.0,0.013939678339893726
629.0,0.01392215964973684
630.0,0.013906634493037797
631.0,0.01389370796519176
632.0,0.013883577552714447
633.0,0.01387891344085157
634.0,0.013875399068796788
635.0,0.013869031344083477
636.0,0.013869478453150091
637.0,0.01387127103920364
638.0,0.013875409590572898
639.0,0.01387727343850822
640.0,0.013874156216442168
641.0,0.013867692690701632
642.0,0.013853505645438136
643.0,0.013826529493269412
644.0,0.013797203572275128
645.0,0.013765864262619259
646.0,0.013725125404935567
647.0,0.01368234277536145
648.0,0.013635573755505037
649.0,0.013564164671916049
650.0,0.013475322236071119
651.0,0.013379805650511823
652.0,0.013261157907742707
653.0,0.013114133329911532
654.0,0.012958826565119258
655.0,0.01276346958613846
656.0,0.012511835420464681
657.0,0.012223110739847685
658.0,0.011935547976182705
659.0,0.01167335274310784
660.0,0.011424326707846133
661.0,0.01118086754421023
662.0,0.010954817147120882
663.0,0.010740710877099604
664.0,0.010541320482654886
665.0,0.010356828918814136
666.0,0.010187142116153283
667.0,0.010041874628563485
668.0,0.009913366069219994
669.0,0.009800753365778004
670.0,0.009718402100052346
671.0,0.009661572880759264
672.0,0.009613640688624622
673.0,0.009576002995019792
674.0,0.009549603465262542
675.0,0.009537464146036737
676.0,0.009537333549640646
677.0,0.00954744092091207
678.0,0.009578591709321713
679.0,0.009634800343220522
680.0,0.009716740878536417
681.0,0.009819401496472181
682.0,0.009938306690047072
683.0,0.010088151451655519
684.0,0.010268742674105564
685.0,0.010493631912644623
686.0,0.010743865083380783
687.0,0.01098482713876459
688.0,0.01113462898944465
689.0,0.011239494908256431
690.0,0.011343022009726728
691.0,0.011427136769712798
692.0,0.011493663770613005
693.0,0.011549150423049359
694.0,0.011577125955235908
695.0,0.011571276161268133
696.0,0.011534665140705338
697.0,0.011468152150452429
698.0,0.011369073552790581
699.0,0.011244013655845512
700.0,0.011094856480072737
701.0,0.01092365968389258
702.0,0.010728514947010308
703.0,0.0105087616922608
704.0,0.01027208008023851
705.0,0.010025693842250228
706.0,0.009776904612472779
707.0,0.009509342104633289
708.0,0.009221223975957132
709.0,0.008921944471096437
710.0,0.008614291139202843
711.0,0.008307407611068473
712.0,0.007988658994501765
713.0,0.0076654956950467
714.0,0.007353081210318968
715.0,0.007057897482215079
716.0,0.006770175650453211
717.0,0.00648258885431874
718.0,0.006185797415120269
719.0,0.005903403582350253
720.0,0.005639851332688114
721.0,0.005404724007892822
722.0,0.005198043910763826
723.0,0.0049890675570731634
724.0,0.004764880261347674
725.0,0.004546680141800713
726.0,0.004336966206292406
727.0,0.004123442272153561
728.0,0.003907891441173915
729.0,0.003696338965651102
730.0,0.0034895361400881343
731.0,0.0033004959448908857
732.0,0.0031379786017351266
733.0,0.0030066182369175233
734.0,0.002896613936330983
735.0,0.002803188138641736
736.0,0.002728994441358567
737.0,0.0026754576967649812
738.0,0.0026328827289128645
739.0,0.0025953082046098522
740.0,0.002564528528029083
741.0,0.002542112650963217
742.0,0.0025282195392834347
743.0,0.002516982523801452
744.0,0.0025026470784769426
745.0,0.0024855002033614395
746.0,0.00247530798075489
747.0,0.0024648492118916343
748.0,0.0024558926348948354
749.0,0.002447876971810193
750.0,0.0024393260544179848
751.0,0.0024317697889728518
752.0,0.002418404035822109
753.0,0.002404170541152678
754.0,0.0023966827583975217
755.0,0.0023910502258432604
756.0,0.0023818166725364854
757.0,0.0023743230099676055
758.0,0.00237324874521238
759.0,0.002364052020798438
760.0,0.0023479410738492046
761.0,0.0023263565576655118
762.0,0.0022998983342733524
763.0,0.0022863488060975135
764.0,0.0022868927302915386
765.0,0.0022899594715771352
766.0,0.0022946745085468566
767.0,0.0023022954906695126
768.0,0.002311157917059839
769.0,0.002318563231998665
770.0,0.0023295001859063016
771.0,0.0023367074241280998
772.0,0.002325559941027815
773.0,0.0023229737265778923
774.0,0.0023334399188027397
775.0,0.002343963012607298
776.0,0.0023538269480159863
777.0,0.002359539343643439
778.0,0.0023669799965995533
779.0,0.002377782975333212
780.0,0.0023918450450727074
781.0,0.002402369031403498
782.0,0.0024078391296339643
783.0,0.002424404377063554
784.0,0.0024398527863015184
785.0,0.0024468777759860437
786.0,0.0024560564991881802
787.0,0.002466292019632353
788.0,0.002480390694581804
789.0,0.0024980867703808763
790.0,0.0025200153396699506
791.0,0.0025359397913583695
792.0,0.0025524516679341896
793.0,0.0025760126498311133
794.0,0.0025965715427617754
795.0,0.0026120875825293797
796.0,0.0026279779046169535
797.0,0.002644153200318328
798.0,0.002665757691874999
799.0,0.0026831687390744124
800.0,0.002693099631068125
801.0,0.0027036263495864494
802.0,0.0027127972275219825
803.0,0.002723892753724428
804.0,0.0027291442487265383
805.0,0.0027315393595978
806.0,0.0027355063184476888
807.0,0.002734637831370102
808.0,0.002723097645247899
809.0,0.002704795480700859
810.0,0.0026861738869074143
811.0,0.0026660058203084973
812.0,0.002640917752094041
813.0,0.0026143962251312307
814.0,0.0025844032305986455
815.0,0.002550832979223878
816.0,0.0025207360267191117
817.0,0.002489205945580351
818.0,0.0024589969698755494
819.0,0.0024281237800743076
820.0,0.002378731962736605
821.0,0.0023198171813775897
822.0,0.0022606945322789116
823.0,0.002196277607054973
824.0,0.0021234038132393446
825.0,0.0020630749992376672
826.0,0.0019862433730310457
827.0,0.0018894490187266494
828.0,0.0018107790203122994
829.0,0.00174049717322913
830.0,0.001665323924306619
831.0,0.0016100240230445876
832.0,0.0015665621078466128
833.0,0.0015211446917273148
834.0,0.001486455037619652
835.0,0.0014638450882888566
836.0,0.001440275977566964
837.0,0.001423315430525725
838.0,0.0014109085346410747
839.0,0.0013891574716179346
840.0,0.0013632551684615453
841.0,0.0013595953858384744
842.0,0.0013552616919430553
843.0,0.001342394927980746
844.0,0.0013386489759231797
845.0,0.0013283417330110406
846.0,0.001298578231699173
847.0,0.0012758548871554512
848.0,0.0012654090005101422
849.0,0.001255891210822231
850.0,0.0012535542131927341
851.0,0.0012562358464476325
852.0,0.0012389225154078713
853.0,0.001225062051738189
854.0,0.0012293305546472873
855.0,0.0012151720648438233
856.0,0.001188715550147615
857.0,0.0011776785223541288
858.0,0.0011741420766024073
859.0,0.0011712171775221567
860.0,0.001157540368903403
861.0,0.0011454440842889736
862.0,0.0011369670846136366
863.0,0.0011371735184796175
864.0,0.0011439865354803695
865.0,0.0011184817130493335
866.0,0.0010992207305044123
867.0,0.0010953403888286294
868.0,0.0010886795785387286
869.0,0.0010839118398310857
870.0,0.0010714305537437747
871.0,0.0010482611160095624
872.0,0.0010221937440777938
873.0,0.0010098741247069173
874.0,0.0010090884765990623
875.0,0.001012570248041643
876.0,0.000998814835479716
877.0,0.0009860315864371656
878.0,0.0009711339731261124
879.0,0.0009605788543018802
880.0,0.0009505458446895257
881.0,0.0009285337379075081
882.0,0.0009063060580532005
883.0,0.0008926592771282898
884.0,0.000884315710733157
885.0,0.0008793886751565427
886.0,0.0008708419519813324
887.0,0.0008557600348638886
888.0,0.0008450685510280777
889.0,0.0008339194657596587
890.0,0.0008186042190539587
891.0,0.0008021897450694714
892.0,0.0008057787381571498
893.0,0.0008010683399299482
894.0,0.0007718013944550347
895.0,0.0007568428179239534
896.0,0.0007302934903279323
897.0,0.0006682917225916418
898.0,0.0006684302188570423
899.0,0.000710835727447021
