/begin_header
/west_longitude=UNKNOWN
/south_latitude=NA
/north_latitude=UNKNOWN
/calibration_files=NA
/cruise=NA
/station=NA
/documents=NA
/data_type=NA
/affiliations=NOAA
/experiment=NA
/units=nm,dl
/start_date=2019-08-07
/end_date=NA
/missing=9999
/start_time=13:05:37
/data_file_name=NA
/cloud_percent=NA
/water_depth=NA
/data_status=NA
/east_longitude=NA
/wind_speed=NA
/secchi=NA
/measurement_depth=NA
/fields=wavelength,rrs
/delimiter=comma
/contact=NA
/end_time=NA
/wave_height=NA
/investigators=NA
/end_header@
325.0,0.005997323364416826
326.0,0.005945077244926947
327.0,0.006016783527545953
328.0,0.006160128034050205
329.0,0.006187834062876962
330.0,0.006107364184848226
331.0,0.006023133371560727
332.0,0.006039471079998954
333.0,0.006096435843111818
334.0,0.006153942011762416
335.0,0.006192307144676256
336.0,0.0062138869779086794
337.0,0.006214432057364773
338.0,0.006234933965383631
339.0,0.006276303434232478
340.0,0.006326369680083108
341.0,0.006393075429932097
342.0,0.006401049710829085
343.0,0.006467601304578035
344.0,0.006587630398578859
345.0,0.006683444800575075
346.0,0.006754247133802749
347.0,0.006801520550627382
348.0,0.006887213583674877
349.0,0.006986525861996671
350.0,0.007093566919118474
351.0,0.007189035931583608
352.0,0.007258469635894825
353.0,0.0073035716873984914
354.0,0.00736622177146838
355.0,0.0074481206447353
356.0,0.007517333086961427
357.0,0.007583727865877873
358.0,0.0076566679787136065
359.0,0.007694384344196696
360.0,0.007719662139689797
361.0,0.007738472503138814
362.0,0.007771980911974348
363.0,0.007818760673559815
364.0,0.007857212371031935
365.0,0.00787158668276874
366.0,0.007873417778304092
367.0,0.007888917572395644
368.0,0.007903522338313162
369.0,0.007906117934244238
370.0,0.007925028883959892
371.0,0.007947737491214173
372.0,0.007950454477475619
373.0,0.007957840549156683
374.0,0.007964298832356158
375.0,0.00795014418974129
376.0,0.007938597162657168
377.0,0.00795429228701092
378.0,0.007964990545052564
379.0,0.007959586677687359
380.0,0.007950201735319646
381.0,0.007964343668310215
382.0,0.007993976828954216
383.0,0.00801158718360328
384.0,0.00802846077472972
385.0,0.00806801621788606
386.0,0.00809860177723095
387.0,0.00810524045235397
388.0,0.008114187340973985
389.0,0.008115822983524017
390.0,0.008111223975728117
391.0,0.008117477881210556
392.0,0.008136445645186178
393.0,0.008151106235824908
394.0,0.00814820222161932
395.0,0.008135144097517926
396.0,0.008134008392940506
397.0,0.008120290376142852
398.0,0.008100706922802875
399.0,0.008069794129964052
400.0,0.00803519445950955
401.0,0.008005832642247164
402.0,0.00797407723630254
403.0,0.007943553419303761
404.0,0.007911043643209393
405.0,0.007867349738029435
406.0,0.007813937369205902
407.0,0.0077514670919609065
408.0,0.007689950294327147
409.0,0.007645352792467114
410.0,0.007604491881519683
411.0,0.007559916032727092
412.0,0.007509051995848353
413.0,0.007465631440257204
414.0,0.007435730930672088
415.0,0.007406045607863084
416.0,0.0073775462140580365
417.0,0.0073576431075751516
418.0,0.0073445126332336895
419.0,0.007334363410848874
420.0,0.007319132838147785
421.0,0.007311028295692311
422.0,0.007312527131594808
423.0,0.0073042620663009445
424.0,0.007295165266639923
425.0,0.007296388334789272
426.0,0.007295500345429353
427.0,0.007286627080173894
428.0,0.007276527254154066
429.0,0.007257801805339237
430.0,0.007228833747601746
431.0,0.007209840907323221
432.0,0.007191534272651236
433.0,0.007166187402661628
434.0,0.007150460444843543
435.0,0.007141488952641689
436.0,0.0071279104412793086
437.0,0.0071267317370318885
438.0,0.007149590883460978
439.0,0.007188342897271898
440.0,0.0072393762064745446
441.0,0.007295142973575727
442.0,0.007368091321058085
443.0,0.007462131331679505
444.0,0.007572473695982823
445.0,0.007701265503250648
446.0,0.007848402933136187
447.0,0.008000629087315202
448.0,0.008159130066490067
449.0,0.008329034650127569
450.0,0.008499161175429098
451.0,0.008666927659038596
452.0,0.008831264151822785
453.0,0.008993584548383456
454.0,0.00915471585713189
455.0,0.009302662964523234
456.0,0.009435509348890697
457.0,0.009560785500176416
458.0,0.00967065406151593
459.0,0.009764377834806364
460.0,0.009859296778130876
461.0,0.009951209345233369
462.0,0.01003674734487811
463.0,0.010122338642777787
464.0,0.01020754174631085
465.0,0.010295356754431195
466.0,0.0103853255072788
467.0,0.010474924371611252
468.0,0.010559445227333151
469.0,0.010644831161448575
470.0,0.010736967326387245
471.0,0.010822293975492892
472.0,0.010898409926479016
473.0,0.010980293491070226
474.0,0.011055910669417518
475.0,0.011123218054880936
476.0,0.011188178620860833
477.0,0.0112490984160054
478.0,0.01131152006015472
479.0,0.011369115376984897
480.0,0.011422861932969597
481.0,0.011477166865119053
482.0,0.011533910622879938
483.0,0.01159823563103297
484.0,0.01166793631415527
485.0,0.011741449493607444
486.0,0.011818298488487084
487.0,0.011900567520395847
488.0,0.011987351652416706
489.0,0.012073908197464267
490.0,0.012163431398814286
491.0,0.012264294401948452
492.0,0.012377648968807883
493.0,0.012504705121617962
494.0,0.012643289863660534
495.0,0.01279254376652918
496.0,0.012947363314064214
497.0,0.013119663627839465
498.0,0.013312882002214435
499.0,0.013523823895232125
500.0,0.01374299241597739
501.0,0.013968866634924318
502.0,0.014213994168333938
503.0,0.01446478883514033
504.0,0.014711222390340329
505.0,0.014964713261231591
506.0,0.015220773173045873
507.0,0.015475832914618539
508.0,0.015732376536465274
509.0,0.015989148804863285
510.0,0.016238278387741785
511.0,0.016487877417919496
512.0,0.016751360741731378
513.0,0.017019545773145916
514.0,0.017299550781130178
515.0,0.017606251372818505
516.0,0.017931306255923034
517.0,0.01827045672447529
518.0,0.01862256092935457
519.0,0.018980894153471966
520.0,0.019341460213263134
521.0,0.019703861361455195
522.0,0.020077238576616644
523.0,0.020479469616000463
524.0,0.02090660313391118
525.0,0.02135308100051698
526.0,0.021831953484461666
527.0,0.022340041659693752
528.0,0.022857065643372813
529.0,0.023367546062579122
530.0,0.023874828138872838
531.0,0.024412586072642246
532.0,0.024973672917564704
533.0,0.025547427186561777
534.0,0.026126046989357214
535.0,0.026695795914745767
536.0,0.027249489360146595
537.0,0.027802389089413276
538.0,0.02836367693136558
539.0,0.028916590576641678
540.0,0.02945438805117756
541.0,0.02997418438363052
542.0,0.030460874879551403
543.0,0.030906110273837002
544.0,0.03131744225471011
545.0,0.031694531539986026
546.0,0.032037341222697586
547.0,0.03234413464894565
548.0,0.03261496182186559
549.0,0.032848950083700854
550.0,0.03305322757343797
551.0,0.033232014370898025
552.0,0.03338174302015652
553.0,0.03350667717598149
554.0,0.03360557471734169
555.0,0.03367137965069167
556.0,0.03370720213501926
557.0,0.03371785942289021
558.0,0.03370441729148925
559.0,0.033667057180954495
560.0,0.033601561606531195
561.0,0.03350751207470659
562.0,0.03338612254294815
563.0,0.03324804599961735
564.0,0.033093667629428634
565.0,0.03291777155565385
566.0,0.03271858104573684
567.0,0.03249260393472578
568.0,0.03224476618885482
569.0,0.03197717502989729
570.0,0.0316957020868501
571.0,0.031404681276351036
572.0,0.03111130219449957
573.0,0.030821269205595837
574.0,0.030530875874581254
575.0,0.030237549127533958
576.0,0.029946491832232015
577.0,0.02965540034224603
578.0,0.029354735896098095
579.0,0.02904621748955801
580.0,0.028727821017306553
581.0,0.028389780582780955
582.0,0.028035457221621853
583.0,0.027666844553760568
584.0,0.027284711700836534
585.0,0.02689043417955785
586.0,0.026487523744240637
587.0,0.02607120785418899
588.0,0.025634602216581787
589.0,0.02519051334350248
590.0,0.024741370125015684
591.0,0.02427616479208423
592.0,0.023803923834734675
593.0,0.023306542018653738
594.0,0.02277828803396956
595.0,0.022217792083112458
596.0,0.021627511607471554
597.0,0.021003188113320602
598.0,0.020358800260093065
599.0,0.019731373503059455
600.0,0.019151622773103345
601.0,0.018647558516973743
602.0,0.0182263101901129
603.0,0.017882628857355386
604.0,0.017605168932583314
605.0,0.01736862067943535
606.0,0.017155330224647183
607.0,0.016961059371181537
608.0,0.016778408023436074
609.0,0.01659306239004342
610.0,0.01640404238841283
611.0,0.016213852603201316
612.0,0.016031564602784935
613.0,0.015851559622775374
614.0,0.015675478536229852
615.0,0.015515703840383362
616.0,0.01536713370817851
617.0,0.015220588928547172
618.0,0.015076980168296098
619.0,0.014938687390794805
620.0,0.014820889649496873
621.0,0.014717139897153056
622.0,0.014623677696906878
623.0,0.014539652176136453
624.0,0.014464550821080755
625.0,0.014395787157166287
626.0,0.014332848184644881
627.0,0.014279948183117749
628.0,0.014242874420277125
629.0,0.014215327891041102
630.0,0.014190096784551177
631.0,0.014177908548885922
632.0,0.014182689199369835
633.0,0.014198378510719856
634.0,0.01422390581079721
635.0,0.014260900690617875
636.0,0.014295121270853844
637.0,0.014326804321914105
638.0,0.014370678191346561
639.0,0.014420538938349733
640.0,0.014468692002180145
641.0,0.014502070830452036
642.0,0.014524013487007732
643.0,0.014537655331679469
644.0,0.014537823018325926
645.0,0.014520251872583156
646.0,0.014484459245571507
647.0,0.014430871910544877
648.0,0.014361791047576445
649.0,0.014273598386334385
650.0,0.014154352619244743
651.0,0.013999697924053764
652.0,0.013803411642269739
653.0,0.013570725567848774
654.0,0.013337481386069789
655.0,0.0130508616063276
656.0,0.012683538333853819
657.0,0.012265401928391637
658.0,0.011845636415325423
659.0,0.01144253201399115
660.0,0.011043081541310767
661.0,0.01064989649127918
662.0,0.010276834091849303
663.0,0.009917472865798738
664.0,0.009566602572410888
665.0,0.009235522726551423
666.0,0.008928238575264657
667.0,0.008652665241761273
668.0,0.008405421994922615
669.0,0.008190412960752404
670.0,0.008011740046983762
671.0,0.007865100790793503
672.0,0.007751289847462889
673.0,0.0076511375453871665
674.0,0.007561814450605669
675.0,0.007508619457861719
676.0,0.0074795165099567395
677.0,0.007466637813780363
678.0,0.007477613821488828
679.0,0.007521931940049754
680.0,0.007610275541981666
681.0,0.007738117787655899
682.0,0.007907869721449152
683.0,0.008129522969153428
684.0,0.008400868860582545
685.0,0.008731718291511967
686.0,0.009137254189837745
687.0,0.00959787362257221
688.0,0.009986352193243415
689.0,0.01034626998095542
690.0,0.010743313766900261
691.0,0.011142341054863834
692.0,0.011546221858243113
693.0,0.011959269312715657
694.0,0.012366493713929649
695.0,0.012749356938092718
696.0,0.013098988112712845
697.0,0.013412602176395404
698.0,0.013692069604258176
699.0,0.013943844078944589
700.0,0.014160612099691433
701.0,0.014326168327123643
702.0,0.014440852544763466
703.0,0.014500962383453109
704.0,0.014503440106620857
705.0,0.014457726213338476
706.0,0.01437149917129638
707.0,0.014232852829284942
708.0,0.014041713999064342
709.0,0.01381947580680994
710.0,0.01355406775455954
711.0,0.013240573381808118
712.0,0.012903694781074782
713.0,0.012545757717324682
714.0,0.012159560672924624
715.0,0.011778411174478696
716.0,0.011397630890303243
717.0,0.01101138243964871
718.0,0.010603954644704728
719.0,0.01019709479264205
720.0,0.009798551136176326
721.0,0.009423972146805723
722.0,0.009062556298354394
723.0,0.008699401350740661
724.0,0.0083292926725536
725.0,0.00795102330016115
726.0,0.007570081510275857
727.0,0.00717281131976423
728.0,0.006766584695222555
729.0,0.0063538763726012455
730.0,0.005939616384582095
731.0,0.005555050365326364
732.0,0.005221725714841953
733.0,0.004941391253154427
734.0,0.004704306041826161
735.0,0.004507228281069354
736.0,0.0043524952905340305
737.0,0.0042366838992048276
738.0,0.004138723035718569
739.0,0.004066907622693726
740.0,0.0040226924891873074
741.0,0.003987753634873326
742.0,0.003958801951541349
743.0,0.0039373907450790556
744.0,0.003922073762188347
745.0,0.003908384015833821
746.0,0.0039018373344523716
747.0,0.0038966992878642047
748.0,0.003889669780969167
749.0,0.0038755062618422488
750.0,0.0038592153576890004
751.0,0.003854175418590712
752.0,0.003847605623264482
753.0,0.003835448191890787
754.0,0.003829916193738025
755.0,0.0038243962176584
756.0,0.003815297109865384
757.0,0.003809413687467002
758.0,0.0038097475103864727
759.0,0.0038249570045426457
760.0,0.0038570912281743314
761.0,0.003877618854303967
762.0,0.003872577786820433
763.0,0.003855651767566593
764.0,0.003854922768066498
765.0,0.003846173909195777
766.0,0.003830117431806449
767.0,0.0038327725781496192
768.0,0.003842096607826654
769.0,0.003859546628355697
770.0,0.003872320749445748
771.0,0.003877691017828798
772.0,0.0038886244745923886
773.0,0.0039070346186556104
774.0,0.003937069643130925
775.0,0.003958805530231863
776.0,0.003977841765468198
777.0,0.00400604787829327
778.0,0.004038005681077161
779.0,0.004070418609362448
780.0,0.0041036184741177146
781.0,0.004135028421926501
782.0,0.004168046418955842
783.0,0.00421648600254775
784.0,0.004265252172649596
785.0,0.004298481961258748
786.0,0.0043356330034463545
787.0,0.004381446316373622
788.0,0.0044249770748615224
789.0,0.004474427169198274
790.0,0.0045289309292599654
791.0,0.004575341368999649
792.0,0.004615836716172494
793.0,0.004665236606286901
794.0,0.004719571644329031
795.0,0.004776213143949247
796.0,0.004833393305057899
797.0,0.004882666040958922
798.0,0.004916946394763887
799.0,0.004957888321070063
800.0,0.005001069544776538
801.0,0.005023204158585285
802.0,0.005049255647159802
803.0,0.005080810621093212
804.0,0.005096145401921025
805.0,0.005103585526299248
806.0,0.005108417338890802
807.0,0.005100591216572444
808.0,0.0050814938386969195
809.0,0.005066634029716992
810.0,0.005038968995318577
811.0,0.004993130290679796
812.0,0.0049484199903431685
813.0,0.004900666644982192
814.0,0.004843446789044516
815.0,0.004780106022405665
816.0,0.004704518540331222
817.0,0.004609755423060231
818.0,0.0045213111837081555
819.0,0.0044443120691707635
820.0,0.004335129782751911
821.0,0.004207420927493089
822.0,0.004085149087563004
823.0,0.003929109329178931
824.0,0.0037444948530925316
825.0,0.0035762206949413477
826.0,0.0033941384642102467
827.0,0.0031967650569667827
828.0,0.003016535514892934
829.0,0.002837515780104713
830.0,0.002662552761321658
831.0,0.002516405296006758
832.0,0.002400191341225916
833.0,0.0022909313249203714
834.0,0.0022079840438079487
835.0,0.0021514496376853
836.0,0.0020903099812748104
837.0,0.002033600771744577
838.0,0.0020021827513619977
839.0,0.0019673970972918235
840.0,0.00193477370980539
841.0,0.0019065676264115896
842.0,0.0018745058125195844
843.0,0.001842635063277777
844.0,0.0018330674034353698
845.0,0.001820313431808372
846.0,0.001778229222005542
847.0,0.001745120468005601
848.0,0.0017254878827803466
849.0,0.0016983036883738915
850.0,0.0016687925519145678
851.0,0.0016466646794068458
852.0,0.0016287062860759632
853.0,0.0016080947448521023
854.0,0.0015885684077951879
855.0,0.001567680892022974
856.0,0.0015406920397629186
857.0,0.0015256344161957585
858.0,0.0015129578074471735
859.0,0.0014907972322774033
860.0,0.0014671153139574151
861.0,0.0014513673971702664
862.0,0.0014362506641910273
863.0,0.0014086659539786623
864.0,0.0013757483955363463
865.0,0.0013624415800316167
866.0,0.0013531208406611201
867.0,0.001331679853781719
868.0,0.0012969388844714302
869.0,0.0012724010036304057
870.0,0.0012569769827996237
871.0,0.001218347402177044
872.0,0.0011736586694571617
873.0,0.0011769866021336998
874.0,0.0011645276644155044
875.0,0.0011240960001843794
876.0,0.001098672112002309
877.0,0.0010738515696952068
878.0,0.0010405060398532054
879.0,0.0010222675480103158
880.0,0.0010003757184721025
881.0,0.0009492656088894772
882.0,0.0009276424415596271
883.0,0.0009272821018614129
884.0,0.0009043162560134198
885.0,0.0008711836243536877
886.0,0.0008325568416740368
887.0,0.0007915198203746674
888.0,0.0007649264753110307
889.0,0.0007708995252141835
890.0,0.0007564525089255845
891.0,0.0007179289790539955
892.0,0.0006800748971316347
893.0,0.0006580380669466776
894.0,0.0006388682392925009
895.0,0.000600460167588894
896.0,0.0005761560411400984
897.0,0.0005845625457798652
898.0,0.0005804893262439966
899.0,0.0005590564862481233
