/begin_header
/west_longitude=UNKNOWN
/south_latitude=NA
/north_latitude=UNKNOWN
/calibration_files=NA
/cruise=NA
/station=NA
/documents=NA
/data_type=NA
/affiliations=NOAA
/experiment=NA
/units=nm,dl
/start_date=2019-08-07
/end_date=NA
/missing=9999
/start_time=14:11:44
/data_file_name=NA
/cloud_percent=NA
/water_depth=NA
/data_status=NA
/east_longitude=NA
/wind_speed=NA
/secchi=NA
/measurement_depth=NA
/fields=wavelength,rrs
/delimiter=comma
/contact=NA
/end_time=NA
/wave_height=NA
/investigators=NA
/end_header@
325.0,0.007115916349875383
326.0,0.0071885105020375924
327.0,0.007210337166961442
328.0,0.00714413525988634
329.0,0.007173745755412407
330.0,0.007194968931668426
331.0,0.007114224052312994
332.0,0.007118430972184101
333.0,0.007171231799871487
334.0,0.007137799670540813
335.0,0.007195239942138493
336.0,0.007299367812382755
337.0,0.007312561481352328
338.0,0.007303823531158771
339.0,0.007354738219483822
340.0,0.007390844548315616
341.0,0.007431850456433606
342.0,0.0074849294115421185
343.0,0.007524107484744698
344.0,0.007562821563274809
345.0,0.007618180023932381
346.0,0.00769356986736731
347.0,0.007769672286399204
348.0,0.007811260056013273
349.0,0.007840863111281217
350.0,0.007881154826379492
351.0,0.007951449114339653
352.0,0.008019680270183767
353.0,0.008015618978645653
354.0,0.008057358692032881
355.0,0.00815107555918106
356.0,0.008168204763558812
357.0,0.008183684923281883
358.0,0.008251107572927484
359.0,0.008307180811436391
360.0,0.008329035061018154
361.0,0.008344978093016509
362.0,0.0083738201147967
363.0,0.008406019734048585
364.0,0.008425232880349609
365.0,0.008441363753428783
366.0,0.008463175361557839
367.0,0.008488188840974947
368.0,0.008513439682824427
369.0,0.00854501671812015
370.0,0.008561034123876383
371.0,0.008569797409471521
372.0,0.00860017715491907
373.0,0.008622001425209164
374.0,0.00860692754262381
375.0,0.008603636327610052
376.0,0.008628443168233638
377.0,0.008668448574926602
378.0,0.008702354604256423
379.0,0.008724713527460426
380.0,0.008745007200756466
381.0,0.00876428663807535
382.0,0.008786370099452587
383.0,0.008818859203656198
384.0,0.008848858904969474
385.0,0.00886311087910029
386.0,0.008896685996914818
387.0,0.008935766925680221
388.0,0.008942590173279844
389.0,0.008955242572014872
390.0,0.00898878687863736
391.0,0.009002995095733653
392.0,0.009016744446306438
393.0,0.009032887016310226
394.0,0.009046474315004788
395.0,0.00905920321606286
396.0,0.009071130385704772
397.0,0.00907723063748234
398.0,0.009073600137249165
399.0,0.00905822488025604
400.0,0.009036526893439163
401.0,0.009030585718401277
402.0,0.009023328368722395
403.0,0.009009792137665694
404.0,0.008993352945677054
405.0,0.008983695435589962
406.0,0.008979948410043665
407.0,0.008971697074108697
408.0,0.008954880183949155
409.0,0.008923803844036512
410.0,0.00890155858159807
411.0,0.008889789622107019
412.0,0.008876439988558003
413.0,0.008861880381781298
414.0,0.008853249646412063
415.0,0.008850303956194645
416.0,0.008847273364665282
417.0,0.008854327937589208
418.0,0.008865391194793388
419.0,0.008876029391276623
420.0,0.008886113359001151
421.0,0.008904802023300728
422.0,0.008927298573641471
423.0,0.008933245629135608
424.0,0.00893717613343829
425.0,0.008957662169594777
426.0,0.008984697414131897
427.0,0.00900963190479073
428.0,0.009018579209017724
429.0,0.009019654149064344
430.0,0.009021586603267375
431.0,0.009019316059395491
432.0,0.009015718404241488
433.0,0.009012324396345282
434.0,0.009009396998373134
435.0,0.009010668394665935
436.0,0.009022748078002133
437.0,0.009043535473606684
438.0,0.009072782480581389
439.0,0.009112242130534878
440.0,0.009160324906549132
441.0,0.009223586456208285
442.0,0.009303440031021182
443.0,0.009398520800713258
444.0,0.009500279982878395
445.0,0.009617106469077319
446.0,0.009754655425279094
447.0,0.00989866817673319
448.0,0.010044341926505973
449.0,0.010194540383860844
450.0,0.010345548783198604
451.0,0.010499515168073627
452.0,0.010652148352226862
453.0,0.010800355169881422
454.0,0.010938678039882984
455.0,0.0110723981170151
456.0,0.011199043551916968
457.0,0.011312260640205771
458.0,0.011414432211709362
459.0,0.011511876777796776
460.0,0.011602580537724415
461.0,0.011687038814821901
462.0,0.011768102537575724
463.0,0.011851814028474463
464.0,0.011939133779981497
465.0,0.012022380498156158
466.0,0.012105792334805344
467.0,0.01219054531936044
468.0,0.01228188011920264
469.0,0.012372001620091597
470.0,0.012450866389050566
471.0,0.012528163646500712
472.0,0.012607054019889458
473.0,0.012682099247183451
474.0,0.012751136050556545
475.0,0.012815331995999208
476.0,0.012877742730572577
477.0,0.012941051835122726
478.0,0.013008490488347482
479.0,0.013074744070813696
480.0,0.013134522297667928
481.0,0.013190883116104304
482.0,0.01325113068386978
483.0,0.013319710393809237
484.0,0.01339453301372891
485.0,0.013471930609474419
486.0,0.01355449894245835
487.0,0.013638778121215046
488.0,0.013723148443629627
489.0,0.013801365864575855
490.0,0.013881199992369416
491.0,0.013977466425774094
492.0,0.014085339705281044
493.0,0.014205135972419538
494.0,0.014329341036444402
495.0,0.014461826197393026
496.0,0.014606099532535458
497.0,0.014765539239584435
498.0,0.014936624884074202
499.0,0.015112817985039582
500.0,0.01530335909965673
501.0,0.01550599276048742
502.0,0.01570911903315337
503.0,0.015912048397431537
504.0,0.0161170396442999
505.0,0.01632181697268286
506.0,0.016530108856652393
507.0,0.016740488224282223
508.0,0.016951715727417244
509.0,0.01716103121636455
510.0,0.01736761739895522
511.0,0.017573162579088995
512.0,0.017780762090281572
513.0,0.018008855872211214
514.0,0.01826028486109613
515.0,0.01852158950221455
516.0,0.018798278606212256
517.0,0.019088735969453048
518.0,0.019392297509906026
519.0,0.019701759861952908
520.0,0.020008621469507305
521.0,0.020320410410045474
522.0,0.020644786464000066
523.0,0.02098969879840567
524.0,0.02135397630717732
525.0,0.021734912651267882
526.0,0.02213771850499039
527.0,0.022557353476941155
528.0,0.02298172167346335
529.0,0.023399537493707413
530.0,0.02381511708558499
531.0,0.024248571081876565
532.0,0.024698702035238194
533.0,0.0251551711819361
534.0,0.02560971668094515
535.0,0.0260529705868185
536.0,0.026491690437124533
537.0,0.02692272685583173
538.0,0.027342738175508613
539.0,0.027755094666170356
540.0,0.028156915838925118
541.0,0.028539550237290674
542.0,0.028892680230441177
543.0,0.029212221557833512
544.0,0.029503727890812275
545.0,0.02976827863318182
546.0,0.03000448049326569
547.0,0.03020662357617221
548.0,0.03037975470476752
549.0,0.030531069368724524
550.0,0.03066157583514271
551.0,0.03077705014944565
552.0,0.030881224004697318
553.0,0.03096953468571979
554.0,0.031036360228786274
555.0,0.03108304300410007
556.0,0.03110953016390221
557.0,0.031113095027457637
558.0,0.031096155472654558
559.0,0.031057493926157163
560.0,0.030989705147374542
561.0,0.03089475272667999
562.0,0.030782669651388078
563.0,0.030653961227262726
564.0,0.030506169602121234
565.0,0.03033443317950487
566.0,0.03013677065340651
567.0,0.029915353216376152
568.0,0.029675734490867245
569.0,0.029416405423418286
570.0,0.029131870446505715
571.0,0.028835293363309776
572.0,0.02853344591670648
573.0,0.028218727509700347
574.0,0.027894963748323964
575.0,0.027567217980686686
576.0,0.02722695304140515
577.0,0.026873647188897933
578.0,0.026511195221465788
579.0,0.026130889822782916
580.0,0.02573753105707994
581.0,0.025336441993605973
582.0,0.024923484859174026
583.0,0.024496877359780084
584.0,0.024059914002542558
585.0,0.02361650096848597
586.0,0.023170232899227542
587.0,0.022718907745086798
588.0,0.02225947766507993
589.0,0.021781325941473716
590.0,0.021298277296002463
591.0,0.020827484873423615
592.0,0.020360150700784944
593.0,0.019874411059624803
594.0,0.019358566234543184
595.0,0.01880985385615937
596.0,0.018227502306834842
597.0,0.01762321420354359
598.0,0.0170118026535633
599.0,0.0164257907934481
600.0,0.015891242372088447
601.0,0.015431032850124028
602.0,0.015058885684388656
603.0,0.014767671805293226
604.0,0.014538592163963457
605.0,0.014349323375931661
606.0,0.014185918301683156
607.0,0.014043910346141364
608.0,0.013914429278152774
609.0,0.013780139802352865
610.0,0.01364461310965567
611.0,0.013512927922406298
612.0,0.01338786964782095
613.0,0.01326539582854246
614.0,0.013143678876997102
615.0,0.013022572163745524
616.0,0.012905357129036598
617.0,0.012794386078971955
618.0,0.012691730070806349
619.0,0.012595087331181493
620.0,0.012503288127422064
621.0,0.0124198682787051
622.0,0.012348652844782594
623.0,0.012282483069530791
624.0,0.012216948870827613
625.0,0.012151620059388083
626.0,0.012092312414896835
627.0,0.012038708251615907
628.0,0.01199567295326259
629.0,0.01196407278159782
630.0,0.011939064286392175
631.0,0.011925180670499275
632.0,0.01192145131426588
633.0,0.011915412277318153
634.0,0.011912604025715244
635.0,0.011918533813682585
636.0,0.011926944712847564
637.0,0.011939781281268649
638.0,0.011958398086375981
639.0,0.011976804059990442
640.0,0.011992248718818604
641.0,0.011996455749285597
642.0,0.01199083583833843
643.0,0.011986542092693783
644.0,0.011968059066078115
645.0,0.011934707479167288
646.0,0.011898952830025006
647.0,0.011855273609479309
648.0,0.01180316576180201
649.0,0.011744866030014536
650.0,0.011664105323096674
651.0,0.011547574805458326
652.0,0.011411898860506772
653.0,0.011263243991389527
654.0,0.011110189979979663
655.0,0.010912723627144964
656.0,0.010662100490062922
657.0,0.01037415421656911
658.0,0.010086942770479541
659.0,0.009820431772569877
660.0,0.009565130986375906
661.0,0.009326471696183027
662.0,0.00909700795782362
663.0,0.008876649779861547
664.0,0.008661917758440317
665.0,0.008459207149495657
666.0,0.008270775326175237
667.0,0.00809236656892647
668.0,0.007936762662515319
669.0,0.007810393074219049
670.0,0.007702504094535298
671.0,0.007603308491658295
672.0,0.007515851122923746
673.0,0.00744446048588374
674.0,0.007388639494545808
675.0,0.007339382555989729
676.0,0.007307259255830333
677.0,0.007298975671134857
678.0,0.007308516856409014
679.0,0.007337940712447838
680.0,0.007387101542218726
681.0,0.0074649007142703035
682.0,0.007573234191594934
683.0,0.007705501510656511
684.0,0.007861805954318518
685.0,0.008054380001864116
686.0,0.008282931648295383
687.0,0.008532824128995229
688.0,0.00874042966835305
689.0,0.008928041424093744
690.0,0.009121584209371446
691.0,0.009311173970563367
692.0,0.009498109505951436
693.0,0.009684715194086658
694.0,0.00985453270192006
695.0,0.009998136197377095
696.0,0.010115854913304587
697.0,0.010203533529904349
698.0,0.010252243990371921
699.0,0.01028196973061227
700.0,0.01028956218557937
701.0,0.010254564680887241
702.0,0.010186695549602966
703.0,0.0100960034584396
704.0,0.009982368489617628
705.0,0.009844645578604386
706.0,0.009682116008050091
707.0,0.009496573808470531
708.0,0.009286907721667587
709.0,0.009053618737412287
710.0,0.008801398880378227
711.0,0.008532915538252198
712.0,0.0082539478890955
713.0,0.007968351350793747
714.0,0.0076762934384694325
715.0,0.0073806000845117094
716.0,0.007075199461681921
717.0,0.0067792755304218
718.0,0.006483774997316627
719.0,0.0062017936540676956
720.0,0.005947287570989834
721.0,0.005721550657834644
722.0,0.005503840610257691
723.0,0.005266454437615461
724.0,0.005015624133199552
725.0,0.004784738441010145
726.0,0.0045624358808930374
727.0,0.004330731385195527
728.0,0.004090056465927735
729.0,0.003846770806231684
730.0,0.0036239744616897588
731.0,0.0034213600977079485
732.0,0.0032421664612984095
733.0,0.0030905048820197155
734.0,0.002966907401523026
735.0,0.002862107969875426
736.0,0.0027769201496039495
737.0,0.0027121151514495783
738.0,0.0026757560709836092
739.0,0.002651708808387162
740.0,0.0026236777429604306
741.0,0.002607115926128574
742.0,0.0025975103318486865
743.0,0.0025830620953525138
744.0,0.002572025411063159
745.0,0.002563852742598188
746.0,0.0025560574915792513
747.0,0.002545382874184374
748.0,0.0025395292652220765
749.0,0.002536347252137796
750.0,0.002531438581072677
751.0,0.0025233941572021254
752.0,0.0025094831200461023
753.0,0.002492372069431531
754.0,0.0024959029583323934
755.0,0.0025027651212113033
756.0,0.002486282803583003
757.0,0.0024713290550337852
758.0,0.0024568856306697237
759.0,0.0024306358982473394
760.0,0.0023938328868147053
761.0,0.002350002832792157
762.0,0.0023240130588725923
763.0,0.002324264599884206
764.0,0.0023428176194201554
765.0,0.002366413878474455
766.0,0.0023889733575005985
767.0,0.0024237523788642108
768.0,0.002451326744452178
769.0,0.0024676279245247476
770.0,0.002478650967104677
771.0,0.00248632449267501
772.0,0.0024955046991198965
773.0,0.0025031517071072967
774.0,0.0025126504545693305
775.0,0.0025256808284021375
776.0,0.0025349185794497618
777.0,0.0025477334568709507
778.0,0.0025606621219692043
779.0,0.002572970506828861
780.0,0.0025912548464287997
781.0,0.0026090303319656204
782.0,0.0026173921549081545
783.0,0.002632859525466011
784.0,0.002656312900842957
785.0,0.0026683441022866327
786.0,0.002681246661599832
787.0,0.002698920233848913
788.0,0.002715027002307787
789.0,0.0027384709918834684
790.0,0.002776170025691963
791.0,0.002797999380674071
792.0,0.002816555135019553
793.0,0.0028512270358930915
794.0,0.0028741024141085187
795.0,0.0028867636352738523
796.0,0.0029105980240064634
797.0,0.0029302743554766907
798.0,0.0029491184839399425
799.0,0.0029743781704723053
800.0,0.0029939193481813404
801.0,0.0029982858335113553
802.0,0.0030132192816324393
803.0,0.003039461115541286
804.0,0.003048288157544144
805.0,0.0030528258812108845
806.0,0.0030553275637084003
807.0,0.00305099663574826
808.0,0.0030394479455302195
809.0,0.0030073054544275026
810.0,0.002979545728057619
811.0,0.002959733939913817
812.0,0.002910111973346885
813.0,0.002856024846800862
814.0,0.0028237589856800185
815.0,0.0027726413232217395
816.0,0.0027184822586235084
817.0,0.002693311114078635
818.0,0.0026551250916078965
819.0,0.002596425259139639
820.0,0.002539754822262283
821.0,0.002483456598434648
822.0,0.0024167969254178345
823.0,0.0023359043971608673
824.0,0.0022446233441227757
825.0,0.002157492244201985
826.0,0.0020540391476367454
827.0,0.0019439895738116667
828.0,0.001859501938430802
829.0,0.0017785025881866645
830.0,0.001685316678537288
831.0,0.0015990555856865794
832.0,0.0015333855678170629
833.0,0.0014859343972106595
834.0,0.0014407581486775738
835.0,0.0014031708252902268
836.0,0.0013885228859094804
837.0,0.0013788583044601745
838.0,0.0013596957999374767
839.0,0.0013408102161368762
840.0,0.0013300956340366885
841.0,0.001319535546185037
842.0,0.001305980235829625
843.0,0.001288772700945408
844.0,0.0012714045736099701
845.0,0.0012671859528638806
846.0,0.0012673256644423706
847.0,0.00125322065960913
848.0,0.0012270665715082296
849.0,0.0012182878396174714
850.0,0.0012056817818048855
851.0,0.0011851539033774963
852.0,0.001178795828350066
853.0,0.0011655081812612215
854.0,0.0011430291631009926
855.0,0.001148794649063659
856.0,0.0011641954201163866
857.0,0.0011365532469887606
858.0,0.001111876934052999
859.0,0.0011092973237487862
860.0,0.0011031949558524615
861.0,0.0010892508083057857
862.0,0.001070995375086969
863.0,0.0010625472117652337
864.0,0.0010605247436096103
865.0,0.0010544872032270027
866.0,0.001038157066905907
867.0,0.0010148222394432116
868.0,0.0010036659682008914
869.0,0.0009960853861704804
870.0,0.0009897427327824385
871.0,0.0009721133905459131
872.0,0.0009512991254026423
873.0,0.0009430703705095607
874.0,0.00092870825588026
875.0,0.0009178008313957332
876.0,0.0009246662140159655
877.0,0.0009194030033503799
878.0,0.0008792712290410174
879.0,0.0008466853510860906
880.0,0.0008282010144070396
881.0,0.0008379338322017464
882.0,0.0008328274970985157
883.0,0.0008102923435273285
884.0,0.0007893121589311799
885.0,0.0007719382348660391
886.0,0.0007620474320004963
887.0,0.0007345106883589795
888.0,0.0006978971035281498
889.0,0.0006938136136172733
890.0,0.0006783998753405308
891.0,0.0006573929206507075
892.0,0.0006371776145636962
893.0,0.0006231114560195769
894.0,0.0006222389440205577
895.0,0.0006041215461504629
896.0,0.0005762601069334034
897.0,0.0005452935917631557
898.0,0.0005292638971741287
899.0,0.0005272294716822276
