/begin_header
/west_longitude=UNKNOWN
/south_latitude=NA
/north_latitude=UNKNOWN
/calibration_files=NA
/cruise=NA
/station=NA
/documents=NA
/data_type=NA
/affiliations=NOAA
/experiment=NA
/units=nm,dl
/start_date=2019-08-15
/end_date=NA
/missing=9999
/start_time=13:27:06
/data_file_name=NA
/cloud_percent=NA
/water_depth=NA
/data_status=NA
/east_longitude=NA
/wind_speed=NA
/secchi=NA
/measurement_depth=NA
/fields=wavelength,rrs
/delimiter=comma
/contact=NA
/end_time=NA
/wave_height=NA
/investigators=NA
/end_header@
325.0,0.013005762636593698
326.0,0.012996401430907602
327.0,0.012968076619337483
328.0,0.012960180763572634
329.0,0.012926307356374367
330.0,0.01280423789621649
331.0,0.012718451316534424
332.0,0.012616948002550662
333.0,0.012533444895906395
334.0,0.012492803640787285
335.0,0.012422683487005499
336.0,0.012325301946611009
337.0,0.012245386124874224
338.0,0.012147998710829704
339.0,0.012092611449781885
340.0,0.012027822409545013
341.0,0.011955702484728128
342.0,0.01187726748578051
343.0,0.011817711117692382
344.0,0.011781263906522184
345.0,0.011691393860671511
346.0,0.01160704165486674
347.0,0.011558204432239531
348.0,0.01147954617489019
349.0,0.01139977004496967
350.0,0.011344791034740901
351.0,0.01128632541335307
352.0,0.011228964610105616
353.0,0.011181803890707998
354.0,0.011134547863567112
355.0,0.01108140942841526
356.0,0.011009453864793193
357.0,0.010933074561445948
358.0,0.010874273769900989
359.0,0.010831429475754157
360.0,0.010781357061310236
361.0,0.010710246481884187
362.0,0.010651631234885665
363.0,0.01060156374175445
364.0,0.010550783329830882
365.0,0.01049712589704511
366.0,0.01043826313326671
367.0,0.010400934960571352
368.0,0.010365668841694289
369.0,0.010321606711001975
370.0,0.01029191812372693
371.0,0.010268035181374651
372.0,0.010215921039417293
373.0,0.010148079165216373
374.0,0.010073945862108039
375.0,0.010034848177357654
376.0,0.010002557196728986
377.0,0.009943570191955107
378.0,0.009900772288371879
379.0,0.009887535177871195
380.0,0.009863048574362415
381.0,0.009823443344279665
382.0,0.009782358086123547
383.0,0.009752905199457877
384.0,0.009735303153769737
385.0,0.009711948788045538
386.0,0.00965678584291593
387.0,0.009595673563846078
388.0,0.009568761194231657
389.0,0.00954691719777902
390.0,0.009529084284951833
391.0,0.009516533208252433
392.0,0.0094970227501163
393.0,0.009457641565093286
394.0,0.00942486379155639
395.0,0.0093954584197797
396.0,0.00934731701738895
397.0,0.009299596707236832
398.0,0.009256889486518054
399.0,0.009224010550493333
400.0,0.00919088948468517
401.0,0.009171486761218579
402.0,0.009147519682741554
403.0,0.009122425625368196
404.0,0.009098329472263706
405.0,0.009078884277352114
406.0,0.009063792652977392
407.0,0.009045042046543014
408.0,0.009017862214893339
409.0,0.008988333520577934
410.0,0.008958672925190337
411.0,0.00893281022946964
412.0,0.008920427415860717
413.0,0.008906530838368024
414.0,0.008891606731247913
415.0,0.008876623933745753
416.0,0.008864277262964567
417.0,0.008849786990508018
418.0,0.008839540059575665
419.0,0.008834315707374769
420.0,0.008826995861704065
421.0,0.008819588796029515
422.0,0.008810235258215653
423.0,0.008803417011433499
424.0,0.008799680238262155
425.0,0.008796434567474695
426.0,0.008797660405911125
427.0,0.008803183778753967
428.0,0.0087995242880678
429.0,0.00879226807220013
430.0,0.00878920121700794
431.0,0.008780519037385418
432.0,0.00877071906018486
433.0,0.008769159810345267
434.0,0.008766170918138196
435.0,0.008758478148529262
436.0,0.00875522750246972
437.0,0.008756748236303577
438.0,0.00876505759381648
439.0,0.008776257141356953
440.0,0.008787475657157238
441.0,0.008803597920422198
442.0,0.008822789096658951
443.0,0.008844201423719205
444.0,0.008864987892949715
445.0,0.008888930104757348
446.0,0.008921850385999658
447.0,0.00895322909147654
448.0,0.008982491410703682
449.0,0.009014629694167515
450.0,0.009047132708135794
451.0,0.009080745063415179
452.0,0.009117594120933235
453.0,0.009156474715968923
454.0,0.00919027402872873
455.0,0.009224617519045688
456.0,0.009260157038228679
457.0,0.009288582435156066
458.0,0.009316586008555883
459.0,0.009348429818526741
460.0,0.009382208800853092
461.0,0.009416889904530858
462.0,0.00945334417474481
463.0,0.00948835176040137
464.0,0.009522025452878575
465.0,0.009563607054509898
466.0,0.009603646812450599
467.0,0.009640593110891684
468.0,0.00968202259711613
469.0,0.009724250583699757
470.0,0.009756931943777362
471.0,0.009792376183037405
472.0,0.009831135651809144
473.0,0.009863470123685391
474.0,0.009893605935304715
475.0,0.009929988695378327
476.0,0.00996187971744129
477.0,0.009993436165767887
478.0,0.010029365497365198
479.0,0.010057885035766764
480.0,0.010082831295407924
481.0,0.010121932188096544
482.0,0.010159429124295667
483.0,0.010188892702180423
484.0,0.010223886691866595
485.0,0.01026083153841963
486.0,0.010289785909053082
487.0,0.010318417188448937
488.0,0.010346960118572428
489.0,0.010368908323418202
490.0,0.010393616835562485
491.0,0.010424178165862235
492.0,0.010453412407752483
493.0,0.010482526662610394
494.0,0.010518928844580052
495.0,0.01056210481336579
496.0,0.010610439787084619
497.0,0.010653872683896386
498.0,0.010698887992879368
499.0,0.01075563095004414
500.0,0.01081220936678764
501.0,0.010867355935984795
502.0,0.01092545962167123
503.0,0.010979546793703528
504.0,0.011030022715556944
505.0,0.011077725493507166
506.0,0.011121607341993953
507.0,0.011166209102033118
508.0,0.011201669688505915
509.0,0.011226238541424564
510.0,0.011253208833299114
511.0,0.011281119816414274
512.0,0.011306633130068699
513.0,0.01135399481337004
514.0,0.011422245597790521
515.0,0.011488672718263149
516.0,0.011566778868728264
517.0,0.01166189337903423
518.0,0.011749509601720446
519.0,0.01183312666735252
520.0,0.011913333645512215
521.0,0.011994128702682216
522.0,0.012079011384220321
523.0,0.012168118869797616
524.0,0.012255292677725273
525.0,0.012341467362325945
526.0,0.012433693143072154
527.0,0.012525919900087409
528.0,0.012600982390180421
529.0,0.012672620763153144
530.0,0.012747351567227113
531.0,0.012824458334128588
532.0,0.01290118154881546
533.0,0.01297689588705202
534.0,0.01304452977697979
535.0,0.013104427528941295
536.0,0.013167178476105356
537.0,0.013229101161035105
538.0,0.013287481549671003
539.0,0.013341067240014475
540.0,0.01338871049657939
541.0,0.013428628483741814
542.0,0.013460667667939455
543.0,0.01348503582749112
544.0,0.013503114421311538
545.0,0.013513120277060139
546.0,0.013516643514953172
547.0,0.013509052798564406
548.0,0.013496426570585232
549.0,0.013482216140514725
550.0,0.013472286773066378
551.0,0.01347162696105599
552.0,0.013478509317304599
553.0,0.013490056920066532
554.0,0.01350513719294739
555.0,0.013524402713525566
556.0,0.013544166312395477
557.0,0.013561625008975486
558.0,0.013575783043234846
559.0,0.013583384296382662
560.0,0.01357694489248224
561.0,0.013561487383352342
562.0,0.01354663278477381
563.0,0.013523885828054966
564.0,0.013492643496658857
565.0,0.013454974382904638
566.0,0.013406589766858865
567.0,0.013348739769474255
568.0,0.013283307695005214
569.0,0.01320646016046385
570.0,0.013111891738507669
571.0,0.013006634120587654
572.0,0.012894359751945727
573.0,0.012770163038795945
574.0,0.01263500786125334
575.0,0.012489246883396563
576.0,0.012323206443613007
577.0,0.01213464039585103
578.0,0.011929452042983898
579.0,0.011703721502674489
580.0,0.011460300798098125
581.0,0.011204917889455459
582.0,0.010938785809877647
583.0,0.010664818770552704
584.0,0.010389792478820617
585.0,0.010115568318675935
586.0,0.009839202579450196
587.0,0.00956495733202176
588.0,0.009298264719633647
589.0,0.00901859080181289
590.0,0.008732103965798318
591.0,0.008454948931203627
592.0,0.008183041996545902
593.0,0.007903769679581221
594.0,0.007611189565986916
595.0,0.007308944311507087
596.0,0.006996773524292796
597.0,0.006674434341649019
598.0,0.006352535430998975
599.0,0.006061689111014884
600.0,0.00581020136260235
601.0,0.005601864222661587
602.0,0.005433944313563297
603.0,0.005306336259260533
604.0,0.0052179596115634365
605.0,0.005154045306271913
606.0,0.005107395790223523
607.0,0.0050668478142015866
608.0,0.005029386948529881
609.0,0.0049947375793728405
610.0,0.00496219118613847
611.0,0.004929137330195206
612.0,0.004892177715939039
613.0,0.004856779805296476
614.0,0.004822245811547299
615.0,0.004784019004929389
616.0,0.004746463493527624
617.0,0.004714272437699646
618.0,0.004676898808222382
619.0,0.004634612433244799
620.0,0.00460516938486291
621.0,0.004574960455864317
622.0,0.004538831209691913
623.0,0.004502706547062669
624.0,0.004468345928262051
625.0,0.004434575903648754
626.0,0.004404535839124245
627.0,0.004373341154315442
628.0,0.004336033144593499
629.0,0.004301484898868823
630.0,0.004278824422088644
631.0,0.004254483818776831
632.0,0.004227962393490451
633.0,0.004204730919901323
634.0,0.004183489758610893
635.0,0.004160355995740453
636.0,0.0041338149845543985
637.0,0.004103779122073636
638.0,0.004076621079484978
639.0,0.004053706590586975
640.0,0.004032450390115824
641.0,0.004001467570685239
642.0,0.0039646220209822594
643.0,0.003929766210356428
644.0,0.003896242843692552
645.0,0.003865388539070384
646.0,0.0038344754824272964
647.0,0.0038014494745072444
648.0,0.0037659581715267466
649.0,0.0037253985640222052
650.0,0.0036826656012128286
651.0,0.003634960220423579
652.0,0.0035818150653555035
653.0,0.003522144636375657
654.0,0.0034586379987391947
655.0,0.003386871625957938
656.0,0.0033124212192828842
657.0,0.0032314167321019728
658.0,0.0031566775533504606
659.0,0.003102506620673893
660.0,0.003054831417224468
661.0,0.003012629500459811
662.0,0.0029797258212694937
663.0,0.002949468232034019
664.0,0.002916401382288151
665.0,0.0028886647636811808
666.0,0.002865939635774123
667.0,0.002843963091793637
668.0,0.0028286843486934935
669.0,0.0028146653502418065
670.0,0.002797388574439384
671.0,0.002780983214665038
672.0,0.002774933725604129
673.0,0.002763837898071174
674.0,0.002746568095906185
675.0,0.002734220706533074
676.0,0.002725171976257206
677.0,0.0027132375275325206
678.0,0.0026980710699235745
679.0,0.00268402694016468
680.0,0.00267725405401079
681.0,0.0026646639016167607
682.0,0.0026445329456736082
683.0,0.0026318966325973303
684.0,0.002624715762445254
685.0,0.0026107291150729455
686.0,0.0025918876848415352
687.0,0.0025630045229734673
688.0,0.0025229827402293045
689.0,0.0024878806112632774
690.0,0.002452982299827956
691.0,0.002406142415753426
692.0,0.0023537958783931834
693.0,0.00231215848659424
694.0,0.0022660898803201534
695.0,0.002213749690937247
696.0,0.0021665346342711047
697.0,0.0021202901258507707
698.0,0.002078608262447836
699.0,0.0020256733161249335
700.0,0.00196476558380372
701.0,0.0019176218286441529
702.0,0.0018719380715083327
703.0,0.0018180099302107793
704.0,0.0017686083914343065
705.0,0.001718848095014286
706.0,0.0016643256861745242
707.0,0.001611811423756496
708.0,0.0015627409154873868
709.0,0.0015028053610760758
710.0,0.0014480820144099921
711.0,0.0014018784420820256
712.0,0.0013505384011682701
713.0,0.0012976031227247729
714.0,0.0012412845297365236
715.0,0.0011827129488989122
716.0,0.0011231473232990222
717.0,0.0010629860528805115
718.0,0.0010031637311806233
719.0,0.0009564513872415492
720.0,0.0009244954019228816
721.0,0.0008983456283324205
722.0,0.0008619575299568052
723.0,0.0008246367777834686
724.0,0.0007869533877464275
725.0,0.0007488602100884201
726.0,0.0007130531423264906
727.0,0.0006785113234473144
728.0,0.0006428446443483052
729.0,0.0006080505743817393
730.0,0.0005846725947903987
731.0,0.0005630638492090766
732.0,0.000540380863941086
733.0,0.0005221827156097055
734.0,0.0005051741170894622
735.0,0.000487401886342012
736.0,0.00047403568775846735
737.0,0.0004641988592919969
738.0,0.00045808664586361754
739.0,0.00045223160748405556
740.0,0.0004453135096125811
741.0,0.0004444502394736774
742.0,0.00044606588388771426
743.0,0.00043549819137311656
744.0,0.0004229714926835619
745.0,0.0004187703736088499
746.0,0.0004165398423032535
747.0,0.00041398410717739706
748.0,0.00042148518213882814
749.0,0.0004199980159977539
750.0,0.0004127065262831811
751.0,0.0004139527731737938
752.0,0.00040918059415955276
753.0,0.00039937091647881723
754.0,0.00039549470239160737
755.0,0.00039129843157043856
756.0,0.00038318525675292846
757.0,0.00037125834799792287
758.0,0.0003554225814555223
759.0,0.00032595545186069925
760.0,0.0002954435274600367
761.0,0.00028007109256615603
762.0,0.0002651131188116754
763.0,0.00026542628166949955
764.0,0.00028263193443994197
765.0,0.00030191666761394313
766.0,0.00031504632673846607
767.0,0.0003258650689618615
768.0,0.00033110258180135953
769.0,0.00033513806306697657
770.0,0.000338101158318534
771.0,0.0003391775827488818
772.0,0.00033633784158677805
773.0,0.0003387438621852451
774.0,0.00034281409970751415
775.0,0.0003406779240562698
776.0,0.0003392471195123426
777.0,0.00033796101531709125
778.0,0.0003390745559726012
779.0,0.0003411050509022879
780.0,0.0003396835482100117
781.0,0.00033824923038762954
782.0,0.00033361658884738704
783.0,0.0003341081367001323
784.0,0.0003355162153364759
785.0,0.00033675683401283705
786.0,0.0003328176197756444
787.0,0.00032518212922532806
788.0,0.00032022807921872846
789.0,0.0003189692593747976
790.0,0.0003198516953099172
791.0,0.0003237602598555313
792.0,0.0003285729335178438
793.0,0.00032543674891586185
794.0,0.00032690965901761295
795.0,0.0003336730716328877
796.0,0.0003323334878439146
797.0,0.00033024247087170606
798.0,0.0003346483047220592
799.0,0.0003363748352767195
800.0,0.00033698350687097706
801.0,0.00033075516444098705
802.0,0.00032984232078698487
803.0,0.0003359056833177035
804.0,0.0003377759690189478
805.0,0.0003342843671764859
806.0,0.00032272427829016574
807.0,0.00031934986368041714
808.0,0.0003180387013549473
809.0,0.0003124569007097617
810.0,0.00030238710998254487
811.0,0.0002888522606534166
812.0,0.00028580053254061806
813.0,0.00028038892320163413
814.0,0.00026339385228088855
815.0,0.0002584251918517046
816.0,0.0002578592209137896
817.0,0.0002493087808322429
818.0,0.00023771224837372665
819.0,0.00022733917288470534
820.0,0.00023336027715748013
821.0,0.00023354379826017596
822.0,0.0001953119335408744
823.0,0.00017262848107482145
824.0,0.00017051734414643587
825.0,0.00018387583842983837
826.0,0.0001838254702904296
827.0,0.00015674092403744258
828.0,0.00012997134382306772
829.0,0.00011142128314446227
830.0,9.665230112752725e-05
831.0,9.076418704774059e-05
832.0,8.436900937162506e-05
833.0,8.738562801111288e-05
834.0,8.612809794776414e-05
835.0,7.585633118613567e-05
836.0,6.301470152032256e-05
837.0,6.09264017864349e-05
838.0,7.079430068404716e-05
839.0,7.044624918179131e-05
840.0,6.653760529225399e-05
841.0,5.72405110702342e-05
842.0,5.0976532105231724e-05
843.0,5.53466671791205e-05
844.0,5.567780975435741e-05
845.0,5.839877402108708e-05
846.0,4.123613981412316e-05
847.0,4.078777324970795e-05
848.0,4.713464823478531e-05
849.0,5.4949726474100066e-05
850.0,6.101898981753232e-05
851.0,5.7362741970671844e-05
852.0,5.299864314109406e-05
853.0,4.4332481507121794e-05
854.0,7.245830896342043e-05
855.0,6.993932812506928e-05
856.0,6.252033428306967e-05
857.0,6.619408561380718e-05
858.0,6.755352633937326e-05
859.0,7.223584472158451e-05
860.0,6.312033454538611e-05
861.0,6.0908021128302375e-05
862.0,6.74146252114038e-05
863.0,6.924908507945493e-05
864.0,7.276334342123255e-05
865.0,7.712613239730385e-05
866.0,8.551618492370857e-05
867.0,7.784657754828365e-05
868.0,5.213199357918535e-05
869.0,7.32758601592903e-05
870.0,8.571408800704646e-05
871.0,7.446941080103885e-05
872.0,5.05686355951564e-05
873.0,7.465926300351779e-05
874.0,9.419211414485257e-05
875.0,9.225900132416254e-05
876.0,0.00010000000000000002
877.0,0.00010000000000000002
878.0,0.00010000000000000002
879.0,9.069270176316886e-05
880.0,9.097256491763483e-05
881.0,9.155238241402477e-05
882.0,0.00010000000000000002
883.0,0.00010000000000000002
884.0,9.051912949379449e-05
885.0,9.06804647350401e-05
886.0,0.00010000000000000002
887.0,0.00010000000000000002
888.0,9.266581280841722e-05
889.0,0.00010000000000000002
890.0,0.00010000000000000002
891.0,9.127624060664368e-05
892.0,0.00010000000000000002
893.0,0.00010000000000000002
894.0,0.00010000000000000002
895.0,0.00010000000000000002
896.0,0.00010000000000000002
897.0,0.00010000000000000002
898.0,0.00010000000000000002
899.0,0.00010000000000000002
