/begin_header
/west_longitude=UNKNOWN
/south_latitude=NA
/north_latitude=UNKNOWN
/calibration_files=NA
/cruise=NA
/station=NA
/documents=NA
/data_type=NA
/affiliations=NOAA
/experiment=NA
/units=nm,dl
/start_date=2019-08-01
/end_date=NA
/missing=9999
/start_time=13:46:54
/data_file_name=NA
/cloud_percent=NA
/water_depth=NA
/data_status=NA
/east_longitude=NA
/wind_speed=NA
/secchi=NA
/measurement_depth=NA
/fields=wavelength,rrs
/delimiter=comma
/contact=NA
/end_time=NA
/wave_height=NA
/investigators=NA
/end_header@
325.0,0.019826123141389127
326.0,0.01978177888522193
327.0,0.019720476327128787
328.0,0.01962396807686389
329.0,0.019489211720655285
330.0,0.019386770428449353
331.0,0.019382314548160844
332.0,0.019286982656369266
333.0,0.0191457603590941
334.0,0.01900958578761251
335.0,0.018936578258353667
336.0,0.018893849946586112
337.0,0.018730918760755257
338.0,0.01857222609353707
339.0,0.018455659937321418
340.0,0.018375784404907218
341.0,0.018292407461919076
342.0,0.01820276408429896
343.0,0.01810401232273237
344.0,0.018007448118771575
345.0,0.017902957660298143
346.0,0.017802274618666524
347.0,0.01770144848562308
348.0,0.017606311144678193
349.0,0.017525555725511083
350.0,0.017443852848853192
351.0,0.017376877650327464
352.0,0.01729901135698115
353.0,0.01722021676662855
354.0,0.017128653391892294
355.0,0.01703108989140018
356.0,0.01694647878685177
357.0,0.016867524263262386
358.0,0.01676958221567336
359.0,0.016688754728634295
360.0,0.016611368831798964
361.0,0.016490368307870762
362.0,0.0163890029682601
363.0,0.016324355247535564
364.0,0.016240430373624194
365.0,0.016156817554229885
366.0,0.016079620360162937
367.0,0.01599941870308365
368.0,0.015936960872481178
369.0,0.015883142665983167
370.0,0.015803052658449338
371.0,0.015699269749534093
372.0,0.015607924550213901
373.0,0.015518671112332922
374.0,0.01542924769010556
375.0,0.015338434989314424
376.0,0.015254075516462212
377.0,0.015177998303041085
378.0,0.01509141074858486
379.0,0.014995188528423412
380.0,0.014939972505592706
381.0,0.01489168088134393
382.0,0.01482168342795839
383.0,0.014751197532963514
384.0,0.014678876665422549
385.0,0.01458619208471967
386.0,0.014495303722055725
387.0,0.014417477873739485
388.0,0.014350208586306923
389.0,0.014289780400969208
390.0,0.014229741573153747
391.0,0.014169055664999227
392.0,0.014107712833074357
393.0,0.014042996994558913
394.0,0.013962325829758971
395.0,0.013874937303532947
396.0,0.013792793120765298
397.0,0.013708374752531833
398.0,0.013615097244212736
399.0,0.013535389660285026
400.0,0.013464428200530194
401.0,0.013393575554800577
402.0,0.013333143248437715
403.0,0.013276830927363823
404.0,0.01320435412844351
405.0,0.01312632518409286
406.0,0.01304234150901255
407.0,0.012961768397926324
408.0,0.01288255444252574
409.0,0.012800689222770579
410.0,0.012720544962859685
411.0,0.012643761481945986
412.0,0.012567596965804317
413.0,0.012503456428149868
414.0,0.0124531258740423
415.0,0.012392060492510537
416.0,0.012326830085276231
417.0,0.012272568891259555
418.0,0.012223777102762949
419.0,0.012176651611267155
420.0,0.012122257311593143
421.0,0.012070446187920827
422.0,0.012026486437974635
423.0,0.01197534428815698
424.0,0.011923031170382178
425.0,0.011883869270893906
426.0,0.01184542155324827
427.0,0.011801653292444234
428.0,0.01175637184793559
429.0,0.011706073460412839
430.0,0.011648624553001663
431.0,0.011590360947977645
432.0,0.011529555772990257
433.0,0.011471347473235808
434.0,0.01142378559200408
435.0,0.011388895025455948
436.0,0.011358272457775955
437.0,0.011328719136230032
438.0,0.011301854290503564
439.0,0.011287739992726694
440.0,0.011285254434715213
441.0,0.011278837454646962
442.0,0.011285460207530448
443.0,0.011307095662134494
444.0,0.011331611713686147
445.0,0.01136577563136569
446.0,0.011409664718887885
447.0,0.011458163339002164
448.0,0.011508547283629673
449.0,0.011563713043719604
450.0,0.011614221420569814
451.0,0.0116607071515594
452.0,0.011710504543533213
453.0,0.011757559807438579
454.0,0.011800070226319145
455.0,0.011836589701070068
456.0,0.011866650017342892
457.0,0.011886660826827388
458.0,0.011903035620399564
459.0,0.011921782061742991
460.0,0.011935960481557805
461.0,0.011951439189932935
462.0,0.011972304614747267
463.0,0.011988884293824775
464.0,0.01200392378420951
465.0,0.012030321005265935
466.0,0.012058159136041906
467.0,0.012088443193899715
468.0,0.012115702141417273
469.0,0.012143746261576658
470.0,0.012176938076513112
471.0,0.01221170329386329
472.0,0.012246430190871963
473.0,0.012277191169392243
474.0,0.012310698427739736
475.0,0.012348403518575172
476.0,0.01238339705189846
477.0,0.012419152156568674
478.0,0.01245935731792212
479.0,0.012495640695915123
480.0,0.012529068015790314
481.0,0.012561470823720472
482.0,0.01259646935038812
483.0,0.012637960797292378
484.0,0.012675461576734479
485.0,0.01270865752719312
486.0,0.012738246661389424
487.0,0.012769073590846896
488.0,0.012802257189085006
489.0,0.012839772134210331
490.0,0.012881235756632836
491.0,0.012928758970272078
492.0,0.012985090369689839
493.0,0.013053592198121388
494.0,0.013132897608884924
495.0,0.013219834822225223
496.0,0.013319556702846702
497.0,0.013439553527611317
498.0,0.013574488089152292
499.0,0.013719638021819821
500.0,0.013880675771422036
501.0,0.014057124005602143
502.0,0.014244943225637624
503.0,0.01444752570578319
504.0,0.01466128285713636
505.0,0.014891732061084207
506.0,0.01513996655897668
507.0,0.015400512380287949
508.0,0.0156714420435504
509.0,0.015953266544392806
510.0,0.016245618273571426
511.0,0.01654710738645556
512.0,0.01685708577173955
513.0,0.017178417208391167
514.0,0.017513563856198365
515.0,0.017861341551202663
516.0,0.018224447104303564
517.0,0.018597095399179697
518.0,0.018967961015724996
519.0,0.019330282032959733
520.0,0.019673766225187454
521.0,0.020013048751212202
522.0,0.020356220953135717
523.0,0.020695230198853384
524.0,0.021035603123763187
525.0,0.021377424209068886
526.0,0.021718773236875176
527.0,0.022054545765927393
528.0,0.022374224713471346
529.0,0.02268299048678306
530.0,0.02298344302099587
531.0,0.023279542544284694
532.0,0.023576106553416836
533.0,0.02387192633635251
534.0,0.024156012073171126
535.0,0.024424436932027675
536.0,0.02468672246749084
537.0,0.02494223553803598
538.0,0.025190624906495384
539.0,0.025433428395191228
540.0,0.025669602553610272
541.0,0.02589617234721602
542.0,0.026110123417516194
543.0,0.026308843233882218
544.0,0.026494159113913875
545.0,0.026670174650528077
546.0,0.02683806036175257
547.0,0.026992843441543134
548.0,0.027136273750876915
549.0,0.02727206655601307
550.0,0.02739858865395862
551.0,0.02751716476451211
552.0,0.02763030732283848
553.0,0.027732047269074023
554.0,0.027813209213611433
555.0,0.027878894174199004
556.0,0.027931637766021228
557.0,0.027977542385280153
558.0,0.02800770539216993
559.0,0.02801758465084946
560.0,0.02801168269756185
561.0,0.0279957442345095
562.0,0.0279757135165687
563.0,0.027946439426825405
564.0,0.027906615220764458
565.0,0.027860727340848167
566.0,0.02780299651550474
567.0,0.02773279999122491
568.0,0.027660909098724366
569.0,0.027587677571758194
570.0,0.027507956732117665
571.0,0.027423792216350322
572.0,0.027339991067385865
573.0,0.027257957808734346
574.0,0.027172529132728284
575.0,0.027083293705981632
576.0,0.02699336287293135
577.0,0.026900154936478644
578.0,0.026795897818005322
579.0,0.02668175476555597
580.0,0.0265564804125815
581.0,0.026422991269919448
582.0,0.026284331200600287
583.0,0.026139732657341423
584.0,0.02598795820265707
585.0,0.025830550666903613
586.0,0.02566529513749381
587.0,0.02549491424939445
588.0,0.025321097938045805
589.0,0.025143982448698338
590.0,0.024965601457202308
591.0,0.024789930059640846
592.0,0.02461377744982881
593.0,0.02442177722440024
594.0,0.024207493043261998
595.0,0.023964404768152682
596.0,0.02368203818039714
597.0,0.02336153858894572
598.0,0.02301106292948573
599.0,0.02265132388503601
600.0,0.02230193479908928
601.0,0.021984578058227216
602.0,0.021706680656518106
603.0,0.021469749623760005
604.0,0.021275638992461036
605.0,0.02110113267897262
606.0,0.020934819896970307
607.0,0.020778724786244953
608.0,0.020622743876986517
609.0,0.02045763655015951
610.0,0.020292271483508283
611.0,0.020126310043910894
612.0,0.019953228879158687
613.0,0.019784491655271817
614.0,0.019623249139644763
615.0,0.01946477341099224
616.0,0.019309816352033486
617.0,0.01916316355048395
618.0,0.019029784322145894
619.0,0.01890979352632957
620.0,0.018799430726844406
621.0,0.01869995255628606
622.0,0.018615345130459048
623.0,0.01853775443922499
624.0,0.018463608301280823
625.0,0.018397853554622957
626.0,0.018339989372556795
627.0,0.01829181558919341
628.0,0.018255895052942363
629.0,0.01822925612158981
630.0,0.0182072696238536
631.0,0.018186391688095768
632.0,0.018168099989084585
633.0,0.018165459947317955
634.0,0.018169384371881623
635.0,0.01817520645453692
636.0,0.018184468908586778
637.0,0.01819712652493135
638.0,0.018212855153362524
639.0,0.0182303843740984
640.0,0.018241148444797024
641.0,0.018230350706323943
642.0,0.01820561344767057
643.0,0.01817491047268196
644.0,0.018132210469964202
645.0,0.01807680244681007
646.0,0.018004368095983967
647.0,0.017919880020443403
648.0,0.017821877082080214
649.0,0.017708992304021332
650.0,0.017568166773066114
651.0,0.01738080161913765
652.0,0.017165562291952756
653.0,0.016928640093418927
654.0,0.01667076242220712
655.0,0.016331227066345867
656.0,0.015889596285206847
657.0,0.015379184656985307
658.0,0.014867429214885486
659.0,0.014382275981540163
660.0,0.013913179913573246
661.0,0.013460059129583691
662.0,0.013039931596909676
663.0,0.01265347327447541
664.0,0.012303969097058831
665.0,0.011996851367498618
666.0,0.011732548670886248
667.0,0.011512197301190425
668.0,0.011340351712725991
669.0,0.011216311994107693
670.0,0.011137749254231662
671.0,0.011098228382353036
672.0,0.011081319186644626
673.0,0.01110291723360603
674.0,0.011159215004545801
675.0,0.011222616343280083
676.0,0.011309748772156165
677.0,0.011428494950883912
678.0,0.011579204632038896
679.0,0.011765041586376531
680.0,0.011980244777095164
681.0,0.012235200587099654
682.0,0.01253490344589408
683.0,0.012879938389491872
684.0,0.013291598690211067
685.0,0.013832339840569415
686.0,0.01446893912329868
687.0,0.01513055522477343
688.0,0.015619346770076831
689.0,0.016036561096030286
690.0,0.016495214683347435
691.0,0.016989346633642977
692.0,0.017513829095695266
693.0,0.018047361164430002
694.0,0.018569258845664707
695.0,0.019053950313762846
696.0,0.019482071090240128
697.0,0.019848409799850694
698.0,0.020149691422062275
699.0,0.020381397337552464
700.0,0.020534948756875848
701.0,0.020600621667150158
702.0,0.020577284061004633
703.0,0.02046728995758076
704.0,0.020289696509332256
705.0,0.020049950032758855
706.0,0.01974736391698862
707.0,0.019387182318332762
708.0,0.018971011415601507
709.0,0.018493659125887192
710.0,0.017970352134171284
711.0,0.017409741688352364
712.0,0.01681378827810554
713.0,0.016203161545445426
714.0,0.01559364954572658
715.0,0.015001790454124392
716.0,0.014413576477454271
717.0,0.013833833198014647
718.0,0.01324018167917677
719.0,0.012646936792617667
720.0,0.012085711844281543
721.0,0.011577301149213832
722.0,0.011107297749909765
723.0,0.01064325862527787
724.0,0.010177637117215758
725.0,0.009710995701248303
726.0,0.009253312934196364
727.0,0.008794995759781609
728.0,0.00832735331309133
729.0,0.007857161209575853
730.0,0.007402635166307979
731.0,0.006987155825185581
732.0,0.006626587420409831
733.0,0.006324768045923426
734.0,0.006071741358452919
735.0,0.005860185801836896
736.0,0.005689375416702806
737.0,0.0055615739335465085
738.0,0.005473076715712878
739.0,0.00540646253260729
740.0,0.005348723796982679
741.0,0.005297834928290739
742.0,0.0052559393244549935
743.0,0.005226997674242559
744.0,0.005200829587097028
745.0,0.005177350099142467
746.0,0.0051522016739407265
747.0,0.005129057140124978
748.0,0.0051123020345067915
749.0,0.005092599442831568
750.0,0.005068482485398285
751.0,0.005042489346428212
752.0,0.005020459952777454
753.0,0.0050006130349010604
754.0,0.004983438663018398
755.0,0.004966615490013438
756.0,0.00495894358092017
757.0,0.004963540909876721
758.0,0.0049806114755674685
759.0,0.005015479179340695
760.0,0.0050453730514270195
761.0,0.005029092521841869
762.0,0.004964320130811788
763.0,0.004892261876272711
764.0,0.004853817901934837
765.0,0.00483202767300676
766.0,0.004819017562030165
767.0,0.004818844372693749
768.0,0.004819392178588928
769.0,0.004818911018884958
770.0,0.004826083952697771
771.0,0.004836385094318499
772.0,0.0048393343965707335
773.0,0.004846856566068707
774.0,0.004862909640395432
775.0,0.0048725774821299205
776.0,0.004882428810783688
777.0,0.00489632051146425
778.0,0.0049131855713129184
779.0,0.004934706139966933
780.0,0.004959361158026589
781.0,0.004984285134171521
782.0,0.005014305805907041
783.0,0.005043887042302049
784.0,0.005073310320679253
785.0,0.005102936841559628
786.0,0.005133724544788801
787.0,0.005164042359812696
788.0,0.00520232921519561
789.0,0.005241811896886013
790.0,0.005275825034317669
791.0,0.005314971310725168
792.0,0.00536084681993799
793.0,0.005408956861788806
794.0,0.005449771262193721
795.0,0.005485773168577388
796.0,0.005526022933166202
797.0,0.00556861831794315
798.0,0.005607549845736514
799.0,0.005641062445774957
800.0,0.005669318943894578
801.0,0.005698195143813434
802.0,0.00572699996512481
803.0,0.005754527939421144
804.0,0.005763139754045842
805.0,0.005763813189759419
806.0,0.005769294674254258
807.0,0.0057665213162988865
808.0,0.005751270119454162
809.0,0.005716321971524557
810.0,0.0056746274442403075
811.0,0.005632402689567767
812.0,0.005585299136430477
813.0,0.0055328539636116825
814.0,0.005473122031204798
815.0,0.005400762721904475
816.0,0.005325147856773742
817.0,0.005247625352533453
818.0,0.0051699693323492115
819.0,0.005083655114689316
820.0,0.004987999968417258
821.0,0.004884076759247178
822.0,0.004763870546225375
823.0,0.004614414689108559
824.0,0.004446346553616491
825.0,0.0042909477347746455
826.0,0.004127292352864727
827.0,0.003954462976085158
828.0,0.003784643024690223
829.0,0.0036246018575295013
830.0,0.0034784944166141953
831.0,0.0033459158493444655
832.0,0.0032342176147999667
833.0,0.0031552650842147445
834.0,0.0030804346335649847
835.0,0.0030122155863604146
836.0,0.0029710930503198357
837.0,0.002935983235645131
838.0,0.0029049500031617615
839.0,0.002876647899730869
840.0,0.002849999264007517
841.0,0.0028315337460458863
842.0,0.0028069184018095317
843.0,0.0027773061963862226
844.0,0.0027578387429754814
845.0,0.002733490739726844
846.0,0.0027079693285689686
847.0,0.00268130654680098
848.0,0.0026593735003853764
849.0,0.0026484346204535825
850.0,0.0026279863167843515
851.0,0.0025959857974706597
852.0,0.002577553577462403
853.0,0.002562945892955396
854.0,0.0025456491329352102
855.0,0.002521861652909389
856.0,0.00249954844943331
857.0,0.0024845698947774586
858.0,0.0024665724901234316
859.0,0.0024415462992446782
860.0,0.002420607336343218
861.0,0.002409082162953897
862.0,0.002407243504188461
863.0,0.0023914963263830247
864.0,0.002364787251091664
865.0,0.0023457832309863183
866.0,0.002336024852310771
867.0,0.0023208514591367664
868.0,0.002296393836333928
869.0,0.0022724421801861706
870.0,0.0022409105438659354
871.0,0.0022184064285775853
872.0,0.002195024301704846
873.0,0.002170124320746994
874.0,0.0021513579220246814
875.0,0.002135225015667192
876.0,0.0021024877522125623
877.0,0.002062994558243719
878.0,0.0020345325481697252
879.0,0.0020265794024404583
880.0,0.0020264946523670135
881.0,0.0020112070931461975
882.0,0.001991196224982305
883.0,0.001960600987992143
884.0,0.001920193871261426
885.0,0.001887596780891224
886.0,0.0018653780141949545
887.0,0.0018588576790046752
888.0,0.0018545378710297614
889.0,0.0018077999110722026
890.0,0.0017738675286667793
891.0,0.0017511981045267913
892.0,0.0017315429834011769
893.0,0.0017027478285466095
894.0,0.0016691985553552759
895.0,0.0016476457125694853
896.0,0.0016297999659307997
897.0,0.0016164397495596501
898.0,0.0016010698127697596
899.0,0.0015891754580824712
