/begin_header
/west_longitude=UNKNOWN
/south_latitude=NA
/north_latitude=UNKNOWN
/calibration_files=NA
/cruise=NA
/station=NA
/documents=NA
/data_type=NA
/affiliations=NOAA
/experiment=NA
/units=nm,dl
/start_date=2019-08-01
/end_date=NA
/missing=9999
/start_time=14:01:10
/data_file_name=NA
/cloud_percent=NA
/water_depth=NA
/data_status=NA
/east_longitude=NA
/wind_speed=NA
/secchi=NA
/measurement_depth=NA
/fields=wavelength,rrs
/delimiter=comma
/contact=NA
/end_time=NA
/wave_height=NA
/investigators=NA
/end_header@
325.0,0.013969482034915607
326.0,0.013994232360643667
327.0,0.01396511360981791
328.0,0.013843926482321408
329.0,0.01376351189577156
330.0,0.013701429356720737
331.0,0.01367699468852004
332.0,0.013600573220466344
333.0,0.013495141796655757
334.0,0.013397022472226
335.0,0.013342701070673318
336.0,0.013310134223775708
337.0,0.013194159840369268
338.0,0.013076327218939917
339.0,0.012980757672331237
340.0,0.012937517959473724
341.0,0.012896600158499883
342.0,0.01285095089039524
343.0,0.012782190380662911
344.0,0.012709708721923008
345.0,0.01263307593045972
346.0,0.012564312384875945
347.0,0.012498141062350109
348.0,0.012424795493057608
349.0,0.012362622456193526
350.0,0.012308857658814357
351.0,0.012291608412589371
352.0,0.012266488586920895
353.0,0.01220496097553398
354.0,0.012142239626432023
355.0,0.012092725280503206
356.0,0.012043066630132
357.0,0.011990793757649769
358.0,0.011921821603919469
359.0,0.01187983415418651
360.0,0.01184600824283229
361.0,0.011771255705377136
362.0,0.011708217146028634
363.0,0.011674482952057018
364.0,0.01161465446956461
365.0,0.0115565209412205
366.0,0.011517983290818917
367.0,0.011470773636636558
368.0,0.011436579360606752
369.0,0.011420383005900994
370.0,0.011373491145897741
371.0,0.011299928311705568
372.0,0.011256445242157267
373.0,0.0112086077692874
374.0,0.011145875653870414
375.0,0.01109737201980662
376.0,0.011061598714533414
377.0,0.011017409775104035
378.0,0.010970666643788868
379.0,0.010919936467259434
380.0,0.010891083117116474
381.0,0.010863796869352568
382.0,0.01082404877502768
383.0,0.010792868825690662
384.0,0.010766145267965602
385.0,0.010717332712944616
386.0,0.010669648302108212
387.0,0.010631188100929185
388.0,0.010597502680635067
389.0,0.01057125179901348
390.0,0.010548069919129705
391.0,0.010518222230717786
392.0,0.010481518657763618
393.0,0.01044514267724151
394.0,0.010407474161401732
395.0,0.010367206779036967
396.0,0.010313277103866226
397.0,0.010262518391767486
398.0,0.010212542861961178
399.0,0.010172430669523131
400.0,0.010134867110465918
401.0,0.010085690241928805
402.0,0.010046071511931523
403.0,0.010014034369570698
404.0,0.009974316929903687
405.0,0.009929338828666754
406.0,0.009876449426093625
407.0,0.009819766491874039
408.0,0.00976577937624992
409.0,0.009724593375084923
410.0,0.009678059888187993
411.0,0.009626778834805956
412.0,0.009580751741447846
413.0,0.009546533811186536
414.0,0.009522467592388548
415.0,0.009484372772371375
416.0,0.009443097935149618
417.0,0.009417168097582517
418.0,0.009391705294061584
419.0,0.009364836384002671
420.0,0.00933758973063346
421.0,0.009312188391549276
422.0,0.0092902635262836
423.0,0.009261775529447755
424.0,0.009234093204539526
425.0,0.0092226204354983
426.0,0.009205860659775529
427.0,0.009178524420897885
428.0,0.009155786606623865
429.0,0.009131721539798597
430.0,0.00909944701818707
431.0,0.009066594331847498
432.0,0.009031265898763123
433.0,0.008998146538248904
434.0,0.008973269638207554
435.0,0.008956764328552457
436.0,0.008941644917425103
437.0,0.008929408358980087
438.0,0.008923600383209159
439.0,0.00892755393330741
440.0,0.008941490074966415
441.0,0.008957215282046618
442.0,0.008979947758043259
443.0,0.009010210444927691
444.0,0.009047269596266665
445.0,0.009093456881015411
446.0,0.009147160870107654
447.0,0.009207411925959468
448.0,0.00926963232583988
449.0,0.00933396646256819
450.0,0.009394106227041366
451.0,0.009450484835455441
452.0,0.009510536056770073
453.0,0.009568535334235687
454.0,0.009621103359041143
455.0,0.009667506142564715
456.0,0.009707242268689468
457.0,0.009738400426437775
458.0,0.009770201847823345
459.0,0.009805501704404657
460.0,0.009832461801205535
461.0,0.009859327628748011
462.0,0.009893761942274672
463.0,0.009921412033616605
464.0,0.009945000236612963
465.0,0.00998171705966983
466.0,0.010018700153565265
467.0,0.010053667917042002
468.0,0.010090725194919046
469.0,0.010131242046893672
470.0,0.010170976561556596
471.0,0.010210627339751779
472.0,0.010250579628701854
473.0,0.010288158340860911
474.0,0.010327540590703895
475.0,0.010368465768405121
476.0,0.010408879260182424
477.0,0.01045027185021801
478.0,0.010489158974150323
479.0,0.010528575538187911
480.0,0.010570337916298696
481.0,0.010609298513628958
482.0,0.010649640540556681
483.0,0.010693623481315952
484.0,0.01073560047324831
485.0,0.010776281071384008
486.0,0.010817176700916184
487.0,0.010860534272005513
488.0,0.010906144990172487
489.0,0.010954263826787016
490.0,0.011004633813265581
491.0,0.011060806045816492
492.0,0.011124031225587683
493.0,0.011195881420846668
494.0,0.011273057622750474
495.0,0.01135790112417617
496.0,0.01145763003718318
497.0,0.011571483380805046
498.0,0.011696113543479627
499.0,0.011835100168981759
500.0,0.011986511304210638
501.0,0.012148275579785667
502.0,0.012322508175226702
503.0,0.012508279502981256
504.0,0.012700905315928967
505.0,0.012905822225257092
506.0,0.013122299895257799
507.0,0.01334746696702362
508.0,0.013582894566901826
509.0,0.013829065736613827
510.0,0.014083721801506749
511.0,0.014346860415130485
512.0,0.014618932593677506
513.0,0.014901226852585252
514.0,0.015195692662086169
515.0,0.015502236531606184
516.0,0.015823242515171712
517.0,0.016152112735988135
518.0,0.016481499287754074
519.0,0.01680497843292579
520.0,0.01711260960866212
521.0,0.01741851733397331
522.0,0.017730085871525473
523.0,0.018039191886675934
524.0,0.018350351140797562
525.0,0.018665752589811412
526.0,0.018985408102899004
527.0,0.01930122900510619
528.0,0.019597943326426163
529.0,0.019887322719989862
530.0,0.020172846129863614
531.0,0.0204520403511609
532.0,0.020731763188401392
533.0,0.0210122744767282
534.0,0.02128137278361201
535.0,0.02153679366209163
536.0,0.0217893426026481
537.0,0.022036065463241473
538.0,0.022275596710474837
539.0,0.02251195086161634
540.0,0.022741585944771107
541.0,0.022961321572259077
542.0,0.023169750484939276
543.0,0.023366115777152724
544.0,0.02355331543374143
545.0,0.0237322618118695
546.0,0.023902644019655146
547.0,0.024059129543542196
548.0,0.02420533409335341
549.0,0.024348507017989095
550.0,0.024481945344712257
551.0,0.024606494262883638
552.0,0.02472583406941736
553.0,0.024835309433545394
554.0,0.02492957304270152
555.0,0.025014248079877104
556.0,0.025089052309478214
557.0,0.02514957391561016
558.0,0.02519725749485277
559.0,0.025230727863369197
560.0,0.02524769201278772
561.0,0.025252610136475423
562.0,0.025251383640214294
563.0,0.0252398186467891
564.0,0.025217934510337957
565.0,0.025186466801544523
566.0,0.025144987356565018
567.0,0.025097746806491912
568.0,0.025041821690810668
569.0,0.024977772882291756
570.0,0.02490784873652203
571.0,0.024834391128049593
572.0,0.02476225484533749
573.0,0.024687341287163024
574.0,0.024604640182404592
575.0,0.02451345848089803
576.0,0.024416786848233524
577.0,0.024314431446893537
578.0,0.024203397357887714
579.0,0.024081408725818453
580.0,0.02394654488650509
581.0,0.023802825466061925
582.0,0.02365480501857634
583.0,0.02350455581241926
584.0,0.02334650544583503
585.0,0.023181659208927813
586.0,0.023017834644379866
587.0,0.022850550389132057
588.0,0.022674448781688752
589.0,0.02249417712985434
590.0,0.022313304322961785
591.0,0.022133765463637517
592.0,0.021952937538657364
593.0,0.021758482056960054
594.0,0.02154287331034225
595.0,0.021300097229858726
596.0,0.021018855819054057
597.0,0.02070065779742445
598.0,0.02035350431226793
599.0,0.01999615842215514
600.0,0.019652105472429304
601.0,0.019345770587105827
602.0,0.01908558849800749
603.0,0.018868866207343744
604.0,0.018687909594371048
605.0,0.018533093421982682
606.0,0.018394614083833808
607.0,0.018258346228601688
608.0,0.018118839294844227
609.0,0.017975829183381524
610.0,0.017836157122059906
611.0,0.017697227785545104
612.0,0.0175436883388635
613.0,0.01739363262749473
614.0,0.017253197031868252
615.0,0.0171156043122472
616.0,0.016980880378414456
617.0,0.01685412855370521
618.0,0.016738532887156144
619.0,0.016633884871763933
620.0,0.016541507296268597
621.0,0.016458606898297482
622.0,0.01638576246957021
623.0,0.01632282644601431
624.0,0.016264652181033776
625.0,0.016208250812187183
626.0,0.01615654261831482
627.0,0.01611193835571504
628.0,0.01607949520524126
629.0,0.016057025430081157
630.0,0.016039640321255665
631.0,0.016023287723674767
632.0,0.016008323954391175
633.0,0.016002683458155736
634.0,0.016003792451191746
635.0,0.016009263220600346
636.0,0.01601902430003827
637.0,0.01603140810623477
638.0,0.016044932649898
639.0,0.01605881306826512
640.0,0.016067030818114423
641.0,0.0160641713604479
642.0,0.01604995477595393
643.0,0.016024709542266598
644.0,0.015990302066999192
645.0,0.015948764602718768
646.0,0.015897455131052292
647.0,0.015833682569670365
648.0,0.015753539320106334
649.0,0.015660449993513202
650.0,0.015544998486563075
651.0,0.015391962095111174
652.0,0.015215128073815837
653.0,0.015017503986650702
654.0,0.014802634329570182
655.0,0.014517310084092908
656.0,0.014141442384995453
657.0,0.013707857039809979
658.0,0.013272484452523086
659.0,0.012858775970632152
660.0,0.012461574502563747
661.0,0.01208205287896304
662.0,0.011726583083634914
663.0,0.011396250314157974
664.0,0.011095900977303366
665.0,0.010830362913342011
666.0,0.010599934546032416
667.0,0.010407630126510185
668.0,0.010255552064425594
669.0,0.010141116978018111
670.0,0.01006720265841402
671.0,0.010026628858715397
672.0,0.01000066563121717
673.0,0.010006014507971246
674.0,0.010041961902517058
675.0,0.010087116111894534
676.0,0.010154222134039825
677.0,0.010244384031680919
678.0,0.010358730233418894
679.0,0.010503381742958865
680.0,0.01067909360046329
681.0,0.010889141482756591
682.0,0.011137400356022805
683.0,0.011426202637784967
684.0,0.011771675249441702
685.0,0.012221768535990354
686.0,0.0127502425039334
687.0,0.013296811865615321
688.0,0.013693720093979683
689.0,0.014030563156410481
690.0,0.014404572622288364
691.0,0.01479985993466595
692.0,0.015213270239705612
693.0,0.015638958837742585
694.0,0.016037387484947464
695.0,0.016385302422218515
696.0,0.016693902892822042
697.0,0.01695334995751385
698.0,0.017157203532351034
699.0,0.017300967596825593
700.0,0.01737812308146459
701.0,0.017385373961635666
702.0,0.017319071983163487
703.0,0.017182566906679755
704.0,0.016995176610191332
705.0,0.016759193876523255
706.0,0.016470752736342728
707.0,0.016136070201726742
708.0,0.01575782711052768
709.0,0.015334643216522096
710.0,0.014876109914356745
711.0,0.014390571434074854
712.0,0.013877214858506506
713.0,0.01335495170957304
714.0,0.012838866156205586
715.0,0.012342111764946836
716.0,0.011852658843464457
717.0,0.011369745636295586
718.0,0.010873560617099787
719.0,0.01037549336687631
720.0,0.009905554825602925
721.0,0.009482301013508426
722.0,0.009094161256042527
723.0,0.008712009829390292
724.0,0.008329497002262518
725.0,0.007949824353637764
726.0,0.007578560689022568
727.0,0.007204846535663457
728.0,0.006824269565029338
729.0,0.006442249977245724
730.0,0.006075793681030376
731.0,0.005741101731571116
732.0,0.005451705501329181
733.0,0.005208088516572942
734.0,0.005004577009604547
735.0,0.004842395445565883
736.0,0.004708187808641755
737.0,0.004601198170575068
738.0,0.00452964512544739
739.0,0.004476697746639558
740.0,0.004430493304043127
741.0,0.004390359081087541
742.0,0.004357794749234262
743.0,0.004336070793136563
744.0,0.004316981652117885
745.0,0.004300441105967464
746.0,0.004284508840892074
747.0,0.004268690796562514
748.0,0.004251989557307172
749.0,0.004236477741639355
750.0,0.004223025345819609
751.0,0.004204745440225073
752.0,0.004188978693788864
753.0,0.004176989964372461
754.0,0.0041651154189737746
755.0,0.004152192138284218
756.0,0.004149873925246047
757.0,0.0041572036359435035
758.0,0.004176115603604718
759.0,0.004223484823021125
760.0,0.004271409793926607
761.0,0.004265738105421911
762.0,0.004218575004981797
763.0,0.004163503858244901
764.0,0.004125785113098546
765.0,0.0040998006733565726
766.0,0.004082293092615685
767.0,0.00407438872867246
768.0,0.004069038391186657
769.0,0.004063564958259754
770.0,0.004067530077446053
771.0,0.004076690125768075
772.0,0.004079347872661052
773.0,0.004086711342389281
774.0,0.0041008108476193565
775.0,0.00410890306726851
776.0,0.004117318823059244
777.0,0.004132242213372391
778.0,0.0041456000900335094
779.0,0.004159664091569689
780.0,0.004184337190015446
781.0,0.004208320275731958
782.0,0.004230287962628855
783.0,0.004256047950633841
784.0,0.004286050355224641
785.0,0.004315354186831924
786.0,0.004340146173564725
787.0,0.004360849684113674
788.0,0.004393083193195707
789.0,0.004428779290894267
790.0,0.00446061085324005
791.0,0.004491755170148222
792.0,0.004526116368060657
793.0,0.004569261857459349
794.0,0.004603340189221249
795.0,0.004628863569969551
796.0,0.004661253127825336
797.0,0.004696209849379142
798.0,0.004724968916243264
799.0,0.004754310103165701
800.0,0.004781073741832228
801.0,0.0048016595306692176
802.0,0.0048207075128707064
803.0,0.004841164203252724
804.0,0.004853019304875828
805.0,0.004856498148376281
806.0,0.004859214513619192
807.0,0.004854092707751411
808.0,0.004839273277444478
809.0,0.004819025259690779
810.0,0.004793060879760158
811.0,0.0047620094782037286
812.0,0.004728648269965543
813.0,0.0046913511054656395
814.0,0.004643068280942271
815.0,0.004593470338155396
816.0,0.004544255580501194
817.0,0.004478441784609646
818.0,0.004415612501446961
819.0,0.00435101650061113
820.0,0.004272381530169045
821.0,0.004185397641821818
822.0,0.004091027001529814
823.0,0.003972101019267439
824.0,0.0038361198586048264
825.0,0.0037134440117326437
826.0,0.0035878984272171496
827.0,0.0034582722063914904
828.0,0.0033297459927679298
829.0,0.0032035652018983377
830.0,0.0030804648055868062
831.0,0.0029750903543551534
832.0,0.002891836922443217
833.0,0.002827506993222959
834.0,0.0027700641643828355
835.0,0.0027252462257715973
836.0,0.0026961478210183925
837.0,0.0026677863154471924
838.0,0.002642806053243765
839.0,0.002618318109134724
840.0,0.0025944974306542773
841.0,0.0025858356694730402
842.0,0.0025687986491682983
843.0,0.0025412111465766057
844.0,0.00252813361331601
845.0,0.002511199916845065
846.0,0.0024926852885978714
847.0,0.002468186622217602
848.0,0.0024466824135646326
849.0,0.0024521414499258302
850.0,0.002440167295526572
851.0,0.0024049413304834777
852.0,0.0023916948037940567
853.0,0.002384913382482709
854.0,0.002373531327398986
855.0,0.0023543980599502697
856.0,0.0023368176509688927
857.0,0.0023307846500896347
858.0,0.002317437290753247
859.0,0.002293969667144932
860.0,0.0022749837533749067
861.0,0.0022670798586147014
862.0,0.00227737436224532
863.0,0.00226787034303885
864.0,0.0022408665727750537
865.0,0.0022248992794544078
866.0,0.0022234421602060437
867.0,0.0022208506970087818
868.0,0.00220189370841149
869.0,0.0021795591580259293
870.0,0.0021516311659161387
871.0,0.002133476424598419
872.0,0.0021168616292757377
873.0,0.0021087177412814997
874.0,0.002097233937448299
875.0,0.0020765240187894307
876.0,0.0020539235013838503
877.0,0.0020278892468935878
878.0,0.0020014055275585107
879.0,0.0019981717605314273
880.0,0.001998725565378301
881.0,0.0019822447513855065
882.0,0.0019659268914513812
883.0,0.0019447575391496087
884.0,0.0019174998512307604
885.0,0.001902977402526471
886.0,0.0018997097915865496
887.0,0.0018856855811296733
888.0,0.0018684257038629477
889.0,0.0018374989053291195
890.0,0.0018188401818800774
891.0,0.0018059526826961145
892.0,0.0017967131449449555
893.0,0.001784033258403975
894.0,0.0017690422358831556
895.0,0.0017598173505430786
896.0,0.0017466924576326182
897.0,0.0017364976536796595
898.0,0.0017297581637020516
899.0,0.0017259276988292453
