/begin_header
/west_longitude=UNKNOWN
/south_latitude=NA
/north_latitude=UNKNOWN
/calibration_files=NA
/cruise=NA
/station=NA
/documents=NA
/data_type=NA
/affiliations=NOAA
/experiment=NA
/units=nm,dl
/start_date=2019-10-08
/end_date=NA
/missing=9999
/start_time=09:39:28
/data_file_name=NA
/cloud_percent=NA
/water_depth=NA
/data_status=NA
/east_longitude=NA
/wind_speed=NA
/secchi=NA
/measurement_depth=NA
/fields=wavelength,rrs
/delimiter=comma
/contact=NA
/end_time=NA
/wave_height=NA
/investigators=NA
/end_header@
325.0,0.0070222664418861215
326.0,0.006914176342457593
327.0,0.007133194897477858
328.0,0.007415095919103588
329.0,0.007093308718127104
330.0,0.006859125007048154
331.0,0.007010319978406556
332.0,0.007088431369512942
333.0,0.0070651822410447125
334.0,0.00693240856021689
335.0,0.006933704146786165
336.0,0.0070175878748008225
337.0,0.006922842788853157
338.0,0.006825290471534106
339.0,0.006705623694260275
340.0,0.0067414891432458325
341.0,0.006792545019915257
342.0,0.006708681496568574
343.0,0.006725031857672673
344.0,0.006784901407892776
345.0,0.006662733315820768
346.0,0.006636325491776102
347.0,0.00670314809221958
348.0,0.006734046930827768
349.0,0.006760126163502353
350.0,0.00675216661523233
351.0,0.00669620706481615
352.0,0.006663774428786786
353.0,0.006684005553548216
354.0,0.00665483729252426
355.0,0.006592507952020063
356.0,0.006613257208744144
357.0,0.006639178239627041
358.0,0.006582710603789182
359.0,0.006603079204674285
360.0,0.006640450702815573
361.0,0.0065778887603577234
362.0,0.006555309890040123
363.0,0.00659095551404629
364.0,0.006568975970217892
365.0,0.006541873869213816
366.0,0.00658028627606526
367.0,0.006560663782794069
368.0,0.00652438839292979
369.0,0.006532233663868353
370.0,0.006499806622189655
371.0,0.006431484268555622
372.0,0.006423829755520345
373.0,0.006431496886632681
374.0,0.006412648649156546
375.0,0.006408534630207544
376.0,0.0064064497741801495
377.0,0.006349495562929759
378.0,0.006332499750286545
379.0,0.0063556759098923514
380.0,0.0063404643026732
381.0,0.0063413036902813065
382.0,0.006358959225039887
383.0,0.0063292711084514145
384.0,0.006305277001855748
385.0,0.006329858791215672
386.0,0.00632303997244948
387.0,0.0062869856170184035
388.0,0.006267874945827432
389.0,0.006253259002122397
390.0,0.006240646386526679
391.0,0.006233857659008659
392.0,0.006234845879200824
393.0,0.006253773327198742
394.0,0.006254287460194988
395.0,0.006222201471021198
396.0,0.006200337065846237
397.0,0.006175796204511492
398.0,0.00614749897872509
399.0,0.006118083622781838
400.0,0.006091374267242253
401.0,0.006065833366574275
402.0,0.006035301919382141
403.0,0.006001125737327387
404.0,0.005988889047787401
405.0,0.00597065869065352
406.0,0.00593867883656546
407.0,0.00590173445712112
408.0,0.005868371900334919
409.0,0.005844192757495279
410.0,0.005824986192529174
411.0,0.005798447152133317
412.0,0.005759909741467733
413.0,0.005736814845848303
414.0,0.005723500318434154
415.0,0.005712219719380515
416.0,0.0057080634348079815
417.0,0.005706744482414447
418.0,0.005697558048424605
419.0,0.00568641060203281
420.0,0.005688296956956805
421.0,0.005690974577363739
422.0,0.005694065853262325
423.0,0.005693790939120763
424.0,0.005696543975035091
425.0,0.00570152512770349
426.0,0.005711707822426524
427.0,0.005721434520835315
428.0,0.005706561561199271
429.0,0.005693820205962663
430.0,0.005687212037019894
431.0,0.0056798782206507505
432.0,0.005679408620198901
433.0,0.005681027296842144
434.0,0.005669445388917607
435.0,0.005654069273053865
436.0,0.005661251607842029
437.0,0.0056747483357827075
438.0,0.005690986711178431
439.0,0.0057312225919776355
440.0,0.005783461120289603
441.0,0.005830854578842252
442.0,0.005890242798046726
443.0,0.0059632855424750445
444.0,0.006035252679551549
445.0,0.006117201412660429
446.0,0.006213335220352587
447.0,0.006312120187950586
448.0,0.006407978675855935
449.0,0.006506150522091844
450.0,0.006598527853356828
451.0,0.006686770584330368
452.0,0.006781013404197028
453.0,0.006867327583866859
454.0,0.006933466733198385
455.0,0.007011884216031644
456.0,0.007093461265808905
457.0,0.007140056279718847
458.0,0.007191215306966205
459.0,0.007253650108086404
460.0,0.00730806080592513
461.0,0.007355728990433984
462.0,0.007408052042667805
463.0,0.0074552060751630535
464.0,0.007500757055273817
465.0,0.007569291371055281
466.0,0.007645025828512347
467.0,0.0077149559522553465
468.0,0.007801952681906578
469.0,0.007890459685934985
470.0,0.007964800403618053
471.0,0.008053293966624752
472.0,0.008155156917203098
473.0,0.008244827696143393
474.0,0.008334079381044909
475.0,0.008431068339507651
476.0,0.008525078651878248
477.0,0.008612576072873029
478.0,0.00869554229350759
479.0,0.008774390500822658
480.0,0.008850286294517064
481.0,0.008931371530684587
482.0,0.009002075480329653
483.0,0.009057008706726547
484.0,0.009119844447511015
485.0,0.00918621551153206
486.0,0.009231516584023321
487.0,0.009281564137058697
488.0,0.00933836937393609
489.0,0.009382819326352048
490.0,0.009422604779935274
491.0,0.009474870831605055
492.0,0.00953392685511903
493.0,0.009601489099220616
494.0,0.009672297846377513
495.0,0.00975172963886198
496.0,0.009845496530282022
497.0,0.009950449717724227
498.0,0.010067189626852694
499.0,0.010197705300470303
500.0,0.010342094362951979
501.0,0.010502824296478678
502.0,0.010671340377432555
503.0,0.010853735201882053
504.0,0.011048501192057915
505.0,0.011237403555823386
506.0,0.011429397486355162
507.0,0.011653177756655666
508.0,0.011868210737963437
509.0,0.012069570431248563
510.0,0.012299574697146747
511.0,0.012537962038527622
512.0,0.012761326481266742
513.0,0.012996496864153804
514.0,0.01324003888382359
515.0,0.01347608019225557
516.0,0.01372313834703664
517.0,0.013981246620065954
518.0,0.014237438539972499
519.0,0.014482341168607202
520.0,0.014716126127146678
521.0,0.014931113176037542
522.0,0.015137947040977007
523.0,0.015359769613922603
524.0,0.015580709637967202
525.0,0.0157935348120576
526.0,0.016011740180313334
527.0,0.0162276368717824
528.0,0.016430372701917627
529.0,0.01663299447370373
530.0,0.016837336132054397
531.0,0.017031748179860463
532.0,0.017225195343302784
533.0,0.01742376556878007
534.0,0.01761667436171955
535.0,0.017801564965880135
536.0,0.017988581197001974
537.0,0.018171231594603435
538.0,0.018348155861259933
539.0,0.018528845062225362
540.0,0.018705448912038056
541.0,0.01886809430714197
542.0,0.01903435555195907
543.0,0.019199178565907193
544.0,0.01934681415926465
545.0,0.01948933245148779
546.0,0.019628323099699564
547.0,0.01976246086881006
548.0,0.019894297078394498
549.0,0.02002789629125056
550.0,0.020162692285194208
551.0,0.02029713283929143
552.0,0.020438160567957865
553.0,0.020580406018234854
554.0,0.02071575264405992
555.0,0.02084843114236452
556.0,0.02097672461313618
557.0,0.02109741385663217
558.0,0.021218654194709488
559.0,0.0213345997670991
560.0,0.021429164032689116
561.0,0.02151303298296878
562.0,0.02159730833834613
563.0,0.021666290740764767
564.0,0.021719836944057845
565.0,0.021777002019424604
566.0,0.021824849221546434
567.0,0.021853884650290017
568.0,0.021885518140342588
569.0,0.02191875094036536
570.0,0.021939689015650025
571.0,0.02195623800728407
572.0,0.021970772288302236
573.0,0.021983680170556
574.0,0.021999088284663106
575.0,0.022011529961371783
576.0,0.022016717354198176
577.0,0.02201181405669484
578.0,0.02199695823451902
579.0,0.02197428313360312
580.0,0.02194470641842622
581.0,0.021900493080131637
582.0,0.021841420630191993
583.0,0.021776978657638828
584.0,0.021710207944015576
585.0,0.021638759518579086
586.0,0.021555136485043657
587.0,0.021464399204984823
588.0,0.02137302723080624
589.0,0.021256969944607206
590.0,0.02111704040970582
591.0,0.020965650978753685
592.0,0.0207972694031373
593.0,0.02060374015294525
594.0,0.020390031626600726
595.0,0.020135864574513065
596.0,0.019813441685466133
597.0,0.019450164414684737
598.0,0.019056168849386563
599.0,0.01863390418997344
600.0,0.01823274523919575
601.0,0.017878923353573686
602.0,0.017565995079816273
603.0,0.0172999574000679
604.0,0.017076998191434704
605.0,0.016887795265574174
606.0,0.016715392781501904
607.0,0.016539254881803647
608.0,0.016361772187464804
609.0,0.01619019170785821
610.0,0.016025401183887542
611.0,0.015862163953826346
612.0,0.015685006773272826
613.0,0.01551384838139806
614.0,0.015358697557212359
615.0,0.015199152621522443
616.0,0.015041020988148565
617.0,0.01489941251567115
618.0,0.014769435023935486
619.0,0.014652262149933537
620.0,0.014553964271663052
621.0,0.014464532842082323
622.0,0.014379305677533136
623.0,0.01429146530863363
624.0,0.014209780980859676
625.0,0.014143302849300215
626.0,0.014074696030457325
627.0,0.014000268387932363
628.0,0.013940440991888218
629.0,0.01388870025514185
630.0,0.013827602521166762
631.0,0.013772102022113198
632.0,0.01372842372005885
633.0,0.013701140197793327
634.0,0.01368043870018803
635.0,0.013659025456768673
636.0,0.013642439088258301
637.0,0.013633691723795966
638.0,0.01362987853391133
639.0,0.013634712224694454
640.0,0.013640937372777676
641.0,0.013639132449675318
642.0,0.01363759409365486
643.0,0.013626432179083183
644.0,0.013599153237673661
645.0,0.013557233644278488
646.0,0.013517112949533436
647.0,0.013457309674578154
648.0,0.013364332278097338
649.0,0.013252410062607422
650.0,0.013116121651606671
651.0,0.01292895515211176
652.0,0.012720695631415434
653.0,0.012493519920495808
654.0,0.012228149283515597
655.0,0.011907047282426798
656.0,0.011530183426410445
657.0,0.01110126774366017
658.0,0.010683775799892718
659.0,0.010308445344847013
660.0,0.009941228041073768
661.0,0.009585024569111275
662.0,0.009270301840946087
663.0,0.008979932681075548
664.0,0.008706724875391456
665.0,0.008476593249846127
666.0,0.008288527130291401
667.0,0.008126864717123792
668.0,0.008010667006213482
669.0,0.007943789670643953
670.0,0.007906869911414755
671.0,0.007899552745716236
672.0,0.007933425640506742
673.0,0.00799462342725924
674.0,0.008072600892165783
675.0,0.008170263786364335
676.0,0.008281966613323121
677.0,0.00841560529419593
678.0,0.008566356270385671
679.0,0.008730811184411874
680.0,0.008901661290046482
681.0,0.009103041203799558
682.0,0.009334045944101386
683.0,0.009570869456710904
684.0,0.009855896679210231
685.0,0.01026608115567058
686.0,0.010791746321586271
687.0,0.011364843201071818
688.0,0.01165744661347056
689.0,0.011798064050627331
690.0,0.01193126887598484
691.0,0.012106140240811112
692.0,0.012315300303040544
693.0,0.0125344529073668
694.0,0.012725514142307704
695.0,0.012856574540041668
696.0,0.012932976247269107
697.0,0.012983948869686396
698.0,0.013031246160562521
699.0,0.013035797779255976
700.0,0.012987407488029184
701.0,0.012893168755125108
702.0,0.012752490243178757
703.0,0.01256767747607857
704.0,0.012363047722064435
705.0,0.0121399898204077
706.0,0.01189510461896422
707.0,0.011627386792417909
708.0,0.011335342135655565
709.0,0.011011643108560218
710.0,0.010672069571893669
711.0,0.010327867822024255
712.0,0.009974260912349563
713.0,0.009614098689343969
714.0,0.009258197799583725
715.0,0.008940005107996439
716.0,0.008649787191792838
717.0,0.008378272044207363
718.0,0.008076792314359234
719.0,0.007716272033359829
720.0,0.007336364203104584
721.0,0.006994670348869439
722.0,0.006720375755221293
723.0,0.006467318223517432
724.0,0.006207875557580768
725.0,0.005934568580498985
726.0,0.005668781218378924
727.0,0.005401970783865647
728.0,0.00512390791693524
729.0,0.004830570644413094
730.0,0.004539807003527822
731.0,0.004264338207521252
732.0,0.0040171769356259
733.0,0.003825557041740853
734.0,0.003673953634554177
735.0,0.003526140039733639
736.0,0.0034117518191972736
737.0,0.0033372042870046456
738.0,0.003269076645883827
739.0,0.0032120628388251776
740.0,0.0031700334044865172
741.0,0.003140086793053206
742.0,0.0031167636151874104
743.0,0.0030870331703060643
744.0,0.0030553437728260135
745.0,0.0030329586233438515
746.0,0.0030215693332103022
747.0,0.003009690118930749
748.0,0.002979765956095888
749.0,0.00296218716000219
750.0,0.0029573071053492126
751.0,0.0029336767726548677
752.0,0.0029090336777225904
753.0,0.0028937621293603664
754.0,0.0028729912497132745
755.0,0.002853659705154759
756.0,0.0028452384587323637
757.0,0.0028559051097386823
758.0,0.0028954930241235507
759.0,0.0029989534579442393
760.0,0.003141446340360379
761.0,0.0032124424241547107
762.0,0.003156089757422925
763.0,0.0030365194673440407
764.0,0.002935563073824541
765.0,0.0028547371812753532
766.0,0.0027954922252851535
767.0,0.0027523452169846713
768.0,0.002724579117689513
769.0,0.0027097833547645466
770.0,0.00270235423445952
771.0,0.0027030405305177654
772.0,0.0027118760448552165
773.0,0.0027155226814491455
774.0,0.0027070054249381512
775.0,0.0027162747979576902
776.0,0.002729324226821991
777.0,0.002727161624215919
778.0,0.002735434881259395
779.0,0.002751017147923114
780.0,0.0027567195517907905
781.0,0.0027692235159371133
782.0,0.0027877918298174617
783.0,0.0027845992989176047
784.0,0.002790443439968273
785.0,0.002832522828629052
786.0,0.0028574050791856436
787.0,0.002862334661098251
788.0,0.0028930046127581105
789.0,0.002926724447380927
790.0,0.0029487938344675943
791.0,0.002973310614891486
792.0,0.0029957586184903824
793.0,0.0030000143390770803
794.0,0.0030237444447726402
795.0,0.003066250103506386
796.0,0.003079523102001693
797.0,0.0030908242312325178
798.0,0.0031211718246916998
799.0,0.0031408592761514352
800.0,0.003157976456031438
801.0,0.003173491828264292
802.0,0.0031767085992742638
803.0,0.003180159676499606
804.0,0.003203801489881846
805.0,0.0032223295000506414
806.0,0.0032234320715054375
807.0,0.0032257239645040793
808.0,0.0032269655253290806
809.0,0.0032212353114687902
810.0,0.0032143982855846755
811.0,0.0032057451831582194
812.0,0.003185420616995705
813.0,0.0031606791538540484
814.0,0.0031403716668978246
815.0,0.0031073811456148216
816.0,0.003069122732663621
817.0,0.0030376322876363667
818.0,0.0029940471576475696
819.0,0.002936390260839823
820.0,0.002869353578135762
821.0,0.0027996937853187417
822.0,0.0027367511970057823
823.0,0.0026575782003756413
824.0,0.0025727995976262933
825.0,0.002476273453968181
826.0,0.002377638661524414
827.0,0.002283221234810165
828.0,0.0021814888527160866
829.0,0.002077813269056557
830.0,0.002010546446882905
831.0,0.0019411814491269823
832.0,0.0018606725172131192
833.0,0.0018247857781080936
834.0,0.001789339728191932
835.0,0.0017410635422777303
836.0,0.00169911567291222
837.0,0.0016715578890743876
838.0,0.0016647593123601079
839.0,0.0016508278603873307
840.0,0.0016096974077953676
841.0,0.0015729103950034048
842.0,0.0015547568414821145
843.0,0.0015539710897618283
844.0,0.0015399055005726095
845.0,0.0015227805731663387
846.0,0.0015171535823440166
847.0,0.0014918725797922459
848.0,0.0014600680254497115
849.0,0.0014635524852784213
850.0,0.0014483197006618137
851.0,0.0014030975078961538
852.0,0.0014007366000516666
853.0,0.0013976753698290649
854.0,0.0013711337970654244
855.0,0.0013755841195033421
856.0,0.001378600027356544
857.0,0.001322592785896954
858.0,0.0012996317765570009
859.0,0.0013194343062121305
860.0,0.0013068430433255181
861.0,0.0012984804777879898
862.0,0.0013141479730310042
863.0,0.0012859711911140264
864.0,0.0012444566665150683
865.0,0.0012444063486447212
866.0,0.001240142981559524
867.0,0.00121657645681437
868.0,0.0012074794062842634
869.0,0.0011826462316223325
870.0,0.001158158861218847
871.0,0.0011584430107601323
872.0,0.001155372504920629
873.0,0.0011128412718069466
874.0,0.001123376145030211
875.0,0.0011616852204994947
876.0,0.0010932402791097695
877.0,0.001041822215947751
878.0,0.0010722597564916613
879.0,0.0010383976043456102
880.0,0.0010029562103312348
881.0,0.0010369114307680553
882.0,0.0010235225521874531
883.0,0.0009683436765136501
884.0,0.0009870676190317908
885.0,0.000989592000232424
886.0,0.0009393431600859733
887.0,0.0009438804650119557
888.0,0.0009503530660594008
889.0,0.0008874804304710379
890.0,0.000865611358503982
891.0,0.0008859150872122716
892.0,0.0008769231524447826
893.0,0.0008682384905385829
894.0,0.0008672987858405208
895.0,0.0008477390987967901
896.0,0.0008147119547654314
897.0,0.000792781025872977
898.0,0.0007907452951631791
899.0,0.0007948919393736223
