/begin_header
/west_longitude=UNKNOWN
/south_latitude=NA
/north_latitude=UNKNOWN
/calibration_files=NA
/cruise=NA
/station=NA
/documents=NA
/data_type=NA
/affiliations=NOAA
/experiment=NA
/units=nm,dl
/start_date=2019-08-07
/end_date=NA
/missing=9999
/start_time=11:49:09
/data_file_name=NA
/cloud_percent=NA
/water_depth=NA
/data_status=NA
/east_longitude=NA
/wind_speed=NA
/secchi=NA
/measurement_depth=NA
/fields=wavelength,rrs
/delimiter=comma
/contact=NA
/end_time=NA
/wave_height=NA
/investigators=NA
/end_header@
325.0,0.006283992484312041
326.0,0.006292533187668982
327.0,0.0063041263113899695
328.0,0.006276908568000889
329.0,0.006330134483573435
330.0,0.006410283856401186
331.0,0.006430188571256923
332.0,0.00638986403946315
333.0,0.00633091296482285
334.0,0.006442867027160756
335.0,0.006514639705863512
336.0,0.006524165334605023
337.0,0.0065308179556836845
338.0,0.006545362349330683
339.0,0.006618091083983979
340.0,0.006677750541772627
341.0,0.006737304540501461
342.0,0.006789750923310317
343.0,0.006835452044537138
344.0,0.006873650914117034
345.0,0.006942942389036826
346.0,0.0070182980158045695
347.0,0.007075111647795447
348.0,0.007169018872024047
349.0,0.0072631459047636515
350.0,0.007307367798788225
351.0,0.007360045996820858
352.0,0.007432508730980873
353.0,0.007516290949563938
354.0,0.007594076961496507
355.0,0.0076507990404178884
356.0,0.007691838424966188
357.0,0.007741150147484603
358.0,0.0077947262429029825
359.0,0.007843337292516416
360.0,0.00788721156758609
361.0,0.007924759365170547
362.0,0.007948637840586099
363.0,0.00796777617342757
364.0,0.007992840428129101
365.0,0.00801641815876916
366.0,0.008022328641413046
367.0,0.00803896879089444
368.0,0.00806573831746548
369.0,0.008098294443418417
370.0,0.008121496550078757
371.0,0.008131083042794193
372.0,0.008142281636027916
373.0,0.00816514869211902
374.0,0.008191274806914579
375.0,0.008205621810584544
376.0,0.00821007798926537
377.0,0.00823614292908098
378.0,0.008250416556544274
379.0,0.008256119249111434
380.0,0.008282478420482242
381.0,0.008313748197595328
382.0,0.008346242268622898
383.0,0.008375224497159574
384.0,0.008388214451407255
385.0,0.008391753883976082
386.0,0.008415217289745161
387.0,0.0084571094672318
388.0,0.008493956575160843
389.0,0.00851326276812579
390.0,0.008507128314410386
391.0,0.008513946438952728
392.0,0.008545370815419246
393.0,0.008576741082650944
394.0,0.008593162229672643
395.0,0.008599319965941885
396.0,0.008605872747998606
397.0,0.008600115811569716
398.0,0.00858505540247055
399.0,0.008563352480010897
400.0,0.008530891331209923
401.0,0.008509146968993362
402.0,0.00849943060007226
403.0,0.008493050157515548
404.0,0.008470530022532327
405.0,0.008433862358992196
406.0,0.00839840731218485
407.0,0.008370869933082876
408.0,0.008344316654464643
409.0,0.008305345101801335
410.0,0.008268398277364138
411.0,0.00823767633469068
412.0,0.008208698846600289
413.0,0.008177028846906678
414.0,0.00814944059773527
415.0,0.00814073649201661
416.0,0.008136379237672905
417.0,0.008130587927230436
418.0,0.008121849446499695
419.0,0.00811375087020054
420.0,0.008123150617563097
421.0,0.008132502404251058
422.0,0.00813584785111439
423.0,0.008142359813410688
424.0,0.00815202645089261
425.0,0.008167002593465741
426.0,0.00817519827359323
427.0,0.008174880548907028
428.0,0.0081758785442557
429.0,0.00817296757741643
430.0,0.008165481947948309
431.0,0.008150116670227917
432.0,0.008128447927901225
433.0,0.00811646592090778
434.0,0.008104438032247818
435.0,0.008094675934119359
436.0,0.008098011210707958
437.0,0.008109587324629594
438.0,0.008124907852337817
439.0,0.008165614183739608
440.0,0.00822633878267722
441.0,0.00828972257556261
442.0,0.00836762898350699
443.0,0.008463912805250686
444.0,0.008582575158208748
445.0,0.008721489864578089
446.0,0.008873900148175235
447.0,0.00903970156921772
448.0,0.009215813193217993
449.0,0.009389540469735877
450.0,0.009566759020433723
451.0,0.009749704462519257
452.0,0.009932761229170174
453.0,0.010108458324571986
454.0,0.010276899214811907
455.0,0.010439265310042028
456.0,0.010590717578999013
457.0,0.010720224255033212
458.0,0.010837152066969355
459.0,0.01094986909298914
460.0,0.01105151834242325
461.0,0.011147171718874891
462.0,0.01124455977833812
463.0,0.011338822913284852
464.0,0.011430984464588042
465.0,0.011525128332379144
466.0,0.011617482508592972
467.0,0.011710258695853178
468.0,0.011805064022605373
469.0,0.011898283191498375
470.0,0.011986220458444963
471.0,0.012072874631326795
472.0,0.01215963959881076
473.0,0.012237441892176844
474.0,0.012312844480244164
475.0,0.012388082876946793
476.0,0.012457272107266939
477.0,0.01252195798348974
478.0,0.012586945607493466
479.0,0.01264857758015903
480.0,0.012705579484917167
481.0,0.012765612578911753
482.0,0.012831682360071206
483.0,0.012900609136869929
484.0,0.012975391254767234
485.0,0.01305708993717157
486.0,0.01314192764609982
487.0,0.01322945100864505
488.0,0.013317783657716626
489.0,0.013403721840622978
490.0,0.013496939343706613
491.0,0.013608752700928853
492.0,0.013727341990723448
493.0,0.01385579953116646
494.0,0.01400287608245781
495.0,0.01415414702322616
496.0,0.014310130871685648
497.0,0.014486065277411586
498.0,0.014681538149796336
499.0,0.014895030035017114
500.0,0.015116962756654756
501.0,0.01534186029322714
502.0,0.015578146051594608
503.0,0.015820006077382064
504.0,0.016059229859695823
505.0,0.016297529272542348
506.0,0.016541229047044876
507.0,0.01679199647568202
508.0,0.01704206234234304
509.0,0.01729085358651039
510.0,0.017537810186986313
511.0,0.01778578983494423
512.0,0.018041723727441207
513.0,0.01830872199441467
514.0,0.018593983271081325
515.0,0.018906594100977902
516.0,0.01923947670311244
517.0,0.01958662854541112
518.0,0.019943301112748443
519.0,0.020305801099861857
520.0,0.02067608183621534
521.0,0.021053354863124873
522.0,0.021444964582784037
523.0,0.021863705371801455
524.0,0.022311835233821065
525.0,0.02277971205051952
526.0,0.023275833140713142
527.0,0.023799033232392505
528.0,0.024328127225816287
529.0,0.02485289627200668
530.0,0.025377823034761104
531.0,0.025928569629093273
532.0,0.02650373372496808
533.0,0.027094548546943403
534.0,0.027675758609028017
535.0,0.028238408947944688
536.0,0.028805089988767563
537.0,0.02936284067371133
538.0,0.029906643320378273
539.0,0.030442980721368796
540.0,0.030964562736673872
541.0,0.03145639209203423
542.0,0.03191962854125797
543.0,0.032348232305409244
544.0,0.03273507640583375
545.0,0.03308427358541284
546.0,0.03340034255750811
547.0,0.03368004042557663
548.0,0.03391972551498549
549.0,0.034118608580446484
550.0,0.03428957144152755
551.0,0.034439723146321946
552.0,0.03457001865031214
553.0,0.034676780257721654
554.0,0.03475643291009112
555.0,0.034807642192241146
556.0,0.03483056804024631
557.0,0.03482325510312667
558.0,0.03478524728855233
559.0,0.03471882656673801
560.0,0.03462570157730441
561.0,0.03450616383648997
562.0,0.03435508674862409
563.0,0.03418180407071399
564.0,0.033988110632574495
565.0,0.03376859962853291
566.0,0.03352121196843675
567.0,0.03324762011624254
568.0,0.03294911404847164
569.0,0.032626228348877795
570.0,0.032283871892884446
571.0,0.031924062072846246
572.0,0.03155403613967632
573.0,0.031182098055242337
574.0,0.03080605832675907
575.0,0.030419542510817514
576.0,0.030024048682145067
577.0,0.029621313189998714
578.0,0.029208408670667162
579.0,0.028782552016318803
580.0,0.028347868580539153
581.0,0.02789731460647491
582.0,0.02743631927190258
583.0,0.026968953389260135
584.0,0.026497376735625588
585.0,0.026022225106214943
586.0,0.025537448326746138
587.0,0.02504707160339343
588.0,0.024549992573594626
589.0,0.024035929872997755
590.0,0.023512292686240745
591.0,0.022993857509191338
592.0,0.022483363082444953
593.0,0.021961488850600112
594.0,0.02140783108475274
595.0,0.020817754674715264
596.0,0.02019997987204377
597.0,0.01955407840836923
598.0,0.01889279111645433
599.0,0.018249083805538597
600.0,0.017658840928329818
601.0,0.01715196985144755
602.0,0.016730518495100356
603.0,0.01638900332381274
604.0,0.016110110585511844
605.0,0.015879402936430066
606.0,0.01568318650058789
607.0,0.015509148170752654
608.0,0.015346443565496897
609.0,0.015178477039497526
610.0,0.015010982031654917
611.0,0.014847546907948239
612.0,0.014687966377930572
613.0,0.014532031645165106
614.0,0.014382075231940955
615.0,0.014238258886981922
616.0,0.014099986959612182
617.0,0.013971837047141352
618.0,0.013849514990515696
619.0,0.01373228530591466
620.0,0.013632895285426721
621.0,0.013544920292392282
622.0,0.013458395661196318
623.0,0.013380116026331356
624.0,0.013311534446781051
625.0,0.01324867886259648
626.0,0.013191568527537839
627.0,0.013140334783319751
628.0,0.013102015668373528
629.0,0.01307552247412257
630.0,0.013059841224805885
631.0,0.013051747441473287
632.0,0.013051430712120607
633.0,0.013062454459632111
634.0,0.013079582885956278
635.0,0.01310017320553889
636.0,0.01312929467539937
637.0,0.013167007574746623
638.0,0.013212678751283291
639.0,0.013259911688805349
640.0,0.013303669330513166
641.0,0.013338246050675346
642.0,0.01336453047305369
643.0,0.013382394012668825
644.0,0.013393643626412674
645.0,0.013396217425031196
646.0,0.013379868683948554
647.0,0.013349055660710183
648.0,0.01330692778334302
649.0,0.01324834516726536
650.0,0.013162684017035787
651.0,0.013041932242735334
652.0,0.012895091587756573
653.0,0.012729203816762302
654.0,0.012564626823097391
655.0,0.012350259498829286
656.0,0.01205803182134936
657.0,0.011704644059554445
658.0,0.011347547809813983
659.0,0.011024497744923025
660.0,0.010704903346109258
661.0,0.01039074556089563
662.0,0.010094771868111276
663.0,0.009807899495660594
664.0,0.009525243906384682
665.0,0.009258824901647394
666.0,0.009010428983807004
667.0,0.008769058505860029
668.0,0.008554972795075853
669.0,0.00837561897091758
670.0,0.00822003781273922
671.0,0.008087682668211566
672.0,0.007980703375003378
673.0,0.007887122557852835
674.0,0.007807508887582493
675.0,0.007753882304132281
676.0,0.007714974663249724
677.0,0.007689918604127632
678.0,0.007697637042456569
679.0,0.007738073245837663
680.0,0.007801667545039076
681.0,0.00789861453014536
682.0,0.008039712786610951
683.0,0.008219673154696589
684.0,0.008442422088482015
685.0,0.008726674920200107
686.0,0.009074246562067739
687.0,0.009461657953687516
688.0,0.009787969596174945
689.0,0.010093883050088756
690.0,0.010421916889332857
691.0,0.010761600590031435
692.0,0.01110966662185186
693.0,0.011443892619302452
694.0,0.011764727332133637
695.0,0.012055850297241016
696.0,0.012299212787354474
697.0,0.012505873673359183
698.0,0.012684378710893725
699.0,0.012818008880342027
700.0,0.012904948389414162
701.0,0.012958933129656836
702.0,0.01296417511308005
703.0,0.012915928272425497
704.0,0.012827222205091072
705.0,0.012703596035001818
706.0,0.01254498266822231
707.0,0.012353255425563196
708.0,0.012126324336596574
709.0,0.011858091803081259
710.0,0.01156028273071256
711.0,0.011245218479467536
712.0,0.010907933356081461
713.0,0.010556268010236465
714.0,0.010190807016300985
715.0,0.009838886095086912
716.0,0.009494424227927048
717.0,0.009134955825997668
718.0,0.008758136018174751
719.0,0.008397481108926677
720.0,0.008049600342569227
721.0,0.007728690643783008
722.0,0.007431810653928656
723.0,0.0071334563177354714
724.0,0.006831521938341115
725.0,0.00651617598963323
726.0,0.00620438459321934
727.0,0.005897524428011063
728.0,0.005570543116176305
729.0,0.005229160288964632
730.0,0.004915370115803069
731.0,0.0046246941087783695
732.0,0.004359353810933523
733.0,0.004136475308081389
734.0,0.003955056709118994
735.0,0.003805946056200565
736.0,0.003686448958484973
737.0,0.0035984520004764117
738.0,0.0035304009083702696
739.0,0.003475217624714326
740.0,0.003437734285046275
741.0,0.0034145324522929154
742.0,0.003396661786445063
743.0,0.0033781992429167637
744.0,0.0033582032063358817
745.0,0.0033382622989256857
746.0,0.0033324774425329794
747.0,0.0033346399165161958
748.0,0.0033312868904398925
749.0,0.0033197478159003114
750.0,0.0033053906720865714
751.0,0.0033001628160449583
752.0,0.0032947630765685736
753.0,0.0032868799285481476
754.0,0.00327993243720019
755.0,0.0032727726914813225
756.0,0.0032658642525441603
757.0,0.0032616422263343006
758.0,0.0032594400129508727
759.0,0.0032483142023078
760.0,0.003224424565568926
761.0,0.003199966353034981
762.0,0.0031807893660225723
763.0,0.0031739744587123177
764.0,0.003173466278055162
765.0,0.003188370486000865
766.0,0.003216675614958244
767.0,0.003232912507306973
768.0,0.00324449963462813
769.0,0.003261968738679491
770.0,0.003277239883520693
771.0,0.0032898153956879305
772.0,0.003298830578281676
773.0,0.003311493393019953
774.0,0.0033273246598961325
775.0,0.003353303832226282
776.0,0.0033787684052387127
777.0,0.003389516387237746
778.0,0.0034039712718589702
779.0,0.00342407302505807
780.0,0.003442576150971754
781.0,0.0034668720033867754
782.0,0.0035052407533850824
783.0,0.003532978162656826
784.0,0.003554713724901317
785.0,0.0035870737415545284
786.0,0.0036189263008863048
787.0,0.0036447225437793796
788.0,0.00367669876053415
789.0,0.0037115719120077604
790.0,0.0037420044169789285
791.0,0.0037803747614396687
792.0,0.0038188279268346627
793.0,0.0038509605764714345
794.0,0.0038893095600556933
795.0,0.003935832111947332
796.0,0.003975096940131027
797.0,0.004004239785234736
798.0,0.004026335149018875
799.0,0.00405828182149773
800.0,0.004093904553170441
801.0,0.004112128380288687
802.0,0.004126790398301886
803.0,0.004145757510863225
804.0,0.0041652178458441705
805.0,0.004180622399977142
806.0,0.0041806074535683385
807.0,0.004168449709898732
808.0,0.004153395248421994
809.0,0.0041360323953682195
810.0,0.004105904644018145
811.0,0.004066734608261363
812.0,0.004029994044867098
813.0,0.0039884561118904574
814.0,0.003945069612523551
815.0,0.0038873924525129415
816.0,0.003822865885684797
817.0,0.003769366485573934
818.0,0.0037158182558769933
819.0,0.0036587823433921773
820.0,0.0035873932232550624
821.0,0.003494556246182684
822.0,0.003384075493778703
823.0,0.0032664307381205663
824.0,0.003145379310258148
825.0,0.003013863963716536
826.0,0.002880063165426927
827.0,0.0027393306132096075
828.0,0.002599866714753986
829.0,0.002466508432905241
830.0,0.0023314497001934473
831.0,0.0022254244756463445
832.0,0.002142521214602062
833.0,0.0020613160414337675
834.0,0.0019972571748338953
835.0,0.001956130266521231
836.0,0.0019191471900735176
837.0,0.001883656583533309
838.0,0.0018505877334910252
839.0,0.001830216209400448
840.0,0.0018200629491466065
841.0,0.0018062795431096508
842.0,0.0017872267844046001
843.0,0.0017617679785758011
844.0,0.0017380170490927794
845.0,0.0017182341722952806
846.0,0.0017058703967339065
847.0,0.001687085926777701
848.0,0.0016714745342815908
849.0,0.0016531344396400899
850.0,0.0016361274973847643
851.0,0.0016208756777913874
852.0,0.0015891992510447934
853.0,0.0015629632925963596
854.0,0.001546500878338033
855.0,0.0015309901391319669
856.0,0.001516856782436006
857.0,0.001515806568202739
858.0,0.0015001452960590154
859.0,0.0014732798288920358
860.0,0.00146846808896218
861.0,0.0014654795835154749
862.0,0.0014383874821522616
863.0,0.0014185264336405718
864.0,0.0014036963922382714
865.0,0.0013975341570115255
866.0,0.0013911092077477309
867.0,0.0013775949172513094
868.0,0.001354760694902573
869.0,0.001331244049958957
870.0,0.0013222571850817042
871.0,0.0013138442794962057
872.0,0.001293770639076063
873.0,0.0012645749595162903
874.0,0.0012453581679821865
875.0,0.001233330955591317
876.0,0.0012190446976101184
877.0,0.0011969215657384802
878.0,0.0011748782530976395
879.0,0.0011486785696935477
880.0,0.0011210021673422259
881.0,0.0010964835948860398
882.0,0.0010790376874354028
883.0,0.0010759720749346747
884.0,0.0010573998839819138
885.0,0.0010300340011485123
886.0,0.0010110523056199954
887.0,0.0009975123461910577
888.0,0.0009698065643759382
889.0,0.0009465327156644851
890.0,0.0009274090894485396
891.0,0.0009072827797045617
892.0,0.0009111015943628585
893.0,0.000899740134889915
894.0,0.0008567600694843116
895.0,0.000834665315892022
896.0,0.0008254473273960099
897.0,0.0007807359649089127
898.0,0.0007494860581664102
899.0,0.0007377416131321445
