/begin_header
/west_longitude=UNKNOWN
/south_latitude=NA
/north_latitude=UNKNOWN
/calibration_files=NA
/cruise=NA
/station=NA
/documents=NA
/data_type=NA
/affiliations=NOAA
/experiment=NA
/units=nm,dl
/start_date=2019-08-15
/end_date=NA
/missing=9999
/start_time=10:50:43
/data_file_name=NA
/cloud_percent=NA
/water_depth=NA
/data_status=NA
/east_longitude=NA
/wind_speed=NA
/secchi=NA
/measurement_depth=NA
/fields=wavelength,rrs
/delimiter=comma
/contact=NA
/end_time=NA
/wave_height=NA
/investigators=NA
/end_header@
325.0,0.011629344243037219
326.0,0.011523169169769679
327.0,0.01146945541513614
328.0,0.011476903034226861
329.0,0.011394546203897663
330.0,0.011285608861018134
331.0,0.011209486870020009
332.0,0.011172049504992489
333.0,0.011123091874046854
334.0,0.011001984177551428
335.0,0.01093975983910119
336.0,0.010934861878220094
337.0,0.010853047687815883
338.0,0.010775536813044247
339.0,0.010716219577732803
340.0,0.010675362130794033
341.0,0.01063033134861087
342.0,0.010582216338070655
343.0,0.010498951056999037
344.0,0.010408775737821027
345.0,0.010417325868124914
346.0,0.010381436609572612
347.0,0.010293552804632936
348.0,0.01022052857116278
349.0,0.010173637500519361
350.0,0.010137183182010392
351.0,0.01011066502302679
352.0,0.010085412061853722
353.0,0.010025251731269714
354.0,0.009977335649147113
355.0,0.009946489552300219
356.0,0.00990681356583187
357.0,0.009873986507493325
358.0,0.009824265501175064
359.0,0.00979265506004109
360.0,0.009767909575761274
361.0,0.009708738012396355
362.0,0.009653372279478933
363.0,0.009599534169312588
364.0,0.00956110890961138
365.0,0.009526862922135454
366.0,0.009508963546916835
367.0,0.009475547782408375
368.0,0.009436366984686504
369.0,0.009425019168719306
370.0,0.009398592519034932
371.0,0.009346836030818664
372.0,0.009341194181364363
373.0,0.009314141869115083
374.0,0.009250428911586358
375.0,0.009228017086034641
376.0,0.009236908445274136
377.0,0.009218258855464363
378.0,0.009175911077563518
379.0,0.00912640230817885
380.0,0.009134580312290756
381.0,0.009136332938625544
382.0,0.009105550996692177
383.0,0.009095845853751356
384.0,0.009083370163932809
385.0,0.009053834865341257
386.0,0.009038549352537718
387.0,0.009032252708747726
388.0,0.0089762034113735
389.0,0.008946715393026373
390.0,0.008957693037909394
391.0,0.008940169919928756
392.0,0.008914687351318598
393.0,0.008894204353011663
394.0,0.00889541921742185
395.0,0.008900622408560876
396.0,0.008854684813198736
397.0,0.008806697663527435
398.0,0.008777202701485253
399.0,0.00875012702160852
400.0,0.008728474771428437
401.0,0.00871567890944699
402.0,0.008700850707980582
403.0,0.008680191368726295
404.0,0.008662733966126726
405.0,0.008656639388254516
406.0,0.008654395817193059
407.0,0.008642583912288834
408.0,0.008626424716087905
409.0,0.008604027737761661
410.0,0.008591800647672551
411.0,0.008589795482649012
412.0,0.008587969873846597
413.0,0.008587540024567335
414.0,0.008584407981288948
415.0,0.008577122340299842
416.0,0.008570207014247332
417.0,0.008571466935678722
418.0,0.008573003777148687
419.0,0.008574516819981618
420.0,0.008579818158613004
421.0,0.008588124375424777
422.0,0.008596782471995482
423.0,0.008605410498847662
424.0,0.008612770065132513
425.0,0.008626483675023082
426.0,0.008638438161770663
427.0,0.00864816982654009
428.0,0.008667188474527451
429.0,0.008682335973335526
430.0,0.008682165119756361
431.0,0.00868804278239418
432.0,0.00869763769558095
433.0,0.008711018559976065
434.0,0.008720981158554034
435.0,0.008727008998269056
436.0,0.008736805284010643
437.0,0.008754965489924207
438.0,0.008780325855308913
439.0,0.008800868050880869
440.0,0.008821553902872824
441.0,0.00885484437134892
442.0,0.008892015559087882
443.0,0.008929163698331959
444.0,0.008966240428143386
445.0,0.009007823373022231
446.0,0.009060439564744375
447.0,0.009118759504594473
448.0,0.009173919445608128
449.0,0.009219787061498045
450.0,0.00926290185233553
451.0,0.00930981163803595
452.0,0.009365633942577526
453.0,0.009420660611824404
454.0,0.009469103851704408
455.0,0.009514999422290468
456.0,0.009560975961120502
457.0,0.009609174738204355
458.0,0.009651953582022444
459.0,0.009691095332056997
460.0,0.009738923876325429
461.0,0.009788275705681897
462.0,0.009830933900632336
463.0,0.009873960981396573
464.0,0.009919116947578155
465.0,0.009968361195476071
466.0,0.010018604019982705
467.0,0.010069069096105299
468.0,0.010113111324578598
469.0,0.010154833609898084
470.0,0.010208856293383002
471.0,0.010252718839808281
472.0,0.010288195966972034
473.0,0.01033482485549096
474.0,0.010381243003709661
475.0,0.010422988794669791
476.0,0.010464023072212565
477.0,0.010506544998253427
478.0,0.010546245603267551
479.0,0.010582349726284402
480.0,0.010618489941587433
481.0,0.01065436724764307
482.0,0.010694863833271905
483.0,0.010738468436059675
484.0,0.010780706926143146
485.0,0.010822262453698741
486.0,0.010867745341761314
487.0,0.010912505349882648
488.0,0.010950201420002107
489.0,0.010989883262445415
490.0,0.011029008358991387
491.0,0.011063682963490893
492.0,0.011109007209686718
493.0,0.011163112225369209
494.0,0.01121944274407548
495.0,0.011273887673386064
496.0,0.011327786458572865
497.0,0.011392069755960481
498.0,0.011463350887142027
499.0,0.011539900119393721
500.0,0.011618721889897427
501.0,0.011696309387227731
502.0,0.011772106973092764
503.0,0.011848335571270956
504.0,0.01192408449083594
505.0,0.01200259422208112
506.0,0.012082665484998926
507.0,0.012154341988811731
508.0,0.012217969255671316
509.0,0.012277471716192891
510.0,0.012342330660699147
511.0,0.012407460973782692
512.0,0.012472448841486322
513.0,0.012546177979323874
514.0,0.012632131554219637
515.0,0.012734806134415114
516.0,0.01284373626955978
517.0,0.012950902248179439
518.0,0.013065621213526857
519.0,0.013181126686790482
520.0,0.013287248381741085
521.0,0.013396077977913413
522.0,0.013509311979688085
523.0,0.013623442058497217
524.0,0.013735043027494431
525.0,0.013849770460229421
526.0,0.013974009855041889
527.0,0.014103455373237095
528.0,0.014219209989645926
529.0,0.014328846724088387
530.0,0.014438454146012605
531.0,0.014560141033465136
532.0,0.01468159810490291
533.0,0.01478899251024857
534.0,0.014897101279965347
535.0,0.015006814721101408
536.0,0.015115597254287138
537.0,0.01521954536795148
538.0,0.015319053279293624
539.0,0.015417803766975973
540.0,0.015515424687407072
541.0,0.015608546111443949
542.0,0.01569497432250245
543.0,0.015775383476961908
544.0,0.015854238554367843
545.0,0.01592600479072239
546.0,0.015985383428231404
547.0,0.016041081705372114
548.0,0.016094393286840432
549.0,0.01614183317026772
550.0,0.016192106271068093
551.0,0.016249495859557882
552.0,0.01630891394843209
553.0,0.016368660756302028
554.0,0.016431601911746706
555.0,0.0164971454437885
556.0,0.016562614679250097
557.0,0.01662369454054272
558.0,0.016676968666107815
559.0,0.016722787987763367
560.0,0.01676653089859851
561.0,0.01680409133023251
562.0,0.016832149353415638
563.0,0.016852022993304707
564.0,0.016864017853431813
565.0,0.016869949829748918
566.0,0.0168652502452502
567.0,0.016848896920433568
568.0,0.016826306169102516
569.0,0.016794598301516157
570.0,0.016752538446081176
571.0,0.016699386169576048
572.0,0.016635950088035836
573.0,0.016570873743377124
574.0,0.016494177070984623
575.0,0.016396602719828818
576.0,0.016284506842401375
577.0,0.01615665061236147
578.0,0.01600996848960278
579.0,0.015841250815253807
580.0,0.01565481725783834
581.0,0.015452465754617376
582.0,0.015235838082277192
583.0,0.015003741198575917
584.0,0.014765280508263635
585.0,0.014521362670026208
586.0,0.014266572587097102
587.0,0.01400553964208572
588.0,0.013742442283180143
589.0,0.013464232234365842
590.0,0.01317143105944897
591.0,0.012874584046441855
592.0,0.012575767261160675
593.0,0.012263262381368118
594.0,0.011922764193559128
595.0,0.01155354246792121
596.0,0.011162601776876918
597.0,0.010743134374325737
598.0,0.010307823588158465
599.0,0.009884837522297458
600.0,0.009505005259072719
601.0,0.009195137561069485
602.0,0.008938792916137845
603.0,0.008741461728310366
604.0,0.008607937064351786
605.0,0.008512069595865337
606.0,0.008437093561441943
607.0,0.008379239906953873
608.0,0.008328913016565206
609.0,0.008278150957990569
610.0,0.008225591142927868
611.0,0.008174191636517534
612.0,0.008130587633144117
613.0,0.00808613118990298
614.0,0.008034945045235286
615.0,0.007984861043549524
616.0,0.007934897149677867
617.0,0.007881946053607928
618.0,0.007830899326487763
619.0,0.007783193816423453
620.0,0.007740792295228732
621.0,0.007698109428553948
622.0,0.007657333280523951
623.0,0.0076170044598308385
624.0,0.007577613515279591
625.0,0.007535184285486322
626.0,0.007495557160505391
627.0,0.007460958390969379
628.0,0.007424631411712198
629.0,0.007385822944914124
630.0,0.007343601390569913
631.0,0.007307295223990688
632.0,0.007277743626469023
633.0,0.007250053543112406
634.0,0.007221495410726099
635.0,0.007190725536570908
636.0,0.007158665912985531
637.0,0.007126047720971208
638.0,0.007104373533213568
639.0,0.007077696778094789
640.0,0.007039967074735286
641.0,0.007008687231670146
642.0,0.006974971863441
643.0,0.0069265838716782895
644.0,0.006877823359466827
645.0,0.006831041925647675
646.0,0.006774438021309383
647.0,0.0067197642577880275
648.0,0.006671451604160142
649.0,0.006619597780053247
650.0,0.00655490017666113
651.0,0.006470808343814213
652.0,0.006374167303404855
653.0,0.006272078019708792
654.0,0.006163962608476871
655.0,0.006037655873088188
656.0,0.0058870167421806304
657.0,0.005732271665488728
658.0,0.005594179654780384
659.0,0.005477014858798774
660.0,0.005373633406018102
661.0,0.00528034865400561
662.0,0.00520564693590891
663.0,0.005142627669413509
664.0,0.005079911272531855
665.0,0.005022939102030907
666.0,0.0049702074149097
667.0,0.0049254907260055
668.0,0.004886084863716632
669.0,0.004846483741350378
670.0,0.0048215994181591715
671.0,0.004805506865512541
672.0,0.004775731829944132
673.0,0.004747894691393619
674.0,0.004728033387216664
675.0,0.004707698795729196
676.0,0.004683720487696226
677.0,0.004660195118493415
678.0,0.004645046556214953
679.0,0.00463442337252873
680.0,0.004617817798050247
681.0,0.004608532037813892
682.0,0.004611524848893405
683.0,0.0046074109029866665
684.0,0.0045987771329664435
685.0,0.00460038349157974
686.0,0.004598010542645368
687.0,0.004583926545445949
688.0,0.004551608793205576
689.0,0.004505937231062373
690.0,0.004449500654869216
691.0,0.004391457773687194
692.0,0.00433206365119057
693.0,0.004271903831503896
694.0,0.004210106690064117
695.0,0.004142363526476003
696.0,0.004059225559043411
697.0,0.003973581238874755
698.0,0.0038898963482697597
699.0,0.0037930605545899937
700.0,0.0036885775063897398
701.0,0.003596999535015361
702.0,0.003500091879732898
703.0,0.0033919810913310726
704.0,0.003293287728055748
705.0,0.00319743778648895
706.0,0.0030876497471050133
707.0,0.002978297992460509
708.0,0.0028687359378223587
709.0,0.0027579632509497345
710.0,0.0026479609595352087
711.0,0.0025425761742868783
712.0,0.002440209078861528
713.0,0.002339190680477784
714.0,0.0022293744699417696
715.0,0.002124559302763802
716.0,0.00202855846917977
717.0,0.0019439393060338237
718.0,0.0018633249137782527
719.0,0.001771631711358856
720.0,0.0016843795664538118
721.0,0.0016130895570986748
722.0,0.0015533382161080338
723.0,0.0014937343704011527
724.0,0.0014325902789924982
725.0,0.0013600259460424026
726.0,0.001292621344298062
727.0,0.0012323522727038573
728.0,0.0011789270537593865
729.0,0.0011281636161876323
730.0,0.0010708376511089951
731.0,0.0010135071472211852
732.0,0.0009567885605269961
733.0,0.0009142623426403965
734.0,0.0008844309207166274
735.0,0.0008597453207771173
736.0,0.0008362769690976206
737.0,0.0008164507722486824
738.0,0.0008075479146669262
739.0,0.000800284303028554
740.0,0.0007917750137790265
741.0,0.000783172557485219
742.0,0.0007765292372390586
743.0,0.0007747138238284666
744.0,0.0007725618470324316
745.0,0.0007728436843365348
746.0,0.0007694599771547225
747.0,0.0007620458977561845
748.0,0.0007467345011803058
749.0,0.0007406292162293181
750.0,0.0007452848663206795
751.0,0.0007427711469462364
752.0,0.0007401613565500117
753.0,0.0007319211126095981
754.0,0.0007260078856432832
755.0,0.0007222377266910216
756.0,0.0007197995039737598
757.0,0.0007142460708420964
758.0,0.0007085453595129242
759.0,0.000700579412550824
760.0,0.000685031306812961
761.0,0.000683272315073955
762.0,0.0006674678559863542
763.0,0.0006525834520094778
764.0,0.0006571365446747625
765.0,0.0006653587684699979
766.0,0.0006759213291562098
767.0,0.0006814101437715759
768.0,0.0006864402734665249
769.0,0.0006860553078117888
770.0,0.0006802884473598622
771.0,0.0006777222075806773
772.0,0.0006908931057254987
773.0,0.0006948872521248224
774.0,0.0006874717549010809
775.0,0.0006887855690473545
776.0,0.000693664584697787
777.0,0.0006913120124517147
778.0,0.0006893898239574358
779.0,0.0006922588445523976
780.0,0.0006978020717498736
781.0,0.0006963976307262786
782.0,0.0006891874960537862
783.0,0.0006965350318975715
784.0,0.0007042761837903263
785.0,0.0007007927219205145
786.0,0.000701704726269009
787.0,0.0007109600902087792
788.0,0.0007137240969730804
789.0,0.0007141017550664749
790.0,0.0007135118059012025
791.0,0.0007204871536466227
792.0,0.00072982696518058
793.0,0.0007300371297696438
794.0,0.0007365544696407002
795.0,0.0007485496484544062
796.0,0.0007433667196633986
797.0,0.0007378699198323081
798.0,0.0007402069844391658
799.0,0.0007547157809063271
800.0,0.0007678836434224603
801.0,0.000759293234182752
802.0,0.0007519682938994591
803.0,0.0007542869443140569
804.0,0.0007652345255481224
805.0,0.000771317490117648
806.0,0.0007649018291945782
807.0,0.000765936944260825
808.0,0.0007709036624505147
809.0,0.0007571007414841488
810.0,0.0007479176577461299
811.0,0.0007429438259136025
812.0,0.0007219396323726141
813.0,0.0006965779570274948
814.0,0.0006909073299732425
815.0,0.000691287763586884
816.0,0.0006933488895534813
817.0,0.0006906669456731671
818.0,0.0006807536114946295
819.0,0.0006632676629373475
820.0,0.0006494192180877078
821.0,0.0006354729370748414
822.0,0.0006140113225515168
823.0,0.0005917650216540306
824.0,0.0005711674908851919
825.0,0.0005530059649674926
826.0,0.0005391219570949353
827.0,0.000519824095861981
828.0,0.0004948033917687422
829.0,0.0004697246047265205
830.0,0.00045409278427164455
831.0,0.0004423157699810029
832.0,0.0004272202611990808
833.0,0.0004166553870457625
834.0,0.00040485583160026806
835.0,0.0003966979613386954
836.0,0.0003911274988941687
837.0,0.00038737454359753207
838.0,0.00038351912248399563
839.0,0.00037130272268810283
840.0,0.00036067337180448395
841.0,0.000357502474105092
842.0,0.0003486156830949451
843.0,0.0003411150214482863
844.0,0.000343751938772024
845.0,0.0003415509986014539
846.0,0.00033216243563488363
847.0,0.00033557742571326655
848.0,0.0003448847054372257
849.0,0.00032051934790866966
850.0,0.0003105487290157781
851.0,0.00033200587394821855
852.0,0.00033057992908167467
853.0,0.0003206032852411431
854.0,0.0003088761688758176
855.0,0.0003016309335026516
856.0,0.00029543264198031275
857.0,0.00028406811002584673
858.0,0.00028462790686981603
859.0,0.00029355588348012416
860.0,0.00029511230829479946
861.0,0.00029483237159450763
862.0,0.0002826663773057051
863.0,0.00028892453172198103
864.0,0.00029258462924909416
865.0,0.00026712071346624645
866.0,0.0002479207624912683
867.0,0.00024480891309496303
868.0,0.0002619910294434292
869.0,0.00026727663147736085
870.0,0.0002513934973501399
871.0,0.00023775481626187722
872.0,0.0002251548547122176
873.0,0.00022510643543888366
874.0,0.0002387996488900655
875.0,0.0002466772666306203
876.0,0.00021449681725079444
877.0,0.0001918196736339985
878.0,0.00019006879524819525
879.0,0.00020537845095675144
880.0,0.00022449607609330155
881.0,0.00022625699427819107
882.0,0.00022119872180048525
883.0,0.00021092922005837888
884.0,0.0001969127651965075
885.0,0.00019532713998921583
886.0,0.00020881594534428901
887.0,0.00020186369673802382
888.0,0.00017983192597463744
889.0,0.00016715704473784375
890.0,0.00017118464345894217
891.0,0.00018332789960094363
892.0,0.00016110490852057078
893.0,0.0001407014431251643
894.0,0.00014399304881016107
895.0,0.00012989536461032873
896.0,0.00010881081034261927
897.0,9.591698736560048e-05
898.0,0.00011772952932172206
899.0,0.0001369605355675404
