/begin_header
/west_longitude=UNKNOWN
/south_latitude=NA
/north_latitude=UNKNOWN
/calibration_files=NA
/cruise=NA
/station=NA
/documents=NA
/data_type=NA
/affiliations=NOAA
/experiment=NA
/units=nm,dl
/start_date=2019-08-12
/end_date=NA
/missing=9999
/start_time=12:17:09
/data_file_name=NA
/cloud_percent=NA
/water_depth=NA
/data_status=NA
/east_longitude=NA
/wind_speed=NA
/secchi=NA
/measurement_depth=NA
/fields=wavelength,rrs
/delimiter=comma
/contact=NA
/end_time=NA
/wave_height=NA
/investigators=NA
/end_header@
325.0,0.01637069142896829
326.0,0.016505772890386114
327.0,0.016489370345331163
328.0,0.016320788202998208
329.0,0.016167266747038344
330.0,0.016160603343644237
331.0,0.016218112776204562
332.0,0.016073785149148048
333.0,0.01587488525720011
334.0,0.015779809039748422
335.0,0.01568745574970567
336.0,0.015599238830161838
337.0,0.01539111242939159
338.0,0.015251487432588046
339.0,0.015228446270646854
340.0,0.01514594079942674
341.0,0.015045407697778426
342.0,0.014941683808012047
343.0,0.014837500114599361
344.0,0.014736279859230239
345.0,0.014656938488409505
346.0,0.014587320209055964
347.0,0.014480494942836153
348.0,0.014383467942422354
349.0,0.014301615324618405
350.0,0.014189261763849641
351.0,0.014095504537602346
352.0,0.014022869411364495
353.0,0.013968010476725048
354.0,0.013896500660953557
355.0,0.01380690788381921
356.0,0.013714348973491015
357.0,0.01363681443273784
358.0,0.013567032377706446
359.0,0.01348999852012606
360.0,0.013417786262864679
361.0,0.013334539092024606
362.0,0.013247037849384025
363.0,0.013169987291088547
364.0,0.013118223291068648
365.0,0.013061698653321446
366.0,0.012997988802819558
367.0,0.012933810057608547
368.0,0.012876789094121075
369.0,0.012819335122514994
370.0,0.012762407469635412
371.0,0.012708395808750212
372.0,0.012624876377351036
373.0,0.012538166237625464
374.0,0.012481416683660027
375.0,0.012415317749735233
376.0,0.012343024442821315
377.0,0.012258925734166929
378.0,0.012198146047952257
379.0,0.012158786709655965
380.0,0.012119283734737172
381.0,0.012065663350866531
382.0,0.011986982090843777
383.0,0.011922061311115362
384.0,0.011872492687814805
385.0,0.011830244953525536
386.0,0.011783433666224481
387.0,0.011742244442520793
388.0,0.011701227641816896
389.0,0.011660596787534333
390.0,0.011605259309783695
391.0,0.01153913401125846
392.0,0.01147427685876705
393.0,0.011411767312555037
394.0,0.01136634140619527
395.0,0.011328375370623176
396.0,0.011242348609720699
397.0,0.011158893750505449
398.0,0.01109574147404748
399.0,0.011043761905696196
400.0,0.010991084686892503
401.0,0.01093316310860092
402.0,0.010880153671000696
403.0,0.01083455241552225
404.0,0.010803004630828771
405.0,0.010760331775323036
406.0,0.01069882783273131
407.0,0.01063896173626008
408.0,0.010588774973971581
409.0,0.010541311971256245
410.0,0.010494546804215594
411.0,0.01045022909122508
412.0,0.01040558429534966
413.0,0.010365674992562156
414.0,0.010336393208797845
415.0,0.010306793185463231
416.0,0.010274824395906155
417.0,0.010248258256505391
418.0,0.0102221883797502
419.0,0.010196903129209189
420.0,0.010179243894988416
421.0,0.010162361004689065
422.0,0.010138503998348064
423.0,0.010122796033587119
424.0,0.010108506697141839
425.0,0.010095237573274154
426.0,0.01008479046078339
427.0,0.010075111943520437
428.0,0.010064110107756563
429.0,0.010049583888561723
430.0,0.010032051908107964
431.0,0.010011583027586056
432.0,0.009989260377476479
433.0,0.009975894963982854
434.0,0.009961458348394353
435.0,0.009947569227273785
436.0,0.009937023964054584
437.0,0.009936042902170317
438.0,0.009946776815990772
439.0,0.009961569603919463
440.0,0.009978726459508248
441.0,0.009995834166202111
442.0,0.010019778427300714
443.0,0.01005471445565243
444.0,0.010097185801683476
445.0,0.010146059779934036
446.0,0.010197926162762189
447.0,0.010260011826913301
448.0,0.01032811895936925
449.0,0.010391039374215157
450.0,0.010452579680311064
451.0,0.01051624021540661
452.0,0.01057978330629637
453.0,0.010640566673810473
454.0,0.01069838519345899
455.0,0.010754598923286075
456.0,0.010806427897939602
457.0,0.010850835051479404
458.0,0.010893044713611704
459.0,0.010937549451955299
460.0,0.010972929378573925
461.0,0.011004463135073392
462.0,0.0110459487313682
463.0,0.01108939453122965
464.0,0.011134668038684894
465.0,0.011183861224941832
466.0,0.011228810305085048
467.0,0.011267677546753296
468.0,0.011317317373438492
469.0,0.011372029643417117
470.0,0.011421915194672925
471.0,0.011469277497726822
472.0,0.011514546179710981
473.0,0.011559472797642177
474.0,0.011609892363346624
475.0,0.011665580345036963
476.0,0.011717181266925116
477.0,0.011761717076405904
478.0,0.011807159749033963
479.0,0.011855281930550552
480.0,0.011907508992834472
481.0,0.011961121509481117
482.0,0.012016598829380618
483.0,0.012071041604918124
484.0,0.012121843169513489
485.0,0.01217211324191992
486.0,0.012231035995718956
487.0,0.012289485923731868
488.0,0.012341874310789508
489.0,0.012390193708272617
490.0,0.012442678283494154
491.0,0.012508865695097276
492.0,0.012578913458444136
493.0,0.0126549698631512
494.0,0.012741070650835568
495.0,0.012836867500576365
496.0,0.012940019053861256
497.0,0.013049152814130374
498.0,0.01316590783884757
499.0,0.013296452853613883
500.0,0.013436208557976734
501.0,0.013584415333089017
502.0,0.013737985638428258
503.0,0.013900006435443294
504.0,0.01407193809719753
505.0,0.01425118318735109
506.0,0.014435218619041335
507.0,0.014619824041342776
508.0,0.014817712810020917
509.0,0.015029107820156734
510.0,0.015233112601673112
511.0,0.015437653961109705
512.0,0.015651003897905993
513.0,0.01587848313890943
514.0,0.016118648704515796
515.0,0.01635992853351757
516.0,0.016606366832877577
517.0,0.016854509257602592
518.0,0.01710922171115576
519.0,0.01736210694597974
520.0,0.017598406733519707
521.0,0.01783150114707174
522.0,0.018065405653098433
523.0,0.018293838227378612
524.0,0.018527074148314636
525.0,0.018766013592170526
526.0,0.019003272384855295
527.0,0.019240789535212157
528.0,0.019467135352796133
529.0,0.01968170171489355
530.0,0.019890591869614345
531.0,0.020099866990855555
532.0,0.020309186883563354
533.0,0.02051627081029791
534.0,0.020723888085259358
535.0,0.020926266740050038
536.0,0.02111312387312757
537.0,0.0212969972550913
538.0,0.021487289681461113
539.0,0.02166993165391231
540.0,0.021845607693026254
541.0,0.022014720383545582
542.0,0.022178048805184994
543.0,0.022337290000801147
544.0,0.02249093683755744
545.0,0.02263790333135457
546.0,0.02277799022061348
547.0,0.022916359296719094
548.0,0.023050950914970676
549.0,0.02317521474720119
550.0,0.023297748802442207
551.0,0.023422041989616872
552.0,0.023543387564007104
553.0,0.023665502247123833
554.0,0.023787489587989246
555.0,0.023899603717842395
556.0,0.024004326948666603
557.0,0.024109493467708
558.0,0.024206401052720327
559.0,0.0242893109955034
560.0,0.024359548526526536
561.0,0.0244185912816387
562.0,0.024465555129088823
563.0,0.024500661865354597
564.0,0.024524820582157346
565.0,0.02453597195597505
566.0,0.024536875876012852
567.0,0.024526940714024035
568.0,0.024499707158839854
569.0,0.02445957691447472
570.0,0.024414827284508833
571.0,0.024360157531000824
572.0,0.024295861752813803
573.0,0.0242247451470434
574.0,0.02414224740686815
575.0,0.02404597012128473
576.0,0.023940389045961866
577.0,0.02382674623801917
578.0,0.023699033043507876
579.0,0.023559407413324202
580.0,0.023409725005162044
581.0,0.02323374737392015
582.0,0.02304234908845313
583.0,0.02285470013086633
584.0,0.02265347438414422
585.0,0.0224344768514414
586.0,0.022211484390021456
587.0,0.021978615617180723
588.0,0.02172312724924237
589.0,0.02146446989450857
590.0,0.021208410209716505
591.0,0.02095267411020091
592.0,0.020693286931263082
593.0,0.020413996599640737
594.0,0.020103460234834135
595.0,0.01976005834869098
596.0,0.019384063034406346
597.0,0.01897259786094582
598.0,0.01853735841674525
599.0,0.018109352785776092
600.0,0.017712853813221442
601.0,0.01736771572620672
602.0,0.017080625040089798
603.0,0.016853122469822002
604.0,0.016676117769102668
605.0,0.01653132948955855
606.0,0.016404097535422584
607.0,0.016289590922215567
608.0,0.016180649216607536
609.0,0.016070082166896628
610.0,0.015960137487204696
611.0,0.015851204241893242
612.0,0.015735557548003393
613.0,0.01562172884927697
614.0,0.01551913117198361
615.0,0.015412296299946884
616.0,0.015303993712878161
617.0,0.015200935779537317
618.0,0.015103462059683492
619.0,0.015015648946422697
620.0,0.01493884266120818
621.0,0.014865711612206439
622.0,0.014793676714249193
623.0,0.01472876123255103
624.0,0.014672834195278983
625.0,0.014627826258148253
626.0,0.014578151753654445
627.0,0.014524965271684115
628.0,0.01448951140580421
629.0,0.014469396405852009
630.0,0.014452771671723838
631.0,0.014439493447004409
632.0,0.014428463457629187
633.0,0.014422834726322742
634.0,0.014418319200649978
635.0,0.014415642528682621
636.0,0.014413806820389197
637.0,0.01441273928387593
638.0,0.014416528046530958
639.0,0.014415694246504806
640.0,0.014406737562748647
641.0,0.014398097789863454
642.0,0.014386333060182777
643.0,0.01436733505549056
644.0,0.014338686861590932
645.0,0.014299017719666615
646.0,0.014251425963303166
647.0,0.01420481433448893
648.0,0.014162988773026472
649.0,0.0141026759521382
650.0,0.014021943162355374
651.0,0.013918704972273904
652.0,0.013795608201335047
653.0,0.013655609249035094
654.0,0.01350010040381992
655.0,0.013297152095216725
656.0,0.013033574230894527
657.0,0.012725988806187877
658.0,0.012420282402579213
659.0,0.012135339823695846
660.0,0.011862386057482369
661.0,0.011599676485730657
662.0,0.011350054050680573
663.0,0.011117801187393953
664.0,0.010904562150372919
665.0,0.010707353453953438
666.0,0.01052681718258796
667.0,0.010373039636504133
668.0,0.01024196644657018
669.0,0.010137175742570016
670.0,0.010053648558140681
671.0,0.00999185236066977
672.0,0.009946347139974138
673.0,0.009922944722300979
674.0,0.00991642506222345
675.0,0.009908646569600393
676.0,0.009918970470274461
677.0,0.00995584412481918
678.0,0.010008342242731387
679.0,0.010075466254357991
680.0,0.010163324366856732
681.0,0.010285452737725725
682.0,0.010440665118335994
683.0,0.010610959997509783
684.0,0.010806787905457511
685.0,0.011061891177580763
686.0,0.011354637254170174
687.0,0.011643362430219805
688.0,0.011822159532013031
689.0,0.011942381110656961
690.0,0.012058996384713574
691.0,0.012162224657735135
692.0,0.012253090850685256
693.0,0.012340592759228785
694.0,0.01239879417210785
695.0,0.012415348177244401
696.0,0.012401476647914089
697.0,0.012353705655120032
698.0,0.012268604149189823
699.0,0.012158076077857755
700.0,0.012019745564476558
701.0,0.011848899763436066
702.0,0.011649263482115497
703.0,0.011428470959874544
704.0,0.011185197466882218
705.0,0.010925113686271802
706.0,0.010661644892622358
707.0,0.010384273597691635
708.0,0.010088627972935978
709.0,0.00977781348828171
710.0,0.009456097588107918
711.0,0.009120560201457437
712.0,0.008773830326108376
713.0,0.00842751569388832
714.0,0.008087944276074602
715.0,0.007764964392406984
716.0,0.00744592467458501
717.0,0.007133046484775514
718.0,0.0068136448785283505
719.0,0.0065033566563538325
720.0,0.006218796095948621
721.0,0.005965710024926932
722.0,0.005724423006862033
723.0,0.005480740480525358
724.0,0.005241787878512115
725.0,0.005008238987840858
726.0,0.004777873694300782
727.0,0.0045394847199502035
728.0,0.00430355511923268
729.0,0.004073671222250909
730.0,0.003845992230734791
731.0,0.003637823653665713
732.0,0.0034564761113813937
733.0,0.0033101716249092743
734.0,0.0031925918396710122
735.0,0.00308993039585744
736.0,0.003006505806560156
737.0,0.0029400987494976544
738.0,0.00288135067807562
739.0,0.0028402908045373197
740.0,0.002824657010782346
741.0,0.0028068640998192185
742.0,0.002783692518374862
743.0,0.0027691510117343167
744.0,0.0027551418372010446
745.0,0.002741552638414403
746.0,0.002731041437715976
747.0,0.002720148003252383
748.0,0.002706124989876393
749.0,0.0026935573571891035
750.0,0.002683368016823849
751.0,0.0026687219561224553
752.0,0.002654167853199743
753.0,0.002638640505773333
754.0,0.002628092431530297
755.0,0.002625330333280842
756.0,0.00261443925854594
757.0,0.0026007290487881666
758.0,0.0025857850116910897
759.0,0.002569685789988337
760.0,0.0025426340139136053
761.0,0.002498121672909287
762.0,0.0024766422828799203
763.0,0.0024773313146589154
764.0,0.0024720631634345624
765.0,0.00248036431026385
766.0,0.00249932065500764
767.0,0.0025095253462781054
768.0,0.002518975900060511
769.0,0.0025260070083261785
770.0,0.002530186973420432
771.0,0.0025320787451031893
772.0,0.0025319710024491464
773.0,0.0025347108835697104
774.0,0.0025350886713916038
775.0,0.0025427428194787
776.0,0.002557500974838464
777.0,0.0025691987805230914
778.0,0.00258083360334515
779.0,0.0025904255039306046
780.0,0.0025938478059241298
781.0,0.002600592134250916
782.0,0.002617846460279557
783.0,0.002631038862989124
784.0,0.0026390904863490628
785.0,0.002650545131278141
786.0,0.0026633112451912005
787.0,0.00267714845805713
788.0,0.0026937428839906886
789.0,0.0027066037102466646
790.0,0.002720303420311656
791.0,0.002744279916466598
792.0,0.002775263574378427
793.0,0.0027985920560402618
794.0,0.0028115067215356616
795.0,0.0028205940689229065
796.0,0.0028407633614208946
797.0,0.002860158113048463
798.0,0.0028816064849436873
799.0,0.002893963289358874
800.0,0.002902858347052283
801.0,0.0029141811014329697
802.0,0.0029242355806626767
803.0,0.0029369419858844364
804.0,0.002950602843232178
805.0,0.002957244724915888
806.0,0.0029535575147969766
807.0,0.0029487729141623323
808.0,0.002940150823200732
809.0,0.002927671016836685
810.0,0.0029032882175938604
811.0,0.0028672706809749074
812.0,0.0028371349934892777
813.0,0.002808981382791625
814.0,0.0027799348386000253
815.0,0.002749220587562656
816.0,0.0027114720317964057
817.0,0.0026725954628564067
818.0,0.0026368596386462796
819.0,0.0026044965267469915
820.0,0.002553314039191605
821.0,0.0024955283203743637
822.0,0.0024362576293405847
823.0,0.0023606511461131607
824.0,0.002275129884384023
825.0,0.0021884113813775133
826.0,0.0021030046488139933
827.0,0.0020209333489133695
828.0,0.0019445099070111971
829.0,0.001865386586375727
830.0,0.0017826554771852195
831.0,0.0017067497334989454
832.0,0.0016483156869637236
833.0,0.0016125706015271627
834.0,0.0015809442272777512
835.0,0.0015513246085150725
836.0,0.001532107906860023
837.0,0.0015181902721755395
838.0,0.001494947036353588
839.0,0.001472369813823897
840.0,0.0014552904148121889
841.0,0.0014427079642053188
842.0,0.0014379111092442621
843.0,0.001435750817561615
844.0,0.001420284250447832
845.0,0.0014012134495364746
846.0,0.0013893334525498385
847.0,0.0013725045237854227
848.0,0.0013539620530218525
849.0,0.0013550928252794143
850.0,0.001343740181622263
851.0,0.0013171528515307934
852.0,0.0013052561663425566
853.0,0.0012973077011368564
854.0,0.0012887846368155823
855.0,0.0012731425523820664
856.0,0.001255539041921092
857.0,0.0012502011393639716
858.0,0.001242688780842958
859.0,0.001233135162774407
860.0,0.001222177045554184
861.0,0.0012126809877767884
862.0,0.0012131802782940808
863.0,0.0011977815005759325
864.0,0.0011684364133238445
865.0,0.001167235468703336
866.0,0.0011550193544085199
867.0,0.0011259553668932583
868.0,0.0011397107139391538
869.0,0.0011456388032459173
870.0,0.0011106570657613125
871.0,0.0010945439447259753
872.0,0.001086422604941808
873.0,0.0010753234566541294
874.0,0.0010599654995389533
875.0,0.0010401975328400682
876.0,0.00103055580965291
877.0,0.0010217404085829042
878.0,0.0010207956934917297
879.0,0.000998789426784035
880.0,0.0009709430438173365
881.0,0.0009565100665864075
882.0,0.000938841227168494
883.0,0.0009181098375388823
884.0,0.0009259523600361984
885.0,0.0009256572661089979
886.0,0.0008877767171720669
887.0,0.0008889094480067581
888.0,0.0008908972997422248
889.0,0.0008486756907295906
890.0,0.0008352767202949727
891.0,0.0008471932222175387
892.0,0.0008198442531643256
893.0,0.0007910875457140896
894.0,0.0007837476759402065
895.0,0.0007529017510150877
896.0,0.0007162849860617258
897.0,0.0007052418979438659
898.0,0.0007037923937787936
899.0,0.0007033578765074722
