/begin_header
/west_longitude=UNKNOWN
/south_latitude=NA
/north_latitude=UNKNOWN
/calibration_files=NA
/cruise=NA
/station=NA
/documents=NA
/data_type=NA
/affiliations=NOAA
/experiment=NA
/units=nm,dl
/start_date=2019-08-15
/end_date=NA
/missing=9999
/start_time=11:16:09
/data_file_name=NA
/cloud_percent=NA
/water_depth=NA
/data_status=NA
/east_longitude=NA
/wind_speed=NA
/secchi=NA
/measurement_depth=NA
/fields=wavelength,rrs
/delimiter=comma
/contact=NA
/end_time=NA
/wave_height=NA
/investigators=NA
/end_header@
325.0,0.013596457348882868
326.0,0.013450010731240702
327.0,0.0133977352339962
328.0,0.013415241084563614
329.0,0.013356665821807298
330.0,0.013248989715544935
331.0,0.013099097361891656
332.0,0.013036624488342119
333.0,0.01299497867374207
334.0,0.012845676960145746
335.0,0.012768096956389691
336.0,0.012757521139565686
337.0,0.012642946613256417
338.0,0.012537353535959203
339.0,0.012473325175255704
340.0,0.012410843703811111
341.0,0.012360087683924336
342.0,0.012332373223720489
343.0,0.012238109966970442
344.0,0.01210542793995447
345.0,0.012076666019616706
346.0,0.012026687170253986
347.0,0.011929803732436312
348.0,0.01184006391457093
349.0,0.01176903892793903
350.0,0.011712349546323794
351.0,0.011682350788037416
352.0,0.011651461133036107
353.0,0.011579966281138426
354.0,0.011516458383595298
355.0,0.011471402464538373
356.0,0.011417403225961378
357.0,0.011367026086400788
358.0,0.011289647938568773
359.0,0.011244715063739294
360.0,0.011213524937943633
361.0,0.01114570102016982
362.0,0.011081172905243415
363.0,0.011023100478601647
364.0,0.010980115752803044
365.0,0.010933970873922828
366.0,0.010895804738298574
367.0,0.010848613331305082
368.0,0.01080003301611227
369.0,0.010769554861053599
370.0,0.010728132824645404
371.0,0.010669805212419763
372.0,0.010649953928294736
373.0,0.010619859369883992
374.0,0.010560576127727895
375.0,0.010519814443551774
376.0,0.010504984409421067
377.0,0.010480774053373262
378.0,0.010421999063791033
379.0,0.010342913558293833
380.0,0.010339526745333722
381.0,0.010331883800237227
382.0,0.01029700160128429
383.0,0.010281367565514798
384.0,0.010249807463386077
385.0,0.010197266970485975
386.0,0.010158385920417505
387.0,0.010133289134593413
388.0,0.01007883620126307
389.0,0.01004511474822737
390.0,0.010040186983259052
391.0,0.010015031022836608
392.0,0.009983598238573883
393.0,0.009958431990717918
394.0,0.00994033600260381
395.0,0.009918706441181098
396.0,0.009870891658149224
397.0,0.009822892571301737
398.0,0.009780060841604616
399.0,0.009741084631231998
400.0,0.009704509119928331
401.0,0.009674510787884191
402.0,0.009651200059424428
403.0,0.00962924768887961
404.0,0.009607747697608532
405.0,0.009588280771768957
406.0,0.009568458306508477
407.0,0.009547229539337183
408.0,0.009523963061079811
409.0,0.009494343199654278
410.0,0.009470378852704528
411.0,0.009454789992428351
412.0,0.009442825776433213
413.0,0.00943149206241256
414.0,0.00941665037851702
415.0,0.009410816752011103
416.0,0.009402674985643612
417.0,0.009386210069344595
418.0,0.009377731296429806
419.0,0.009377250031236996
420.0,0.009368786479943332
421.0,0.009363771222267645
422.0,0.009362563093609583
423.0,0.009360200424192517
424.0,0.009357370616746514
425.0,0.009365480215623409
426.0,0.009370493601222657
427.0,0.009370682522623916
428.0,0.009381620328787546
429.0,0.009389002459677416
430.0,0.009382356598255103
431.0,0.009380376937923821
432.0,0.009379095185280113
433.0,0.009380736497152712
434.0,0.009382492479106053
435.0,0.009382536981356961
436.0,0.009385485767232972
437.0,0.009394783080581958
438.0,0.009412201498178691
439.0,0.009423305816077405
440.0,0.009434119458987849
441.0,0.009461757307295395
442.0,0.009491424954643245
443.0,0.009519005667173251
444.0,0.009548302600406062
445.0,0.00958235410637586
446.0,0.00962647341758647
447.0,0.009675644293849033
448.0,0.009722140606942061
449.0,0.009762478803246969
450.0,0.009802612834210163
451.0,0.009845224975415515
452.0,0.009888736066418432
453.0,0.009933571192208331
454.0,0.009982054002270141
455.0,0.010023247294934621
456.0,0.010059148403178137
457.0,0.010101702462817424
458.0,0.010138501706453605
459.0,0.010169037205439197
460.0,0.010210669647062447
461.0,0.010254283912751369
462.0,0.010292196878194711
463.0,0.010331735043740657
464.0,0.010373782453546091
465.0,0.010416720000858068
466.0,0.01046160834610392
467.0,0.010510246391835964
468.0,0.010554821118420137
469.0,0.010596499610040985
470.0,0.010642054791205724
471.0,0.010681591630574402
472.0,0.01071684918849826
473.0,0.010760150356343088
474.0,0.010804739548012532
475.0,0.01084670589245788
476.0,0.010884720190891919
477.0,0.010922214869558109
478.0,0.010959552638811472
479.0,0.010994061327137542
480.0,0.011029605722396588
481.0,0.01106356619625793
482.0,0.011101315162410337
483.0,0.011144452850267439
484.0,0.011183932457206296
485.0,0.011220309882606961
486.0,0.011264546157598709
487.0,0.01130801541622917
488.0,0.011344723040886219
489.0,0.01138324501813941
490.0,0.011420897306544811
491.0,0.011455351895306849
492.0,0.011502944315502448
493.0,0.01155965751304571
494.0,0.01161514305591849
495.0,0.011668282760868657
496.0,0.011720393102638803
497.0,0.01178026134274435
498.0,0.011847070240677507
499.0,0.011924091477966841
500.0,0.012003858038915186
501.0,0.012082365450304106
502.0,0.012160965476296155
503.0,0.012238904823616312
504.0,0.012315065252350283
505.0,0.012395456796098287
506.0,0.012479243384632743
507.0,0.01255517555545472
508.0,0.012623759841990864
509.0,0.012688105833073315
510.0,0.012748470984138269
511.0,0.012808203982452231
512.0,0.01287727711891109
513.0,0.012953712514350966
514.0,0.013039802246725574
515.0,0.013140186129393296
516.0,0.013252487957155385
517.0,0.013368154223230616
518.0,0.01348769774859693
519.0,0.013604566776922497
520.0,0.013707260322597212
521.0,0.013819038112938133
522.0,0.01394134277867048
523.0,0.014056748072371552
524.0,0.014169193377005646
525.0,0.014288196471144519
526.0,0.014414082090412086
527.0,0.014541541279330952
528.0,0.014654746836409892
529.0,0.014761337754456918
530.0,0.014868158284790434
531.0,0.014989135311628677
532.0,0.015107594675077288
533.0,0.015207925348704776
534.0,0.015309193106508375
535.0,0.015411771736067382
536.0,0.015511296044658087
537.0,0.015608911755767849
538.0,0.015704367196625327
539.0,0.01579369575049703
540.0,0.015881042618251427
541.0,0.015965088225871595
542.0,0.01603766746236866
543.0,0.016099660749237417
544.0,0.016160324588793164
545.0,0.016214767350553095
546.0,0.016257905102447064
547.0,0.016296295711583357
548.0,0.016330724752823766
549.0,0.01635770955879124
550.0,0.016387447074063404
551.0,0.016425909891782366
552.0,0.016471169676957328
553.0,0.016520476310733875
554.0,0.016572950947753982
555.0,0.016627299072983555
556.0,0.016680897934280483
557.0,0.016734294802501208
558.0,0.016779911750767335
559.0,0.01681520138820894
560.0,0.016846365035110215
561.0,0.016869457471057975
562.0,0.01688095279684404
563.0,0.016886610452439103
564.0,0.016887152137450713
565.0,0.016879001924648834
566.0,0.016859762687008957
567.0,0.016830349752952653
568.0,0.01679049959911133
569.0,0.016737557732969963
570.0,0.01667386699973227
571.0,0.016599344919724836
572.0,0.01651396415020979
573.0,0.01642298093210171
574.0,0.01631834542052822
575.0,0.016192866442121454
576.0,0.01604899797584723
577.0,0.015886043824003708
578.0,0.015703228123255995
579.0,0.01549424113426386
580.0,0.015262464019851185
581.0,0.015014888897176521
582.0,0.014753931513711432
583.0,0.014478427607251213
584.0,0.014195219109903578
585.0,0.013904768981863458
586.0,0.01360709716330182
587.0,0.013308207874374964
588.0,0.013008447945385812
589.0,0.012699099004239206
590.0,0.012380413440508699
591.0,0.012057404554780755
592.0,0.011735672313451906
593.0,0.011405125193507837
594.0,0.01105259379335462
595.0,0.01067534399417559
596.0,0.010276045218739618
597.0,0.009855410183813517
598.0,0.009429124803905061
599.0,0.009031434131003864
600.0,0.008678670577800335
601.0,0.00838786127177135
602.0,0.008155189281075385
603.0,0.00798099110806251
604.0,0.00785994765805927
605.0,0.007772295723439043
606.0,0.007704002131992118
607.0,0.0076485397939373995
608.0,0.0075987495046196726
609.0,0.007550989923274101
610.0,0.007502271069154684
611.0,0.0074540104321661705
612.0,0.007407909212705918
613.0,0.0073625566702442595
614.0,0.007318648247149869
615.0,0.007275315880457299
616.0,0.007230744032689281
617.0,0.007181397326239967
618.0,0.007131907771543515
619.0,0.007083232200869825
620.0,0.0070354701501055255
621.0,0.0069908586052516986
622.0,0.006955894014494516
623.0,0.006916644476978729
624.0,0.006873543524476659
625.0,0.006829143408840542
626.0,0.006786402416149621
627.0,0.006745830754684603
628.0,0.006708003900886397
629.0,0.0066691280820635485
630.0,0.006626427324653119
631.0,0.006590436963703128
632.0,0.006560159169369559
633.0,0.006528730357031026
634.0,0.006497865583263708
635.0,0.006466679108548848
636.0,0.006429856314874402
637.0,0.006391017101380352
638.0,0.006369853316457928
639.0,0.006344484737757561
640.0,0.006304891032218191
641.0,0.006265008120065352
642.0,0.006224800485083277
643.0,0.006182869122550237
644.0,0.00613995163122969
645.0,0.006095627093326002
646.0,0.0060381659937172455
647.0,0.005985390022306752
648.0,0.0059454772545336175
649.0,0.005898376063265992
650.0,0.005837849251035342
651.0,0.0057683860111975615
652.0,0.005688192477681124
653.0,0.00560295899073858
654.0,0.0055166496011837705
655.0,0.005415096021079901
656.0,0.005288881058531219
657.0,0.005163380514064223
658.0,0.0050558995768951506
659.0,0.004961336533379658
660.0,0.004880896498465644
661.0,0.0048112126734436295
662.0,0.004753151392462402
663.0,0.004705036527962139
664.0,0.00466090846314954
665.0,0.0046183008679543235
666.0,0.004574949705497168
667.0,0.004541822686994817
668.0,0.0045102157203558545
669.0,0.0044730730364407
670.0,0.0044514023227726586
671.0,0.004439744918772467
672.0,0.0044189008442411535
673.0,0.004398489027351212
674.0,0.00438213524146747
675.0,0.004362554385449762
676.0,0.004342783787230212
677.0,0.004330299439020674
678.0,0.0043203272580524706
679.0,0.004308992549701555
680.0,0.00429187972252974
681.0,0.004280191248632046
682.0,0.0042790463798054994
683.0,0.0042754128259905886
684.0,0.004264739851057863
685.0,0.0042517982999166985
686.0,0.004235888376515213
687.0,0.004213045830387992
688.0,0.004169107209000468
689.0,0.004115462024268596
690.0,0.00405708922406254
691.0,0.003989285004425762
692.0,0.003917508102088312
693.0,0.0038560200041201434
694.0,0.0037929671227940388
695.0,0.003723726835059694
696.0,0.0036500981101139905
697.0,0.0035754896140276758
698.0,0.0034956085451867554
699.0,0.003411515262939617
700.0,0.003326784509944291
701.0,0.0032476484895770977
702.0,0.003167757478216965
703.0,0.0030821331499617877
704.0,0.0029968700012973134
705.0,0.00291398032203892
706.0,0.002832500055955426
707.0,0.002743684695997069
708.0,0.002644966539299008
709.0,0.0025578187952193933
710.0,0.0024718547543369405
711.0,0.002380265445705577
712.0,0.0022893943439160607
713.0,0.0021979353401895877
714.0,0.0021045477193886372
715.0,0.002015692183817305
716.0,0.0019295422095099112
717.0,0.0018412804365227384
718.0,0.0017548511555944804
719.0,0.001672261067579386
720.0,0.0015985958375304057
721.0,0.0015379915599405048
722.0,0.0014811791332114094
723.0,0.0014191002220917998
724.0,0.001352381273995247
725.0,0.0012865683224360398
726.0,0.0012254160599734
727.0,0.0011615447772077348
728.0,0.001108346762372105
729.0,0.0010619793048983787
730.0,0.001000160575277926
731.0,0.000941536228873954
732.0,0.0008919498782858033
733.0,0.0008538997743008905
734.0,0.0008260806499590827
735.0,0.0008042915918669371
736.0,0.000780275663614282
737.0,0.0007563063515411719
738.0,0.0007497622737217661
739.0,0.0007462083238979438
740.0,0.0007383566320161522
741.0,0.0007315723963417793
742.0,0.0007263984144106529
743.0,0.0007226077660630991
744.0,0.0007172365020149156
745.0,0.0007152534260094285
746.0,0.0007108544474931206
747.0,0.0007032757529126589
748.0,0.0006882064312366588
749.0,0.0006822191125366538
750.0,0.0006853808382686568
751.0,0.0006800329354406682
752.0,0.0006758655759713621
753.0,0.000668622767736477
754.0,0.0006629097724833841
755.0,0.0006592745664534674
756.0,0.0006577703406164942
757.0,0.0006512690722659147
758.0,0.000641922834402489
759.0,0.0006243075637696856
760.0,0.0006038466017503468
761.0,0.0006042996623133202
762.0,0.0005846174558307046
763.0,0.000569379556710587
764.0,0.0005783795945712919
765.0,0.0005865775512916567
766.0,0.0005932069301564036
767.0,0.0006009198074391898
768.0,0.000609766858557878
769.0,0.0006089650165996589
770.0,0.000610421614997358
771.0,0.0006158475564093325
772.0,0.0006189733231076241
773.0,0.000618142935209599
774.0,0.0006182804777905201
775.0,0.0006199059086190658
776.0,0.0006208568515930897
777.0,0.0006216182756735585
778.0,0.0006179801750263749
779.0,0.0006146673272634072
780.0,0.0006202872402128643
781.0,0.0006219144738700548
782.0,0.0006156179560594208
783.0,0.0006228559767032131
784.0,0.0006292394187979698
785.0,0.0006215104885229563
786.0,0.000622148901944001
787.0,0.0006342175778878477
788.0,0.0006347747265198112
789.0,0.0006356815536444421
790.0,0.0006381490693085012
791.0,0.0006372827183551151
792.0,0.0006377925264971619
793.0,0.0006480719187300492
794.0,0.0006590526039573711
795.0,0.0006640248368109969
796.0,0.000655517732153231
797.0,0.0006509418665925968
798.0,0.0006550123283204357
799.0,0.0006668918406711157
800.0,0.0006768076980559307
801.0,0.0006708083243389197
802.0,0.0006679347303897465
803.0,0.0006706090160406161
804.0,0.0006701810952888346
805.0,0.0006710988438442813
806.0,0.0006757525967477309
807.0,0.0006779973647668319
808.0,0.0006781865134892043
809.0,0.000666664298315772
810.0,0.0006544420961551824
811.0,0.0006398393090306951
812.0,0.0006222356019431311
813.0,0.0006010921645114677
814.0,0.0005902367679632769
815.0,0.0005905379883704788
816.0,0.0005935273954649278
817.0,0.0005859188983379065
818.0,0.0005768391618037988
819.0,0.0005644105328098472
820.0,0.0005470122276977276
821.0,0.0005312685647632755
822.0,0.000515181195434959
823.0,0.0004946971800712652
824.0,0.0004742268139879276
825.0,0.0004598456437162334
826.0,0.00044294458239375987
827.0,0.0004182374182275895
828.0,0.0003960182646285082
829.0,0.00037653958408609775
830.0,0.0003581122754450511
831.0,0.00034133333399672197
832.0,0.0003229175272862276
833.0,0.0003134629795107161
834.0,0.00030584847834945906
835.0,0.0003029421599249786
836.0,0.0002913166540932311
837.0,0.0002861228309919718
838.0,0.00029768069035249564
839.0,0.00028466921247441413
840.0,0.00026222537821709495
841.0,0.0002704147215673718
842.0,0.00026556671373780953
843.0,0.00024731529371042167
844.0,0.00024943611632284975
845.0,0.00025327641279631284
846.0,0.00024405301433460055
847.0,0.00024310654687131062
848.0,0.0002471924337351355
849.0,0.00023396035219232832
850.0,0.00022609647503703763
851.0,0.00023307217787067085
852.0,0.0002302263160635566
853.0,0.00022567618651465698
854.0,0.00021179320822486817
855.0,0.00019809379618701342
856.0,0.00019149259503555685
857.0,0.00018866400569743182
858.0,0.00019716710643392948
859.0,0.0002060733703347954
860.0,0.00020631116305352588
861.0,0.00020271263409190964
862.0,0.00017676314337446971
863.0,0.00018621741803227315
864.0,0.0001998008813241312
865.0,0.0001796046507256405
866.0,0.00016666715529550297
867.0,0.000167998059566667
868.0,0.0001656257130840032
869.0,0.0001613289056538999
870.0,0.00016288084465687137
871.0,0.0001481180808901057
872.0,0.00012510070149266266
873.0,0.00013533163298173052
874.0,0.00014324333177370533
875.0,0.00013261114647600806
876.0,0.00011843641881453962
877.0,0.00011288725142135931
878.0,0.00010579252956133282
879.0,0.00011574930391536306
880.0,0.000128998244889235
881.0,0.00012391218110545285
882.0,0.00012121190759080948
883.0,0.00011838665492663208
884.0,0.00010077770519762732
885.0,9.394112234559748e-05
886.0,0.00011592639234657142
887.0,9.933362098524983e-05
888.0,6.664783244413978e-05
889.0,7.316484312829076e-05
890.0,8.223553327241191e-05
891.0,8.806991940475208e-05
892.0,8.44310907607149e-05
893.0,7.780490015068197e-05
894.0,5.992623690632148e-05
895.0,8.202337316563522e-05
896.0,7.988269269623505e-05
897.0,6.667704368368074e-05
898.0,6.120650742325711e-05
899.0,7.272985546545532e-05
