/begin_header
/west_longitude=UNKNOWN
/south_latitude=NA
/north_latitude=UNKNOWN
/calibration_files=NA
/cruise=NA
/station=NA
/documents=NA
/data_type=NA
/affiliations=NOAA
/experiment=NA
/units=nm,dl
/start_date=2019-08-16
/end_date=NA
/missing=9999
/start_time=10:41:18
/data_file_name=NA
/cloud_percent=NA
/water_depth=NA
/data_status=NA
/east_longitude=NA
/wind_speed=NA
/secchi=NA
/measurement_depth=NA
/fields=wavelength,rrs
/delimiter=comma
/contact=NA
/end_time=NA
/wave_height=NA
/investigators=NA
/end_header@
325.0,0.008310818365015281
326.0,0.00833471642508574
327.0,0.008223693345092261
328.0,0.00802880877833794
329.0,0.00807576443466767
330.0,0.008128505762394914
331.0,0.008093187003126046
332.0,0.008019562593572487
333.0,0.007944047424386123
334.0,0.007977757779140003
335.0,0.007923531003703046
336.0,0.007830172995886654
337.0,0.007838473472550685
338.0,0.007867486108824909
339.0,0.007869041625070475
340.0,0.007838980191262949
341.0,0.007826618420754937
342.0,0.007828182507864401
343.0,0.007836968052143452
344.0,0.007846190359719304
345.0,0.00784362134732695
346.0,0.007857580538471591
347.0,0.007885698365023145
348.0,0.007910422212231922
349.0,0.007928799657097156
350.0,0.007949829544485195
351.0,0.007977127181233003
352.0,0.008016136777276712
353.0,0.008052300013067342
354.0,0.008078907906010324
355.0,0.008088710219378955
356.0,0.008082374084607363
357.0,0.008080055035187796
358.0,0.008112725490209685
359.0,0.008105329528307123
360.0,0.008078290724364562
361.0,0.00807119191966197
362.0,0.008081182136083593
363.0,0.008089721774977961
364.0,0.008066266380617465
365.0,0.008043973663696073
366.0,0.00803572890342471
367.0,0.00802088224998698
368.0,0.008003868296784724
369.0,0.00799955026393165
370.0,0.007974505737446343
371.0,0.007931056707242793
372.0,0.007920220115207047
373.0,0.007910145113019306
374.0,0.007880593122811228
375.0,0.007855633192244466
376.0,0.007831312197248176
377.0,0.007806930933055239
378.0,0.007767958322231686
379.0,0.007726870237387368
380.0,0.007727069238644334
381.0,0.007737758912602708
382.0,0.007730575817940466
383.0,0.007707156563425346
384.0,0.00769525692543595
385.0,0.007695836490772883
386.0,0.007681711163188096
387.0,0.007660014881870986
388.0,0.0076641758466557686
389.0,0.00766838098684935
390.0,0.007659512027341883
391.0,0.007650779425338268
392.0,0.007644099446870922
393.0,0.0076235041917651234
394.0,0.007602198040199766
395.0,0.00757610375844246
396.0,0.007556061740218706
397.0,0.007529514204360948
398.0,0.007495859510739558
399.0,0.007463848639897015
400.0,0.007430410972137061
401.0,0.007398126214113639
402.0,0.007358828728175566
403.0,0.00731736978211267
404.0,0.007287571703031968
405.0,0.0072593126453178915
406.0,0.007227934012058972
407.0,0.0071858255101329965
408.0,0.007138525539101682
409.0,0.007099721667416218
410.0,0.007055914172269059
411.0,0.007010935814497282
412.0,0.006990079041775269
413.0,0.006967120215932604
414.0,0.006932375552060531
415.0,0.006911881954175722
416.0,0.00690346999366096
417.0,0.006892271674811876
418.0,0.006880980777714513
419.0,0.006872594176258977
420.0,0.0068732235980037745
421.0,0.006873944884223146
422.0,0.006875102677743525
423.0,0.006878490797991724
424.0,0.00687936486873819
425.0,0.006877150490227688
426.0,0.006879340996011842
427.0,0.006881794630472293
428.0,0.006873326965488083
429.0,0.006865345297399188
430.0,0.006859980847715774
431.0,0.006848331098455375
432.0,0.006828660577720964
433.0,0.0068113971344184645
434.0,0.006795706668810629
435.0,0.006786594026497386
436.0,0.006789143944765841
437.0,0.006797371159845032
438.0,0.006814659705637799
439.0,0.00684351845074503
440.0,0.006880411274340829
441.0,0.006928552031728437
442.0,0.006987845862914149
443.0,0.007060712593469484
444.0,0.007153113455548176
445.0,0.0072586793355171614
446.0,0.007376855126810989
447.0,0.007505676651829151
448.0,0.007640212332092128
449.0,0.007780361630574853
450.0,0.007923146033387967
451.0,0.008069115954243611
452.0,0.008215357367516374
453.0,0.008359245341250482
454.0,0.008504671867238498
455.0,0.008640880954423249
456.0,0.008763054556738864
457.0,0.00886827866493653
458.0,0.008967008059667454
459.0,0.00906424318742192
460.0,0.009153292787243004
461.0,0.00923523584889196
462.0,0.009310573752647096
463.0,0.009389655853482703
464.0,0.009475616504763033
465.0,0.009561480718645135
466.0,0.00964716924802246
467.0,0.009730190750536329
468.0,0.009824963180550891
469.0,0.009922831039554797
470.0,0.010010785310320545
471.0,0.010100542725107601
472.0,0.010194886485694023
473.0,0.010289858238649717
474.0,0.01038106956392056
475.0,0.01046757182012682
476.0,0.01055141853965981
477.0,0.010631813355024406
478.0,0.010704659213195192
479.0,0.010774536110776087
480.0,0.010840183471033979
481.0,0.0109018090469889
482.0,0.010959168643265165
483.0,0.011014213506966877
484.0,0.011077072369382013
485.0,0.011141543076950552
486.0,0.011189607037931041
487.0,0.011240654767664233
488.0,0.011294884785360117
489.0,0.011342307600506247
490.0,0.01139480424027983
491.0,0.011465232396756592
492.0,0.011545723959838957
493.0,0.011634490170501896
494.0,0.011732461244081735
495.0,0.01184487217532745
496.0,0.011969818002434721
497.0,0.012112803587323242
498.0,0.012272909300008263
499.0,0.012447502616266624
500.0,0.0126402659816263
501.0,0.0128492855538754
502.0,0.01306927675450768
503.0,0.013303084565034864
504.0,0.013550199854705795
505.0,0.013805476776914839
506.0,0.014071434166103184
507.0,0.014347807555978951
508.0,0.014636321314584946
509.0,0.01493955651536134
510.0,0.015248293782440466
511.0,0.015564696866535058
512.0,0.01589132598328634
513.0,0.016235496807423033
514.0,0.01660384864422728
515.0,0.016993867519068118
516.0,0.017405033151416296
517.0,0.017835599174149626
518.0,0.01828098891536389
519.0,0.018722243805026018
520.0,0.019146529237874178
521.0,0.019577988026272954
522.0,0.020022835107506274
523.0,0.020471848295219468
524.0,0.020928872584749954
525.0,0.021395710615183593
526.0,0.021879284934822933
527.0,0.022373413064262677
528.0,0.022857575631864253
529.0,0.02332676409245671
530.0,0.023786640557667715
531.0,0.024249359469551608
532.0,0.024717483389088364
533.0,0.02518495374604405
534.0,0.025639993074704954
535.0,0.026075790809817617
536.0,0.026499827717255085
537.0,0.026910145963004117
538.0,0.027305216317797774
539.0,0.0276824447181363
540.0,0.028042096882847867
541.0,0.028382184563742696
542.0,0.028691462707194925
543.0,0.028966912075771595
544.0,0.029213295838301078
545.0,0.029430172823491352
546.0,0.029618417679406307
547.0,0.029768384732715862
548.0,0.029887690756684304
549.0,0.02998467344826559
550.0,0.03006185552123407
551.0,0.030122179593015896
552.0,0.030161650319745124
553.0,0.030183002378379693
554.0,0.030188245353441178
555.0,0.03016630914645637
556.0,0.030115691132421102
557.0,0.030041805704079782
558.0,0.029941317716477695
559.0,0.02981537673946356
560.0,0.02966282569873142
561.0,0.029488627833102955
562.0,0.02929447262077247
563.0,0.029077844825680967
564.0,0.028835390429583708
565.0,0.028568913039653716
566.0,0.028275392141845813
567.0,0.027953607013389482
568.0,0.027608162382330086
569.0,0.02723758398158923
570.0,0.026847628245774018
571.0,0.026440582841623327
572.0,0.026022920909310403
573.0,0.02559573825112821
574.0,0.02516091547329588
575.0,0.024720281973058957
576.0,0.024268000014710262
577.0,0.02380672217302234
578.0,0.023338204993326363
579.0,0.022859231539278574
580.0,0.022372880419480275
581.0,0.021890574541964837
582.0,0.021412845184146802
583.0,0.02092750750415489
584.0,0.02044660782002633
585.0,0.019978049021627513
586.0,0.01952161973376391
587.0,0.01907156860063123
588.0,0.018618282000838777
589.0,0.018154749569129984
590.0,0.01769410396591248
591.0,0.017253395495567585
592.0,0.016827597284130975
593.0,0.016395537520238666
594.0,0.015944546535638225
595.0,0.015472447374568297
596.0,0.014985086155778343
597.0,0.01447833645355461
598.0,0.013960921465651411
599.0,0.013471058595011803
600.0,0.013019459803819317
601.0,0.012619611003740233
602.0,0.012286215683030738
603.0,0.012018424557002994
604.0,0.011802538356147325
605.0,0.011617666547572167
606.0,0.011447804655147822
607.0,0.011296221425974907
608.0,0.011156295709676535
609.0,0.01101998876598766
610.0,0.010886112536922347
611.0,0.010754312309194613
612.0,0.010625626022539275
613.0,0.010504304466928887
614.0,0.010389897301997419
615.0,0.010276390529272695
616.0,0.010168150800228959
617.0,0.01006998275328774
618.0,0.00998174749718113
619.0,0.009905269887290133
620.0,0.009840585435180679
621.0,0.00978794774515926
622.0,0.00974174032824677
623.0,0.009701436489979617
624.0,0.009668273859832219
625.0,0.009641698338750008
626.0,0.00962332801486899
627.0,0.009616219413450458
628.0,0.009607962395919283
629.0,0.009608268427713564
630.0,0.009628419667562456
631.0,0.009657427490235803
632.0,0.00969107961263472
633.0,0.009731035870321028
634.0,0.009773111095846682
635.0,0.009819037328954722
636.0,0.00987825660248022
637.0,0.009941699903287617
638.0,0.009998897359759073
639.0,0.0100544629664976
640.0,0.010109855478377274
641.0,0.01016476845093825
642.0,0.010212933474244184
643.0,0.010248205582826003
644.0,0.01027496075457492
645.0,0.010294908072809446
646.0,0.010311722982172564
647.0,0.010320115118235742
648.0,0.01031193607852103
649.0,0.010287400730244
650.0,0.010242396745928178
651.0,0.01017579075429309
652.0,0.010091032167493994
653.0,0.009989551971346758
654.0,0.009877862032030987
655.0,0.009720110191644437
656.0,0.009491414262290816
657.0,0.009201455924877954
658.0,0.008897340377509815
659.0,0.00861105369888731
660.0,0.008331281646685649
661.0,0.008057478529373973
662.0,0.007784078245464706
663.0,0.0075169928379260524
664.0,0.007259345654316683
665.0,0.007017422333296552
666.0,0.0067988867133666015
667.0,0.006603355325797158
668.0,0.006434296376360218
669.0,0.0062953807567033716
670.0,0.006185489310201913
671.0,0.0061009858897074715
672.0,0.0060399974454275595
673.0,0.005994720588382381
674.0,0.005963367707548945
675.0,0.005957916517973944
676.0,0.0059669154754777
677.0,0.005989020118632644
678.0,0.006030444833536471
679.0,0.00609560643961416
680.0,0.006194485311723921
681.0,0.006321940459775625
682.0,0.00647433974397345
683.0,0.006661114427148338
684.0,0.006890947076075871
685.0,0.007196425470441576
686.0,0.007567457973371787
687.0,0.007972415548794574
688.0,0.008295290502093867
689.0,0.008594567362121854
690.0,0.00893661293873943
691.0,0.009299120942129521
692.0,0.009683857412058924
693.0,0.010081185742668293
694.0,0.010461946865717027
695.0,0.010793471157838345
696.0,0.011074474120459697
697.0,0.0113117617646576
698.0,0.011514890394063951
699.0,0.011665946932787337
700.0,0.011759785389750178
701.0,0.011794170725219055
702.0,0.011773632420869783
703.0,0.01171154496846106
704.0,0.011619560291881869
705.0,0.01149510745948483
706.0,0.01133715738245107
707.0,0.0111503268648014
708.0,0.010937734786875663
709.0,0.010703552519243275
710.0,0.010444980806515921
711.0,0.01016543719012184
712.0,0.009868895545227973
713.0,0.009561008019615128
714.0,0.009249340354696215
715.0,0.008958376230189451
716.0,0.008678762186001446
717.0,0.00839271259121817
718.0,0.008071386212973439
719.0,0.007713645863892016
720.0,0.007373588730833004
721.0,0.0070841193523182465
722.0,0.0068348012375539086
723.0,0.006578837022589055
724.0,0.00630749625694019
725.0,0.006027226091214811
726.0,0.0057443602796543565
727.0,0.005452093651334217
728.0,0.005146670114694366
729.0,0.004834095431152312
730.0,0.004527057554810161
731.0,0.004241447268944637
732.0,0.003989552562916568
733.0,0.0037813300515804294
734.0,0.003606301508458454
735.0,0.0034634873727637646
736.0,0.003351577402253882
737.0,0.0032654138491903647
738.0,0.0031899819173437593
739.0,0.003136070431882301
740.0,0.0031078142001988657
741.0,0.0030806868768850416
742.0,0.003054129623464445
743.0,0.0030378209372671516
744.0,0.003025071441085455
745.0,0.0030162614317328206
746.0,0.0030011394804602396
747.0,0.002983005179791208
748.0,0.0029774853258680285
749.0,0.0029736133709286116
750.0,0.002966440575104841
751.0,0.0029520784996895978
752.0,0.0029379001742034254
753.0,0.002929123355180017
754.0,0.0029198492982443957
755.0,0.002913389885881528
756.0,0.002908281073328346
757.0,0.0029159896007114844
758.0,0.002939734603770735
759.0,0.002970958248134652
760.0,0.002998109200282581
761.0,0.0029819594970148045
762.0,0.0029514576042286474
763.0,0.0029254640183716514
764.0,0.002898675073489714
765.0,0.002880365251374914
766.0,0.002871289055804626
767.0,0.0028661333746818896
768.0,0.00286956522955797
769.0,0.002875004277650515
770.0,0.0028802504019541184
771.0,0.0028875518994852653
772.0,0.002904123620902491
773.0,0.0029171046257015104
774.0,0.002924779057979102
775.0,0.002937657253285374
776.0,0.0029553228673166714
777.0,0.002971912244103416
778.0,0.0029896393122034546
779.0,0.00300977420950017
780.0,0.003035974495082359
781.0,0.003055288674245811
782.0,0.0030707434183799504
783.0,0.0030974070745866805
784.0,0.0031276072044419726
785.0,0.0031597505133931295
786.0,0.0031893561432813273
787.0,0.003217873576026338
788.0,0.0032477774784975847
789.0,0.003278502558258847
790.0,0.003306755955373314
791.0,0.003338368182838942
792.0,0.003370005068087702
793.0,0.003398975522846866
794.0,0.003431992978206161
795.0,0.003468953491085916
796.0,0.003496463960670946
797.0,0.003523921739824811
798.0,0.0035564160275586925
799.0,0.0035816860827883497
800.0,0.0036043778219684132
801.0,0.003634556248600194
802.0,0.003654482115850336
803.0,0.0036620985343682163
804.0,0.0036766931233379466
805.0,0.003689687343806361
806.0,0.003691123138676633
807.0,0.003684979667175741
808.0,0.0036792134018130986
809.0,0.003665497153631763
810.0,0.0036448709294349805
811.0,0.0036169521216730693
812.0,0.003583646977474566
813.0,0.0035398926397024522
814.0,0.0034927131247203596
815.0,0.003443605840984884
816.0,0.0033936884239379405
817.0,0.003349818691766794
818.0,0.0033003247607805266
819.0,0.00323870401283073
820.0,0.003146818726195935
821.0,0.003042931392360972
822.0,0.002952388153829947
823.0,0.002846330467942718
824.0,0.00272716413041675
825.0,0.002615467343515433
826.0,0.0024929980141483307
827.0,0.002359629150923823
828.0,0.002239836064779954
829.0,0.0021213398221608527
830.0,0.0019949040552613533
831.0,0.0018893282610011302
832.0,0.001805418555233361
833.0,0.0017378009254170762
834.0,0.0016793348236986635
835.0,0.0016225786864133458
836.0,0.0015784623752882279
837.0,0.0015485635049538086
838.0,0.0015273924294254043
839.0,0.0015080196558999097
840.0,0.0014859332747883078
841.0,0.0014632155472166393
842.0,0.001436107695817522
843.0,0.00141122886556483
844.0,0.0014099124605453032
845.0,0.0014073516020440585
846.0,0.0013807513108920581
847.0,0.0013480857565979912
848.0,0.0013245396695541433
849.0,0.0013020923789507884
850.0,0.0012909691215473678
851.0,0.0012945817929954882
852.0,0.0012782520445760504
853.0,0.0012430173973915545
854.0,0.0012133135654261737
855.0,0.001206676790726871
856.0,0.0012078864969346076
857.0,0.00119282219004734
858.0,0.0011635473256973426
859.0,0.0011376082617679932
860.0,0.0011681324238646822
861.0,0.0011732396375501077
862.0,0.0011190723842772275
863.0,0.0010989266797966162
864.0,0.0011051767755788377
865.0,0.001075923683340126
866.0,0.001047430482065106
867.0,0.0010305237164418605
868.0,0.0010248193830484534
869.0,0.00101674720376232
870.0,0.0009940654755127344
871.0,0.0009682662731279077
872.0,0.0009422942480763108
873.0,0.0009312593011208377
874.0,0.0009154429252016492
875.0,0.0008957446374260414
876.0,0.0008986649704605849
877.0,0.0008867820042265138
878.0,0.0008526589230901917
879.0,0.000820574700323682
880.0,0.0007958768421260003
881.0,0.0007980056528650609
882.0,0.0007870214943327649
883.0,0.0007569028306389774
884.0,0.000730752032151203
885.0,0.0007314868249424185
886.0,0.0007395936614397089
887.0,0.0006995788446935957
888.0,0.0006604344053842508
889.0,0.0006359188920406322
890.0,0.0006175836161061344
891.0,0.0006088184139903502
892.0,0.0006127930374432227
893.0,0.0005923995477756745
894.0,0.0005573821032591488
895.0,0.0005559414216400112
896.0,0.0005649099508631655
897.0,0.0005479683820205485
898.0,0.0005078352784043969
899.0,0.00047320321316820954
