/begin_header
/west_longitude=UNKNOWN
/south_latitude=NA
/north_latitude=UNKNOWN
/calibration_files=NA
/cruise=NA
/station=NA
/documents=NA
/data_type=NA
/affiliations=NOAA
/experiment=NA
/units=nm,dl
/start_date=2019-08-15
/end_date=NA
/missing=9999
/start_time=12:36:13
/data_file_name=NA
/cloud_percent=NA
/water_depth=NA
/data_status=NA
/east_longitude=NA
/wind_speed=NA
/secchi=NA
/measurement_depth=NA
/fields=wavelength,rrs
/delimiter=comma
/contact=NA
/end_time=NA
/wave_height=NA
/investigators=NA
/end_header@
325.0,0.01353594634958675
326.0,0.013604514799018672
327.0,0.013592640681487314
328.0,0.01345647121271441
329.0,0.01339058954938159
330.0,0.01329184154893934
331.0,0.013179057928275029
332.0,0.01315263828049652
333.0,0.013140398906306963
334.0,0.0130625743408456
335.0,0.012995348233082769
336.0,0.012930168250294156
337.0,0.012837473434554724
338.0,0.012748291691688517
339.0,0.012686742691787272
340.0,0.012636633269986378
341.0,0.012597349530954446
342.0,0.012518824566892761
343.0,0.012434917008823045
344.0,0.012360189190738648
345.0,0.012274921895872638
346.0,0.012190568286963289
347.0,0.01210807274869813
348.0,0.012052570388573929
349.0,0.01199121555484019
350.0,0.011906922921487779
351.0,0.011838537811908911
352.0,0.0117708289642378
353.0,0.01172630993119526
354.0,0.011672884128512775
355.0,0.01161237197210328
356.0,0.011573912450568265
357.0,0.01153042990325154
358.0,0.011489224057353696
359.0,0.011410524718721466
360.0,0.011322600733465069
361.0,0.011279733133679203
362.0,0.011244562283004075
363.0,0.011192253107238237
364.0,0.011119077349358877
365.0,0.011067995338772769
366.0,0.011039785698983727
367.0,0.010996464423563241
368.0,0.010945735889817168
369.0,0.010894301565032287
370.0,0.010850529005664453
371.0,0.010813779088469854
372.0,0.010783611588834112
373.0,0.010747385007238186
374.0,0.010697809730538093
375.0,0.010651172668563663
376.0,0.010607222916072042
377.0,0.01055162496261285
378.0,0.010505658040936224
379.0,0.010474299514384987
380.0,0.010463902513924029
381.0,0.010437671408262378
382.0,0.010383308874151283
383.0,0.01035412632387576
384.0,0.01033278187680801
385.0,0.010289769348139865
386.0,0.01024219957377922
387.0,0.010198222112003653
388.0,0.010164479749481158
389.0,0.010140810058199532
390.0,0.010125939332463783
391.0,0.010115733460244528
392.0,0.01009880942887576
393.0,0.010075153734876042
394.0,0.010040152368277249
395.0,0.010000393025965917
396.0,0.009967478256791187
397.0,0.009924128343498357
398.0,0.00987272343722036
399.0,0.009837110156501589
400.0,0.009811278047618388
401.0,0.009775413657103585
402.0,0.009751338328874586
403.0,0.009738344902908692
404.0,0.00971386664557235
405.0,0.009684494604826727
406.0,0.009656588326199585
407.0,0.009642179121679311
408.0,0.009628818195622328
409.0,0.009603463333759743
410.0,0.009574026926910062
411.0,0.00954229976736224
412.0,0.009522237553421808
413.0,0.00950446394120399
414.0,0.009484566512185717
415.0,0.009468056848414012
416.0,0.00945562573748982
417.0,0.009443939169298362
418.0,0.009432615655071223
419.0,0.009422961496814474
420.0,0.009421549585308445
421.0,0.009418657499862277
422.0,0.009415469400400368
423.0,0.009408742101229679
424.0,0.00940149037540325
425.0,0.009402039541323952
426.0,0.009403759240963616
427.0,0.009403304167881614
428.0,0.009400996001419328
429.0,0.009399748756472046
430.0,0.009403071033639219
431.0,0.009399214098375727
432.0,0.009387261907701392
433.0,0.009378495278147677
434.0,0.009374740658285096
435.0,0.00937616281108109
436.0,0.00937528280042835
437.0,0.009379615617820022
438.0,0.009390745817573341
439.0,0.009404260764817023
440.0,0.009421317474230988
441.0,0.00944646072509405
442.0,0.009474762319608006
443.0,0.009503609893800764
444.0,0.009534135041916204
445.0,0.009570786676489801
446.0,0.009615270489408499
447.0,0.00966228557094918
448.0,0.009707471166079628
449.0,0.009747560538545096
450.0,0.009793671550342059
451.0,0.009847366291755191
452.0,0.009894089457532963
453.0,0.009939413717857948
454.0,0.009987768612752764
455.0,0.010030469675154852
456.0,0.010068982652426891
457.0,0.010109662887438439
458.0,0.01015096999257573
459.0,0.010190574879902482
460.0,0.010233056366792356
461.0,0.010276090557032432
462.0,0.010314257373304533
463.0,0.010351673422809494
464.0,0.010391984233259623
465.0,0.010441902216249698
466.0,0.010491660680827419
467.0,0.010536931026403119
468.0,0.010580885622801427
469.0,0.01062567538059585
470.0,0.010677449193920578
471.0,0.010726919166907264
472.0,0.010771071966374876
473.0,0.010810672578661038
474.0,0.010850099740569016
475.0,0.010886743174527928
476.0,0.01092962902833969
477.0,0.010972712595297428
478.0,0.01100650523577036
479.0,0.01104068685643941
480.0,0.011077714743244201
481.0,0.011118528149055474
482.0,0.011164028567324404
483.0,0.011208849001073506
484.0,0.011247833665987545
485.0,0.01128538373472272
486.0,0.011333398733322272
487.0,0.011378859100959256
488.0,0.011416227642667505
489.0,0.011452657410923633
490.0,0.01149098739824326
491.0,0.011541937393047394
492.0,0.01159092045116158
493.0,0.011638671822566813
494.0,0.01169810630362193
495.0,0.011758738182095059
496.0,0.011819958150970662
497.0,0.011890156367944302
498.0,0.011968828161680987
499.0,0.012047614058280112
500.0,0.012124068797471108
501.0,0.012203395984694202
502.0,0.01229024998754663
503.0,0.012378143626060772
504.0,0.012458586405281424
505.0,0.012538245314506183
506.0,0.012616257516060155
507.0,0.012689033878483672
508.0,0.012756969892108037
509.0,0.012820206833249978
510.0,0.012877396513108954
511.0,0.012936802822487409
512.0,0.01300314621697784
513.0,0.013080287253173211
514.0,0.013169223873580743
515.0,0.013272889321866706
516.0,0.013387753380820053
517.0,0.01350922076428995
518.0,0.013627830884657674
519.0,0.013745818878998811
520.0,0.013860149628515834
521.0,0.013975451708446001
522.0,0.0140935267986604
523.0,0.01421135439080535
524.0,0.014334013839616511
525.0,0.01446377499436099
526.0,0.014591761899349891
527.0,0.014717063842626147
528.0,0.014838275263278734
529.0,0.01495284057438429
530.0,0.015063891413826622
531.0,0.01517659444350393
532.0,0.015291404333668318
533.0,0.015405707902236093
534.0,0.015514447419591659
535.0,0.015616878535335926
536.0,0.015720439190641873
537.0,0.01582356690116744
538.0,0.01592543694585306
539.0,0.016019649882585467
540.0,0.01610520069029549
541.0,0.016183564229658276
542.0,0.016254177859171128
543.0,0.016316484994063345
544.0,0.01637183026418115
545.0,0.016418591832620923
546.0,0.016454289479990898
547.0,0.016482705323923433
548.0,0.016507517268608683
549.0,0.01652736167389644
550.0,0.01654976003420256
551.0,0.016579756837983437
552.0,0.016615205261656114
553.0,0.0166539489056159
554.0,0.01669710955433726
555.0,0.016738465730135023
556.0,0.01677795377297878
557.0,0.016818786088535004
558.0,0.016850207122563
559.0,0.01686934674368402
560.0,0.01688583906591623
561.0,0.016896143825581047
562.0,0.016894710087943368
563.0,0.0168845731782755
564.0,0.016867047134194266
565.0,0.016843071643973497
566.0,0.016811014614601116
567.0,0.01676760232710047
568.0,0.016717789995324212
569.0,0.016659668177440086
570.0,0.016586749219048937
571.0,0.016500900159779175
572.0,0.016403404750699537
573.0,0.016295137521480374
574.0,0.016172448101123713
575.0,0.016028755765441157
576.0,0.015865831683345717
577.0,0.01568677103780553
578.0,0.01548933406105551
579.0,0.015269673114924567
580.0,0.015024015255028163
581.0,0.01476024203719777
582.0,0.01448497869045185
583.0,0.01419427046829876
584.0,0.01389665519194234
585.0,0.01359487211365758
586.0,0.013284357140972087
587.0,0.012972635146149616
588.0,0.0126589257559231
589.0,0.012330474970695681
590.0,0.011994608365308664
591.0,0.01166548035174484
592.0,0.011334645231410504
593.0,0.010990188075869167
594.0,0.010629730176937125
595.0,0.010248973298477387
596.0,0.009846479759811634
597.0,0.009424314742083184
598.0,0.008997575126372974
599.0,0.008606700185642845
600.0,0.008261569504106232
601.0,0.007974781697304182
602.0,0.00774574511825514
603.0,0.007572887519327741
604.0,0.007452587404322994
605.0,0.007364476070008589
606.0,0.0072946716699650626
607.0,0.007237004974938207
608.0,0.007188727941553045
609.0,0.0071492050792708785
610.0,0.007103094666621387
611.0,0.007052618016171887
612.0,0.0070064245412644055
613.0,0.006959551717721071
614.0,0.006911207794891322
615.0,0.00686415479476622
616.0,0.006815970563916428
617.0,0.00676931374341091
618.0,0.00672510502629767
619.0,0.00668037999864114
620.0,0.0066300345774441575
621.0,0.006583005400960576
622.0,0.006543289931344301
623.0,0.0065013362479999365
624.0,0.006457550164522474
625.0,0.006418514527855077
626.0,0.006376818294877448
627.0,0.0063279425066499195
628.0,0.006287077372387891
629.0,0.006253337435572014
630.0,0.006220713250654637
631.0,0.006187908660065839
632.0,0.006155311776125298
633.0,0.006126230310627015
634.0,0.0060942955475591296
635.0,0.006059634158843301
636.0,0.006032346343684118
637.0,0.006009476431516794
638.0,0.005981099144037874
639.0,0.0059465822140452726
640.0,0.005906788687004895
641.0,0.0058679964331363
642.0,0.005833602211580431
643.0,0.005800915841889994
644.0,0.005762084852508366
645.0,0.005715644108787078
646.0,0.005662854031599378
647.0,0.005613189120043996
648.0,0.005568207212927797
649.0,0.0055188321909091075
650.0,0.005459153934143984
651.0,0.005388256044033265
652.0,0.005307992361028099
653.0,0.005221072284987481
654.0,0.00513883451255512
655.0,0.005038119635950895
656.0,0.004910656784487906
657.0,0.004786542526667029
658.0,0.004680588858465553
659.0,0.004589948293312029
660.0,0.0045132391014851055
661.0,0.0044484297791318956
662.0,0.004384481703463168
663.0,0.004326189478011756
664.0,0.004276398212488368
665.0,0.004236140929185829
666.0,0.0042009068504055055
667.0,0.004163359395051305
668.0,0.0041287918504134035
669.0,0.004102806372872036
670.0,0.004074752595110691
671.0,0.004047556351011547
672.0,0.004023985048404273
673.0,0.004000080313489779
674.0,0.003978388356121902
675.0,0.003963162244806565
676.0,0.0039464382992198625
677.0,0.003926068031783832
678.0,0.003908546912340717
679.0,0.003894082686974414
680.0,0.00388295858898787
681.0,0.0038726734450579467
682.0,0.003865446889094211
683.0,0.0038526035573456644
684.0,0.0038410260628600015
685.0,0.0038341214762013373
686.0,0.003823298333774424
687.0,0.0038007115094528645
688.0,0.0037610465600357136
689.0,0.0037170891614516617
690.0,0.0036740493905737643
691.0,0.0036279565338166813
692.0,0.003575709429740251
693.0,0.0035123997796945258
694.0,0.0034445844706001245
695.0,0.0033790967719932426
696.0,0.0033181938556599206
697.0,0.003253047770625386
698.0,0.0031755468978013498
699.0,0.0030902343275289916
700.0,0.003006530512797637
701.0,0.002937479597260855
702.0,0.0028668143442726435
703.0,0.0027912367340453847
704.0,0.0027150715414977237
705.0,0.002637580691545514
706.0,0.002556686477109911
707.0,0.0024791362866141285
708.0,0.002401525203140205
709.0,0.002310228120452884
710.0,0.002224965353247386
711.0,0.0021491456643711517
712.0,0.0020650352510653423
713.0,0.001979408391896783
714.0,0.00189628371415684
715.0,0.0018106742507017655
716.0,0.0017206924738510702
717.0,0.0016337932785487458
718.0,0.0015541794122032931
719.0,0.001483326626591459
720.0,0.0014248964754195713
721.0,0.0013750137460381887
722.0,0.001320079408640679
723.0,0.0012644648685059452
724.0,0.0012063616048045022
725.0,0.001147215055814202
726.0,0.0010931966066712571
727.0,0.0010438019468126441
728.0,0.0009935530183856844
729.0,0.0009415076952330922
730.0,0.0008905348032245788
731.0,0.0008462869865312417
732.0,0.0008073858830801072
733.0,0.0007778821468211337
734.0,0.0007520692611883415
735.0,0.0007218265084280339
736.0,0.0007020483920964927
737.0,0.0006926150647471457
738.0,0.0006829315233244437
739.0,0.0006738846975364747
740.0,0.0006615046915628174
741.0,0.0006514746758315301
742.0,0.0006456572173516002
743.0,0.0006436634454399872
744.0,0.0006382249715783205
745.0,0.0006287550943441065
746.0,0.0006242532901983846
747.0,0.0006218841234710353
748.0,0.0006175952613652592
749.0,0.0006148803766723173
750.0,0.0006139546279693728
751.0,0.0006125721958910384
752.0,0.0006064138175223162
753.0,0.0006015278100644732
754.0,0.0005953484954787011
755.0,0.0005921444597191955
756.0,0.0005875879091863646
757.0,0.0005775400046549424
758.0,0.0005626289279997177
759.0,0.0005405431776285703
760.0,0.0005034029923256569
761.0,0.0004723540312745062
762.0,0.0004709439532841131
763.0,0.00047932754959154663
764.0,0.0004903967304720352
765.0,0.0005067890865635609
766.0,0.0005232955066772091
767.0,0.0005309040737364124
768.0,0.0005337043096952518
769.0,0.0005416447644188751
770.0,0.0005438766987004865
771.0,0.0005418616195623182
772.0,0.0005416355999522633
773.0,0.0005446147195260594
774.0,0.0005468952935421691
775.0,0.000537620831827201
776.0,0.0005309235368001566
777.0,0.0005341488451696336
778.0,0.0005408999541802461
779.0,0.0005449022674572615
780.0,0.0005433826238818159
781.0,0.0005408427299891147
782.0,0.0005397425073232711
783.0,0.0005402487002862083
784.0,0.0005472701946262276
785.0,0.000548784906618892
786.0,0.0005511674608268046
787.0,0.0005527518955472262
788.0,0.0005447990774355892
789.0,0.0005385972274786212
790.0,0.0005407183662388361
791.0,0.0005504835028953918
792.0,0.0005587970502932596
793.0,0.0005596215670588446
794.0,0.0005586638578319194
795.0,0.0005595372249250292
796.0,0.0005666308438306003
797.0,0.0005736823539831518
798.0,0.0005810256259039293
799.0,0.0005825478671081973
800.0,0.0005818471957398281
801.0,0.0005828230665135968
802.0,0.000582512420782392
803.0,0.0005840216056678238
804.0,0.0005881293508172515
805.0,0.0005856415260471345
806.0,0.0005740063941307875
807.0,0.0005628168854360218
808.0,0.0005608451842097704
809.0,0.0005681599145714819
810.0,0.000560774834206318
811.0,0.0005388397652220111
812.0,0.000522289183163754
813.0,0.0005085962337838877
814.0,0.0005049139091267797
815.0,0.0004957828504348041
816.0,0.00048431175323293476
817.0,0.00046970060407137997
818.0,0.0004607886313367102
819.0,0.000459541363222328
820.0,0.0004481420849455775
821.0,0.0004305622878904215
822.0,0.00041788937478575897
823.0,0.0003985368270735406
824.0,0.00037089997293979617
825.0,0.00035434012297087694
826.0,0.00034277195968787714
827.0,0.00033036978542897496
828.0,0.0003196692688474577
829.0,0.00029632013012200587
830.0,0.00025950836246538684
831.0,0.00023618555296894229
832.0,0.0002265313135605607
833.0,0.0002207734841071955
834.0,0.0002186648174194343
835.0,0.00021568815618298854
836.0,0.00020606458810366667
837.0,0.00019951359396155308
838.0,0.000200419728548236
839.0,0.00020163161417346612
840.0,0.00019615102737976614
841.0,0.00018415718393290068
842.0,0.000177320962094879
843.0,0.00017661471407175383
844.0,0.00018250463370561316
845.0,0.0001798223392119752
846.0,0.00016515946790023004
847.0,0.00015673349279458895
848.0,0.00015604973096056864
849.0,0.000164993088993976
850.0,0.00016856643176234223
851.0,0.0001634368145478365
852.0,0.00014708466691651522
853.0,0.00013133851937302456
854.0,0.00012853237847502546
855.0,0.00013200032809380056
856.0,0.00014019341717364824
857.0,0.000120182925334422
858.0,0.00011256442623921751
859.0,0.00012185953143195754
860.0,0.00011785664870516274
861.0,0.00010320775523657822
862.0,9.226142143447086e-05
863.0,8.810414511164858e-05
864.0,8.43821509624926e-05
865.0,0.00010292568274124395
866.0,0.00010593133077597588
867.0,8.40535216209055e-05
868.0,5.840574609838229e-05
869.0,5.395471168701953e-05
870.0,6.861213163185033e-05
871.0,7.488516120059499e-05
872.0,6.21160077820802e-05
873.0,5.346127395414414e-05
874.0,6.960171768723505e-05
875.0,7.86233045677404e-05
876.0,6.949627707882202e-05
877.0,5.881190322446837e-05
878.0,6.512520982138365e-05
879.0,5.870053942077716e-05
880.0,4.723369674261615e-05
881.0,6.100251001572724e-05
882.0,5.313120278220252e-05
883.0,5.6740653960407584e-05
884.0,5.618203278987142e-05
885.0,5.733987911504874e-05
886.0,6.782553308202038e-05
887.0,6.81870093356558e-05
888.0,9.584500236486995e-05
889.0,6.085578944838051e-05
890.0,6.128206249649928e-05
891.0,7.665491204812144e-05
892.0,7.552164322719851e-05
893.0,8.161392810712771e-05
894.0,0.00010000000000000002
895.0,9.201118105602588e-05
896.0,8.8777351745039e-05
897.0,7.966090232192191e-05
898.0,8.37764604057141e-05
899.0,0.00010000000000000002
