/begin_header
/west_longitude=UNKNOWN
/south_latitude=NA
/north_latitude=UNKNOWN
/calibration_files=NA
/cruise=NA
/station=NA
/documents=NA
/data_type=NA
/affiliations=NOAA
/experiment=NA
/units=nm,dl
/start_date=2019-08-16
/end_date=NA
/missing=9999
/start_time=10:03:17
/data_file_name=NA
/cloud_percent=NA
/water_depth=NA
/data_status=NA
/east_longitude=NA
/wind_speed=NA
/secchi=NA
/measurement_depth=NA
/fields=wavelength,rrs
/delimiter=comma
/contact=NA
/end_time=NA
/wave_height=NA
/investigators=NA
/end_header@
325.0,0.008776693196301266
326.0,0.008698251005818338
327.0,0.008619303397768242
328.0,0.00848132574196158
329.0,0.008400423287792412
330.0,0.008347226166772307
331.0,0.008302262634723296
332.0,0.008218246412016735
333.0,0.0081201544491241
334.0,0.008095372475518428
335.0,0.008110326526446745
336.0,0.008138008026210968
337.0,0.008105639906240431
338.0,0.008021920436609497
339.0,0.007962990545739599
340.0,0.007955471296138984
341.0,0.00797673573298346
342.0,0.007958457227817357
343.0,0.007933472417843623
344.0,0.007922028533167763
345.0,0.00791753741483839
346.0,0.007948077905458114
347.0,0.008028556090098572
348.0,0.007958615834058418
349.0,0.007910801052596974
350.0,0.007985612457183327
351.0,0.008018037713310739
352.0,0.008015010239061097
353.0,0.008011238215184008
354.0,0.008017552759590181
355.0,0.008036081166814476
356.0,0.008049390832780586
357.0,0.008063737100102799
358.0,0.008080720613171409
359.0,0.008073198930213282
360.0,0.00805148183410677
361.0,0.008015487980381483
362.0,0.008018152075644965
363.0,0.0080419302920135
364.0,0.00797838395269301
365.0,0.007922096781766166
366.0,0.0079310348917959
367.0,0.007926862672338646
368.0,0.00790772145876968
369.0,0.007908256159311332
370.0,0.007895925542632297
371.0,0.007862141638867231
372.0,0.007832836993729933
373.0,0.00780220548162396
374.0,0.00775397488967808
375.0,0.007727512261395402
376.0,0.007723996268491448
377.0,0.007686870769422424
378.0,0.0076649172627575425
379.0,0.007665549573524284
380.0,0.0076699400825164295
381.0,0.0076549615422575445
382.0,0.007627200551250986
383.0,0.007626079200553781
384.0,0.007629268718763449
385.0,0.007611873813599198
386.0,0.007588712377768603
387.0,0.007565625250987628
388.0,0.007550974032961295
389.0,0.007543466442322103
390.0,0.007539228796053258
391.0,0.007522761034772479
392.0,0.007509331212593532
393.0,0.00750005962506242
394.0,0.007479808158793623
395.0,0.007452245569823307
396.0,0.0074239869379893
397.0,0.007390245423945245
398.0,0.0073564242413299615
399.0,0.007319451940583585
400.0,0.0072856275275798785
401.0,0.0072525302460226355
402.0,0.007219947516388629
403.0,0.007190212870906665
404.0,0.007155336634973962
405.0,0.00712563707867179
406.0,0.007104404329278407
407.0,0.007068215426713001
408.0,0.007025459031538285
409.0,0.0069830736987566856
410.0,0.006945202979033826
411.0,0.006914557791858587
412.0,0.006880070791331598
413.0,0.006851826717595153
414.0,0.006829343957742005
415.0,0.006809351774716888
416.0,0.006798256412632768
417.0,0.006796182799861998
418.0,0.006785129245031428
419.0,0.006769758056884896
420.0,0.006782246478834221
421.0,0.006791190113811763
422.0,0.00677712784459235
423.0,0.006772622707746004
424.0,0.0067829196532990495
425.0,0.006794301431022258
426.0,0.006805628536394584
427.0,0.0068161723661321755
428.0,0.006810214068086941
429.0,0.006803908369289223
430.0,0.006800194870678067
431.0,0.006791338262331273
432.0,0.006779020456281144
433.0,0.00677227843192824
434.0,0.006766274733700379
435.0,0.006758326820455825
436.0,0.00675576186154919
437.0,0.006761729369313731
438.0,0.006778213810507738
439.0,0.006807629373808269
440.0,0.006848087668147001
441.0,0.006896535340979018
442.0,0.006956183002840349
443.0,0.007026481693566788
444.0,0.0071067288320543045
445.0,0.007202391205881689
446.0,0.007320011132323667
447.0,0.007445337550153183
448.0,0.00757889536165379
449.0,0.007716143095952728
450.0,0.007857558813313254
451.0,0.008005793830266297
452.0,0.008155258933467208
453.0,0.008300818949665886
454.0,0.008437130715789712
455.0,0.008569074230276832
456.0,0.008695675009548053
457.0,0.00881300523776885
458.0,0.008916619527762107
459.0,0.009009536803218568
460.0,0.00909845006845943
461.0,0.009184624479176295
462.0,0.009266376537542028
463.0,0.009346474363524744
464.0,0.0094240883942498
465.0,0.009500738906237361
466.0,0.009584143208739848
467.0,0.009672769137078843
468.0,0.009767859032996243
469.0,0.009861604566144818
470.0,0.009945947090599467
471.0,0.01003744388980408
472.0,0.010135695275624548
473.0,0.010225564492999582
474.0,0.010310458760937068
475.0,0.010397556913388428
476.0,0.010484802833229955
477.0,0.010565077031624754
478.0,0.010640427046619919
479.0,0.010709292772157446
480.0,0.010773424106612875
481.0,0.010839641054889295
482.0,0.010906271294482173
483.0,0.010966055489051175
484.0,0.011026497125621997
485.0,0.011089956726399435
486.0,0.011149831269503314
487.0,0.011206919860959426
488.0,0.011265264131854063
489.0,0.01131874803501758
490.0,0.01137534825900897
491.0,0.011445867631673493
492.0,0.011525459575229166
493.0,0.011613956847009797
494.0,0.01170953511203721
495.0,0.011813731448237837
496.0,0.01192798843438198
497.0,0.012065215679570872
498.0,0.012218794901442176
499.0,0.012374716068355805
500.0,0.012553543039593884
501.0,0.012753383238155877
502.0,0.012954969825139906
503.0,0.013167649852746632
504.0,0.013395579364186292
505.0,0.013633456922989548
506.0,0.013881602924393893
507.0,0.014136302567087566
508.0,0.014399888597765077
509.0,0.01467279017763853
510.0,0.014950140548972975
511.0,0.015234904439136932
512.0,0.015528152399134108
513.0,0.01584783325554981
514.0,0.016194408628978814
515.0,0.01655407396543166
516.0,0.016934944005630764
517.0,0.017336967195226323
518.0,0.01775127344697762
519.0,0.018162110010047396
520.0,0.01856088359898512
521.0,0.01896192104654547
522.0,0.019375413136963435
523.0,0.019801365807746853
524.0,0.020237082022009727
525.0,0.020675111194100038
526.0,0.021132690613822662
527.0,0.02160205430956593
528.0,0.022056499368340653
529.0,0.022495296008651376
530.0,0.022923071971337697
531.0,0.023360414577589608
532.0,0.023803042309058973
533.0,0.024242183397738308
534.0,0.024669630580638265
535.0,0.025076642802498134
536.0,0.02546768321592057
537.0,0.025848440395972644
538.0,0.02622097772432889
539.0,0.026571601628692893
540.0,0.02689850388959255
541.0,0.027205858202560506
542.0,0.027481804607962575
543.0,0.02772522909835896
544.0,0.027947357164699725
545.0,0.02813925805170524
546.0,0.028292688553750094
547.0,0.028415016816921677
548.0,0.02850862661669746
549.0,0.02857640286453288
550.0,0.0286212396052437
551.0,0.028650084985991375
552.0,0.028668616501214668
553.0,0.02867191313602697
554.0,0.028655695269080045
555.0,0.028615543610186388
556.0,0.028551754452156675
557.0,0.028468337970325934
558.0,0.028361548308510537
559.0,0.028227870510218044
560.0,0.028071403797088328
561.0,0.027895261360341716
562.0,0.027703748249684433
563.0,0.02748998801270532
564.0,0.02725053149745966
565.0,0.026981428611210743
566.0,0.026693285351095636
567.0,0.026392146873285654
568.0,0.02606575929284527
569.0,0.025712959469006917
570.0,0.025339890353625806
571.0,0.0249484116704154
572.0,0.024545184462172413
573.0,0.02413974733827486
574.0,0.02372679970849923
575.0,0.023303799870072667
576.0,0.022868145258886956
577.0,0.02242000536108807
578.0,0.021961384652071696
579.0,0.021493962238491173
580.0,0.021026298973861407
581.0,0.020557016500063852
582.0,0.02008867740643111
583.0,0.01962122109503251
584.0,0.019153534754375375
585.0,0.01868769220337773
586.0,0.01824106013654017
587.0,0.01780612375485982
588.0,0.017369914627764833
589.0,0.01692235135041013
590.0,0.016470666491748612
591.0,0.016033545689040526
592.0,0.015615472420292039
593.0,0.015191135565903477
594.0,0.014749960815802215
595.0,0.014286310317041778
596.0,0.013805426755070052
597.0,0.013315752130632602
598.0,0.012824403260569864
599.0,0.012339792835099731
600.0,0.011892841981892107
601.0,0.011508548352556143
602.0,0.011184363786614932
603.0,0.010920577133661718
604.0,0.010710471191275469
605.0,0.010539233521041667
606.0,0.010391974073773064
607.0,0.010251907351012614
608.0,0.01011831471590883
609.0,0.009994243016759892
610.0,0.00987173542263913
611.0,0.009753305873170429
612.0,0.009644499315504243
613.0,0.009539549118992633
614.0,0.009434704598085064
615.0,0.009333029999107074
616.0,0.00923546613929765
617.0,0.00914172016704495
618.0,0.009060227043080054
619.0,0.008992420005480707
620.0,0.00893561728525299
621.0,0.008884181689072922
622.0,0.008837530200062022
623.0,0.00880130480308929
624.0,0.008772435659660977
625.0,0.008743060363328002
626.0,0.00872750925616275
627.0,0.008726141863436704
628.0,0.00872386264552757
629.0,0.008723763386166037
630.0,0.008736334373086078
631.0,0.008750774914109643
632.0,0.008771442513776973
633.0,0.008813394348647146
634.0,0.008861841866511858
635.0,0.008909750479348163
636.0,0.008964438905540936
637.0,0.009024408398520766
638.0,0.009073187356996177
639.0,0.00912642207847766
640.0,0.009187406765985345
641.0,0.00923765349702029
642.0,0.009275801834887663
643.0,0.009309834031340293
644.0,0.009339170806044008
645.0,0.009365014991228597
646.0,0.009389650966377346
647.0,0.009402426051179177
648.0,0.009400802588933955
649.0,0.00937916458889022
650.0,0.009338239750619344
651.0,0.009279947201648884
652.0,0.009199614136366965
653.0,0.009098243009889425
654.0,0.008998099800036085
655.0,0.008860179774389205
656.0,0.008649973529499545
657.0,0.00838549059200146
658.0,0.008108899631770895
659.0,0.00785387465010859
660.0,0.007602748552393434
661.0,0.007353133190602127
662.0,0.007103723166219102
663.0,0.006858701517554256
664.0,0.006621732675316188
665.0,0.006397226064621274
666.0,0.006185352885202154
667.0,0.005987223682681889
668.0,0.005819212892303333
669.0,0.005687148654882264
670.0,0.0055731039936607035
671.0,0.005476424078751614
672.0,0.005403890512168938
673.0,0.00534246047668367
674.0,0.005292578620212114
675.0,0.005269215405790671
676.0,0.005256585721304149
677.0,0.005250913444421591
678.0,0.005272644712333034
679.0,0.005321197072889678
680.0,0.005379908051282199
681.0,0.005469851610695495
682.0,0.005600897153207002
683.0,0.005758970413988393
684.0,0.005953074289971492
685.0,0.006215274345295309
686.0,0.006543860859923841
687.0,0.0069217212286487775
688.0,0.00723578369601964
689.0,0.007529033876989113
690.0,0.007856697537702611
691.0,0.008210353411979055
692.0,0.008586456685216825
693.0,0.008967495595414373
694.0,0.009330554825143203
695.0,0.009650304156279505
696.0,0.00992150985509779
697.0,0.010153895974446273
698.0,0.010357096608005292
699.0,0.010513352758832372
700.0,0.010618838471589221
701.0,0.010681112544550583
702.0,0.010688710101866308
703.0,0.010647978076289834
704.0,0.010581050518953878
705.0,0.01048958608202397
706.0,0.010370772121046794
707.0,0.010220986849378723
708.0,0.01004177449678673
709.0,0.009837577460556069
710.0,0.009614698506511333
711.0,0.009377284474381409
712.0,0.009110611397108073
713.0,0.008831421947469161
714.0,0.008571783911009176
715.0,0.008314773515076266
716.0,0.008048550110162754
717.0,0.007800885824658881
718.0,0.007529760054235481
719.0,0.007219937774336391
720.0,0.006914326776575613
721.0,0.006645134533485864
722.0,0.006401072307955884
723.0,0.0061599419153050535
724.0,0.005907401618820142
725.0,0.005647874539248577
726.0,0.005383457268803392
727.0,0.005104747042747339
728.0,0.004820190488619586
729.0,0.004531733903905972
730.0,0.0042329633406408985
731.0,0.003949026314350722
732.0,0.003704199767775589
733.0,0.0035075976570372465
734.0,0.003346988686373622
735.0,0.00320260666915055
736.0,0.003084541283382364
737.0,0.0030009643228464324
738.0,0.002937779731771426
739.0,0.0028908185822263057
740.0,0.002856168767439371
741.0,0.0028283944202190507
742.0,0.0028079650427020987
743.0,0.0027985015660144073
744.0,0.002786380132493813
745.0,0.0027703604892969306
746.0,0.0027632348428560413
747.0,0.0027602290035325413
748.0,0.002751803112030352
749.0,0.0027397053178420043
750.0,0.0027274289276195884
751.0,0.002715452010534782
752.0,0.00270896735761212
753.0,0.0027007504519493053
754.0,0.0026922638389599448
755.0,0.0026846497638916026
756.0,0.002686728231625019
757.0,0.0026921345170665824
758.0,0.0027008273843659035
759.0,0.0027206859389632037
760.0,0.002747804155830675
761.0,0.002751965322263134
762.0,0.002740167142905174
763.0,0.0027097593340208804
764.0,0.0026652165666394122
765.0,0.0026539837506890283
766.0,0.002665332263162162
767.0,0.002664289956682989
768.0,0.002662577916544346
769.0,0.0026698608505864017
770.0,0.0026786529091616324
771.0,0.0026879841319557415
772.0,0.0027059630695785543
773.0,0.002720215590719413
774.0,0.002729786501384307
775.0,0.0027416802796820226
776.0,0.0027560389235664075
777.0,0.0027676533865490806
778.0,0.0027830477127567086
779.0,0.0028061637138164014
780.0,0.0028284349547093145
781.0,0.0028507384469881767
782.0,0.002876235844300172
783.0,0.002904263839889653
784.0,0.0029300679880974296
785.0,0.002950835587133589
786.0,0.002981093392399215
787.0,0.0030153435837762857
788.0,0.0030320126557007022
789.0,0.0030596494515138677
790.0,0.0031001889134479477
791.0,0.0031336814688815036
792.0,0.003161080454710969
793.0,0.0031902619022922338
794.0,0.0032274185929482987
795.0,0.003271108116439228
796.0,0.003302709487778823
797.0,0.003322570595989157
798.0,0.0033428166401607952
799.0,0.00337597781464474
800.0,0.003407796314516208
801.0,0.0034249237683309343
802.0,0.0034446086098641688
803.0,0.0034660411417709834
804.0,0.0034846218877605992
805.0,0.0034892047722234754
806.0,0.003476133263064316
807.0,0.0034729662171209563
808.0,0.003475063842340817
809.0,0.0034617461471198206
810.0,0.0034404891649322325
811.0,0.0034137010730129085
812.0,0.003378739267753921
813.0,0.003340693456246729
814.0,0.0033152703086931157
815.0,0.00326585959542586
816.0,0.0032023613070818304
817.0,0.0031617800367282054
818.0,0.003112381282410638
819.0,0.0030464283199684358
820.0,0.0029727557126796615
821.0,0.0028896690834295897
822.0,0.0027810912977530725
823.0,0.002686854985023434
824.0,0.002596974185820477
825.0,0.002457816471161871
826.0,0.0023241864892231514
827.0,0.002203996588245627
828.0,0.0020713519735242854
829.0,0.0019391359091796262
830.0,0.0018276010129002547
831.0,0.0017143834157945126
832.0,0.0016135633086115108
833.0,0.0015544697588164302
834.0,0.001499458227087817
835.0,0.0014406868019317795
836.0,0.0014121646763711703
837.0,0.00138562353933646
838.0,0.0013454767219609127
839.0,0.0013220464129228317
840.0,0.0013071641085782154
841.0,0.0012896235047220284
842.0,0.0012646329288471209
843.0,0.0012386713688444589
844.0,0.0012251551977629893
845.0,0.0012080042936522988
846.0,0.0012005274454883774
847.0,0.0011828809163199733
848.0,0.001156626110503566
849.0,0.0011412257013612731
850.0,0.0011206789323744267
851.0,0.0010901244384279173
852.0,0.0010853563247996498
853.0,0.0010853696000855822
854.0,0.0010659818306624992
855.0,0.001046297392067685
856.0,0.0010249794508655984
857.0,0.0010207180656691174
858.0,0.001006140035848847
859.0,0.000982457600818739
860.0,0.0009580260227605244
861.0,0.0009421250008661288
862.0,0.0009381161935710317
863.0,0.0009327673762401387
864.0,0.0009237738530254166
865.0,0.0009153989477818077
866.0,0.0009025709865453693
867.0,0.0008788741810253561
868.0,0.0008816155152147186
869.0,0.0008778717173225462
870.0,0.0008345216537079255
871.0,0.0008121410206156107
872.0,0.0008040737408652035
873.0,0.0007791504133955942
874.0,0.0007475922833371972
875.0,0.0007216492683768701
876.0,0.0007235278257904749
877.0,0.000719411135704655
878.0,0.0007019607685176676
879.0,0.0006717949476060494
880.0,0.0006406152920822438
881.0,0.0006322916104489438
882.0,0.000614376378676967
883.0,0.0005870854459072691
884.0,0.0005766396557407962
885.0,0.0005559215716318256
886.0,0.0005194648660764355
887.0,0.0005186629980581198
888.0,0.0005189296347839894
889.0,0.00047462884990660294
890.0,0.0004663286173738422
891.0,0.00048005339979540087
892.0,0.0004612726531079489
893.0,0.00044459202214748773
894.0,0.00044109253469644166
895.0,0.0003966312112934626
896.0,0.00036337600438200707
897.0,0.0003764452768553981
898.0,0.0003810920304978374
899.0,0.0003666439045711002
