/begin_header
/west_longitude=UNKNOWN
/south_latitude=NA
/north_latitude=UNKNOWN
/calibration_files=NA
/cruise=NA
/station=NA
/documents=NA
/data_type=NA
/affiliations=NOAA
/experiment=NA
/units=nm,dl
/start_date=2019-08-15
/end_date=NA
/missing=9999
/start_time=13:31:12
/data_file_name=NA
/cloud_percent=NA
/water_depth=NA
/data_status=NA
/east_longitude=NA
/wind_speed=NA
/secchi=NA
/measurement_depth=NA
/fields=wavelength,rrs
/delimiter=comma
/contact=NA
/end_time=NA
/wave_height=NA
/investigators=NA
/end_header@
325.0,0.010650571711082425
326.0,0.010686203309890407
327.0,0.010657210987002744
328.0,0.010616364073365915
329.0,0.010571837534817797
330.0,0.010491932458785505
331.0,0.01049391651231435
332.0,0.010409451210475183
333.0,0.010296424179804343
334.0,0.010281088719802243
335.0,0.01024658963217156
336.0,0.01017202956158729
337.0,0.010103076288350582
338.0,0.010011149350131827
339.0,0.009974275436450328
340.0,0.009978502955799879
341.0,0.009937203290002401
342.0,0.009807161598026798
343.0,0.00975637783840349
344.0,0.009775192608812976
345.0,0.009695437019312868
346.0,0.00961933611806441
347.0,0.009582353545569418
348.0,0.009544311472500169
349.0,0.009497955646755141
350.0,0.009448493998238638
351.0,0.009399595410790907
352.0,0.009363580842895961
353.0,0.009336875546924956
354.0,0.009307997496561572
355.0,0.009266633851158867
356.0,0.009222219054903459
357.0,0.00916724152013725
358.0,0.009110166096008858
359.0,0.00907636531672246
360.0,0.009043660164004801
361.0,0.009000147824772637
362.0,0.00896227689574069
363.0,0.008922273650213716
364.0,0.008885577195146757
365.0,0.008848454562799984
366.0,0.008813780140545147
367.0,0.008781782793246876
368.0,0.008746342126995373
369.0,0.008726254246595011
370.0,0.008714353816239454
371.0,0.00869522940226443
372.0,0.008662888171269846
373.0,0.008623074882015429
374.0,0.008572282032905812
375.0,0.008551570666254508
376.0,0.008540859791046445
377.0,0.00850280559782222
378.0,0.008471885514788774
379.0,0.00846232131806909
380.0,0.008445615947497844
381.0,0.008416838792989541
382.0,0.008385625115243718
383.0,0.008383521893611894
384.0,0.008387158546268805
385.0,0.008359460480468565
386.0,0.00831727311877149
387.0,0.008285257357857697
388.0,0.008276903949041781
389.0,0.008266710124287252
390.0,0.008256745340585304
391.0,0.00824875922846705
392.0,0.008239528164776664
393.0,0.008229810783925623
394.0,0.008217041897001618
395.0,0.008193522564393034
396.0,0.008157336146729725
397.0,0.008121575413173881
398.0,0.008086344302145658
399.0,0.008059999513948285
400.0,0.008038312587897136
401.0,0.00803258130028605
402.0,0.008021050443679194
403.0,0.008005281182722455
404.0,0.007987113521612445
405.0,0.00797741093046182
406.0,0.007978058467877544
407.0,0.007971192416042102
408.0,0.007953841111402078
409.0,0.00793459822660853
410.0,0.007915808621616014
411.0,0.007900174269449636
412.0,0.00789387699006719
413.0,0.007890175954504313
414.0,0.007889819236439628
415.0,0.007881259272038251
416.0,0.007874675511597437
417.0,0.007872485751681615
418.0,0.007872781082768324
419.0,0.00787594855470262
420.0,0.007878423743772553
421.0,0.007880187256197642
422.0,0.007881840490282458
423.0,0.007883624504216693
424.0,0.007886805783306819
425.0,0.00789128827308625
426.0,0.007898053041128342
427.0,0.007908313088948783
428.0,0.007917842149339887
429.0,0.0079234612073366
430.0,0.007925857200912415
431.0,0.007929404966709408
432.0,0.007932274282367056
433.0,0.007932006957785995
434.0,0.007933486204501081
435.0,0.007936640269270604
436.0,0.007942860588180578
437.0,0.007951808430949314
438.0,0.00796715505857441
439.0,0.007985700507942279
440.0,0.008005005889985154
441.0,0.008029110405250261
442.0,0.008054947131264981
443.0,0.008082179752523715
444.0,0.008113015894947702
445.0,0.008144810505042423
446.0,0.008181819314656624
447.0,0.008219452267249341
448.0,0.008257078062690238
449.0,0.00829375362718011
450.0,0.008331318243575813
451.0,0.00837149188630333
452.0,0.00841322985622333
453.0,0.008457456684450866
454.0,0.00849991067135993
455.0,0.008539112152502925
456.0,0.008576906469540038
457.0,0.00861252584536976
458.0,0.00864754058036515
459.0,0.008685779262629464
460.0,0.008725357905059409
461.0,0.008766702482339565
462.0,0.008810991233445547
463.0,0.008852562646174112
464.0,0.00889163651925916
465.0,0.008935771665996359
466.0,0.008980079635703393
467.0,0.009023224259607643
468.0,0.009069486588805983
469.0,0.009117119876768137
470.0,0.009155811893421696
471.0,0.00920007842144085
472.0,0.009248708381444641
473.0,0.009284720482191734
474.0,0.009319384837246172
475.0,0.009364453042651684
476.0,0.009401629922744867
477.0,0.009435988036639144
478.0,0.009475010909371766
479.0,0.009508368662470866
480.0,0.009538822978862197
481.0,0.009579481526984072
482.0,0.009619062292451571
483.0,0.009654768191039532
484.0,0.009692818287188824
485.0,0.009731746793913807
486.0,0.00976630852858191
487.0,0.009801822479559893
488.0,0.009837139599921354
489.0,0.009865770966103502
490.0,0.009894575417334399
491.0,0.00992582219360118
492.0,0.009959340161947366
493.0,0.009996412060331226
494.0,0.01003910066659743
495.0,0.010083965231891428
496.0,0.010128967322494862
497.0,0.010176742303078409
498.0,0.01023028826136859
499.0,0.010290743058378378
500.0,0.01035240703687593
501.0,0.010413383733502113
502.0,0.010473024999993969
503.0,0.010529987503040584
504.0,0.010585293614849759
505.0,0.010636845630763034
506.0,0.010684239434413073
507.0,0.010732144468357485
508.0,0.010769800468655413
509.0,0.010796458076511438
510.0,0.010829149642166021
511.0,0.010860964941546283
512.0,0.010886239474747886
513.0,0.010931448593905897
514.0,0.010999259635084632
515.0,0.011073815096344239
516.0,0.011157845507820115
517.0,0.011255039777516879
518.0,0.01134782259304974
519.0,0.011434856209064684
520.0,0.011512569791989022
521.0,0.011594506172785568
522.0,0.011684181146535574
523.0,0.01177676312274907
524.0,0.011866616301486641
525.0,0.011954542197481429
526.0,0.012048287463210414
527.0,0.012142339463521864
528.0,0.012223862045020979
529.0,0.012300280147251454
530.0,0.012376566125209862
531.0,0.012455120142771087
532.0,0.012532942906658646
533.0,0.012608482391199969
534.0,0.012678974110901197
535.0,0.012742775049987942
536.0,0.012804379152620834
537.0,0.012866915578969726
538.0,0.012930548582678567
539.0,0.012987337464540885
540.0,0.01303548032642465
541.0,0.013076350482176318
542.0,0.013110698702846701
543.0,0.013139170776855724
544.0,0.013164770009314852
545.0,0.01317892045784567
546.0,0.013178701857947889
547.0,0.013174814474901906
548.0,0.01316977026027851
549.0,0.01315793553245874
550.0,0.013148239991647697
551.0,0.013147623531823088
552.0,0.013156893366725606
553.0,0.013171370475413686
554.0,0.013189978021250982
555.0,0.013212063729141733
556.0,0.013234240719424936
557.0,0.013253454102291928
558.0,0.013269381758784796
559.0,0.01328011743079804
560.0,0.013280203894873865
561.0,0.013271785657573518
562.0,0.013258405111144006
563.0,0.013236331893304313
564.0,0.013207153468704555
565.0,0.013172430998464015
566.0,0.01312897464719071
567.0,0.013078892338320514
568.0,0.013016764953405818
569.0,0.012941511159607682
570.0,0.012855620107290596
571.0,0.012758333683911782
572.0,0.012649737502394265
573.0,0.012531122929870495
574.0,0.012400406408043501
575.0,0.012254645425101634
576.0,0.012091753616755603
577.0,0.011909969687459544
578.0,0.011711078406119279
579.0,0.011491000458324676
580.0,0.011250953878770079
581.0,0.010997131849355458
582.0,0.010733117007219966
583.0,0.010464143302203436
584.0,0.0101928083450339
585.0,0.009920568634985038
586.0,0.00965146831947836
587.0,0.009385446717061744
588.0,0.009121804923579042
589.0,0.008847976285162056
590.0,0.008568948865779776
591.0,0.008295098064468438
592.0,0.00802533289314531
593.0,0.007750823116414877
594.0,0.007464290738418275
595.0,0.007165839675284949
596.0,0.006852199193697036
597.0,0.006531858140991738
598.0,0.006213983173233351
599.0,0.005924421478695515
600.0,0.005673292093363725
601.0,0.005467366133203011
602.0,0.005302225863969157
603.0,0.005175715150204869
604.0,0.005087166231801892
605.0,0.005023954346982731
606.0,0.004979455182289847
607.0,0.004942694090224268
608.0,0.00490751632764536
609.0,0.00487089301879218
610.0,0.0048386061778173065
611.0,0.004808579944775221
612.0,0.004772481328559306
613.0,0.004739155892803564
614.0,0.004708018524115052
615.0,0.0046739326514658374
616.0,0.004639895590837508
617.0,0.004608525431740671
618.0,0.004573675399126401
619.0,0.0045366769366879806
620.0,0.004509453710587223
621.0,0.004479695915407507
622.0,0.004443129411463505
623.0,0.00441004767435917
624.0,0.004380697917777154
625.0,0.004347931879805438
626.0,0.004320048782018229
627.0,0.004292753927878517
628.0,0.004259157958093558
629.0,0.004228303124162934
630.0,0.004207382929770459
631.0,0.004179749294956066
632.0,0.004147900620767411
633.0,0.0041278533553420075
634.0,0.004110911362914779
635.0,0.004086666280427538
636.0,0.004061464873288585
637.0,0.0040352288900387554
638.0,0.004008919265609079
639.0,0.0039881574026807715
640.0,0.00396937904838996
641.0,0.003938528736882514
642.0,0.003903938300471613
643.0,0.0038711064768408797
644.0,0.0038363897846091766
645.0,0.0038045897907266826
646.0,0.0037810962173648694
647.0,0.003751295874771264
648.0,0.00371049241137372
649.0,0.0036717827314994406
650.0,0.0036351464995261775
651.0,0.003588117508971206
652.0,0.003535805080909324
653.0,0.0034787660249358454
654.0,0.0034152435704813875
655.0,0.0033418446983536332
656.0,0.0032680910647169396
657.0,0.003190380303865513
658.0,0.003118547250670424
659.0,0.0030623253010422596
660.0,0.0030109783938899815
661.0,0.0029672265747008094
662.0,0.002938390641209143
663.0,0.0029122230278544998
664.0,0.0028790129794863005
665.0,0.002851804055601627
666.0,0.0028299835927765157
667.0,0.0028053414098108877
668.0,0.0027896033039825486
669.0,0.0027783095875072686
670.0,0.0027647839350045693
671.0,0.0027524355316857797
672.0,0.0027481493459954437
673.0,0.0027360857375852946
674.0,0.002716918488463772
675.0,0.002706302917168713
676.0,0.002699193165983083
677.0,0.0026873548921937974
678.0,0.002672728102229837
679.0,0.002660521946367755
680.0,0.002656188057948042
681.0,0.0026459617778033474
682.0,0.0026295264496955057
683.0,0.002613106166768982
684.0,0.0026011116425403965
685.0,0.0025962000399551615
686.0,0.0025831929072769972
687.0,0.0025536669636970484
688.0,0.0025185482503246055
689.0,0.002484943690262788
690.0,0.002443789986756401
691.0,0.0023957663423172524
692.0,0.0023453624828014066
693.0,0.002302949565566168
694.0,0.002257889556291872
695.0,0.002207514100145536
696.0,0.00215782202047021
697.0,0.0021086893721960565
698.0,0.0020679031166737764
699.0,0.0020178224537217068
700.0,0.001958987532824703
701.0,0.0019088422853485647
702.0,0.0018576782694628268
703.0,0.0018024252234465274
704.0,0.0017551461838055556
705.0,0.001707934574854087
706.0,0.0016537371763043229
707.0,0.0015994827992779498
708.0,0.0015475723008618858
709.0,0.0014892023951247218
710.0,0.0014354294953639888
711.0,0.0013883927098562615
712.0,0.0013351516710001898
713.0,0.0012810554355812643
714.0,0.0012253166868583592
715.0,0.0011706039617728008
716.0,0.0011186830989505922
717.0,0.001064146623997317
718.0,0.0010075306994659235
719.0,0.0009629337856041307
720.0,0.0009278378242606339
721.0,0.0008959458168801922
722.0,0.0008572192739315669
723.0,0.0008204667259221393
724.0,0.0007849974134949251
725.0,0.0007520634527526438
726.0,0.0007196181395308223
727.0,0.000683321091409583
728.0,0.0006451466279566665
729.0,0.0006073143016985508
730.0,0.0005792143710357301
731.0,0.0005544184383058284
732.0,0.0005287549550791145
733.0,0.0005108819039415801
734.0,0.000495307554491622
735.0,0.0004771936273105827
736.0,0.00046104710895594845
737.0,0.00044740457908119433
738.0,0.000440053764141881
739.0,0.0004347215766391867
740.0,0.00042766036888019343
741.0,0.000426883292886811
742.0,0.0004298515560646878
743.0,0.00042261717922873843
744.0,0.00040828573239226737
745.0,0.0003962676867864055
746.0,0.0003969666346637738
747.0,0.00040116567329594464
748.0,0.00040722300864644447
749.0,0.00040524606630381156
750.0,0.0003972610038336582
751.0,0.00039482287748155364
752.0,0.00039138268387798323
753.0,0.000388341205694607
754.0,0.0003845209725765408
755.0,0.0003784831500213724
756.0,0.00037466133006095945
757.0,0.00036779894367630134
758.0,0.0003560945892689495
759.0,0.0003393541811476476
760.0,0.00032721683682933496
761.0,0.0003197601788866426
762.0,0.00030612628652538777
763.0,0.0003035003509363096
764.0,0.00031514020863798395
765.0,0.000324513611350767
766.0,0.00032615225506253735
767.0,0.00033191675370783657
768.0,0.00033534487067058815
769.0,0.0003362402576344712
770.0,0.0003375055645532184
771.0,0.0003380905320857448
772.0,0.00033579733998525353
773.0,0.0003381891422797166
774.0,0.00034045396192790983
775.0,0.0003415232096856338
776.0,0.0003430570376130578
777.0,0.00034316389776006047
778.0,0.0003453463535275029
779.0,0.00034819096438406855
780.0,0.0003432619533620852
781.0,0.000342448610647476
782.0,0.000346293038538584
783.0,0.00034441620174343804
784.0,0.00034017472926289714
785.0,0.00034659754705417207
786.0,0.00034731356594065044
787.0,0.00034073514830608323
788.0,0.0003353451991204742
789.0,0.0003366555878010575
790.0,0.00034277229278173454
791.0,0.00034662537873955224
792.0,0.00034824315564103845
793.0,0.00034626124653155027
794.0,0.00034987636608496003
795.0,0.0003583619732965329
796.0,0.00035985736092263384
797.0,0.00035868606226386636
798.0,0.0003574718807149647
799.0,0.00035984735535866925
800.0,0.00036494613765031205
801.0,0.0003610224889407448
802.0,0.00035854458234880083
803.0,0.0003608707779720271
804.0,0.00036533999848334305
805.0,0.00036572303522748123
806.0,0.00035336961012622843
807.0,0.00034890832367004247
808.0,0.00034751242046207105
809.0,0.0003431071542112453
810.0,0.00034128264249714483
811.0,0.00034068706080758466
812.0,0.000337340882406395
813.0,0.00032511472012354705
814.0,0.0003102544591471274
815.0,0.000307727655804939
816.0,0.0003062847179120265
817.0,0.0002986544271104315
818.0,0.00028854825360190224
819.0,0.0002786933165811344
820.0,0.0002834935452448021
821.0,0.00028486680468502184
822.0,0.0002521447385748337
823.0,0.0002284942817765603
824.0,0.00022080158807695951
825.0,0.00022701416230026073
826.0,0.0002262461582498272
827.0,0.00020495963597359765
828.0,0.00018121034658581618
829.0,0.00016844419495128243
830.0,0.0001597401613720755
831.0,0.00014101089587394673
832.0,0.00011934971895788105
833.0,0.00013475867710631976
834.0,0.00013748542524318655
835.0,0.00011672060728858576
836.0,0.00010856657169912493
837.0,0.00011356144446363005
838.0,0.00011719231553777546
839.0,0.000116092275906707
840.0,0.00011532080238775943
841.0,9.89908939135036e-05
842.0,9.362788308375978e-05
843.0,0.0001071105899410436
844.0,9.294551727361268e-05
845.0,7.994491779578057e-05
846.0,9.456787119854301e-05
847.0,9.507212146354398e-05
848.0,8.775323165843592e-05
849.0,8.211961636257306e-05
850.0,7.406001047506617e-05
851.0,6.874194074557185e-05
852.0,8.074575917503818e-05
853.0,8.560643770066726e-05
854.0,6.35018110891524e-05
855.0,5.431085484421622e-05
856.0,5.6647047302617215e-05
857.0,4.524406317198831e-05
858.0,3.699245746710335e-05
859.0,4.456868978454423e-05
860.0,4.826195483800614e-05
861.0,4.8100131722859105e-05
862.0,4.328676307652912e-05
863.0,4.6277297885582125e-05
864.0,4.8562884480863686e-05
865.0,4.032090705235381e-05
866.0,5.307415537497865e-05
867.0,6.650390681560835e-05
868.0,5.03465513799565e-05
869.0,5.3287204732232056e-05
870.0,3.244434632745955e-05
871.0,3.418381068779317e-05
872.0,5.55175793667568e-05
873.0,4.350627236734056e-05
874.0,5.241886098473983e-05
875.0,5.881774126371082e-05
876.0,4.700397336331233e-05
877.0,7.136011396268295e-05
878.0,8.288182945360455e-05
879.0,6.827643237094826e-05
880.0,6.491645570341485e-05
881.0,4.779739492140105e-05
882.0,7.133371646657062e-05
883.0,9.122238735720277e-05
884.0,9.038306880114137e-05
885.0,0.00010000000000000002
886.0,0.00010000000000000002
887.0,7.268376472558723e-05
888.0,7.89405551611301e-05
889.0,8.222410969185463e-05
890.0,9.098488281895562e-05
891.0,6.347951382981495e-05
892.0,0.00010000000000000002
893.0,0.00010000000000000002
894.0,9.005573492262531e-05
895.0,0.00010000000000000002
896.0,0.00010000000000000002
897.0,0.00010000000000000002
898.0,0.00010000000000000002
899.0,0.00010000000000000002
