/begin_header
/west_longitude=UNKNOWN
/south_latitude=NA
/north_latitude=UNKNOWN
/calibration_files=NA
/cruise=NA
/station=NA
/documents=NA
/data_type=NA
/affiliations=NOAA
/experiment=NA
/units=nm,dl
/start_date=2019-08-01
/end_date=NA
/missing=9999
/start_time=11:28:21
/data_file_name=NA
/cloud_percent=NA
/water_depth=NA
/data_status=NA
/east_longitude=NA
/wind_speed=NA
/secchi=NA
/measurement_depth=NA
/fields=wavelength,rrs
/delimiter=comma
/contact=NA
/end_time=NA
/wave_height=NA
/investigators=NA
/end_header@
325.0,0.0198728130150195
326.0,0.019862293971301986
327.0,0.01986094483641032
328.0,0.019810581587215596
329.0,0.019604764727576635
330.0,0.0194641596441086
331.0,0.019463675861341866
332.0,0.01940759397327401
333.0,0.01933263681208063
334.0,0.019263292661414362
335.0,0.01916600344069056
336.0,0.019030736865419954
337.0,0.018905323301259817
338.0,0.01880882434568104
339.0,0.018738792644734374
340.0,0.018615122150563206
341.0,0.01847403662880104
342.0,0.01841473244106932
343.0,0.01833676695082424
344.0,0.01824417969129383
345.0,0.018180383142235676
346.0,0.018096145518686713
347.0,0.017988432458352563
348.0,0.01787417240505767
349.0,0.017781674125072373
350.0,0.017699259926482802
351.0,0.017634748010358144
352.0,0.017561077822428956
353.0,0.017484221194951667
354.0,0.017419227078010496
355.0,0.017354298698195554
356.0,0.01727878399115118
357.0,0.017198116877520077
358.0,0.01710657880562379
359.0,0.0170357384965082
360.0,0.0169698153012159
361.0,0.016860765542043382
362.0,0.016764503541658184
363.0,0.016694536416236264
364.0,0.016634389856863434
365.0,0.016570095238538154
366.0,0.01650261407158544
367.0,0.016425844816914538
368.0,0.016342949610777098
369.0,0.01628330061968495
370.0,0.016230114858480475
371.0,0.016168339760932467
372.0,0.01610275775045948
373.0,0.016018065216149745
374.0,0.01592491183055904
375.0,0.0158482850902503
376.0,0.015782917256727876
377.0,0.015705883299747404
378.0,0.01563370851022159
379.0,0.015571196788580165
380.0,0.01551442961915818
381.0,0.015458841964797698
382.0,0.015396157526191076
383.0,0.01534581233354711
384.0,0.015303973133524565
385.0,0.015230916082872298
386.0,0.015161987064541268
387.0,0.015098563793322575
388.0,0.015021946463287566
389.0,0.014953501265314664
390.0,0.01490165095226996
391.0,0.014857125868475684
392.0,0.014815126770948353
393.0,0.01477318721231117
394.0,0.014711840899374079
395.0,0.014631900488561283
396.0,0.014560410197599419
397.0,0.01448811116729
398.0,0.014409085859778455
399.0,0.01432444471796357
400.0,0.01424886685936593
401.0,0.014197150092592897
402.0,0.014141297265713374
403.0,0.014077465630899797
404.0,0.014014785309607236
405.0,0.013954567653916745
406.0,0.013886873079682751
407.0,0.013816351152570586
408.0,0.013741844603340709
409.0,0.01366222454228062
410.0,0.013589568598847088
411.0,0.013526182957848016
412.0,0.013459414859601445
413.0,0.013397985234078471
414.0,0.013350560116628423
415.0,0.013293515909535512
416.0,0.013237763225887166
417.0,0.013195728189421585
418.0,0.013157066105671578
419.0,0.013117096247471594
420.0,0.013070967568961773
421.0,0.013030929009415475
422.0,0.012999901765084459
423.0,0.01296678390589942
424.0,0.012935701533495261
425.0,0.012905950630533578
426.0,0.012874294204554177
427.0,0.012841571107282337
428.0,0.012804273662714074
429.0,0.0127636893872505
430.0,0.01272580678547285
431.0,0.01267919374732381
432.0,0.012623354362740879
433.0,0.012574158426216026
434.0,0.012535272196749376
435.0,0.012506386800852212
436.0,0.01248531410296695
437.0,0.01246851993291024
438.0,0.012452240842017737
439.0,0.012448444856316186
440.0,0.012455909206630821
441.0,0.012471926103146902
442.0,0.012500493233028136
443.0,0.012540078020158654
444.0,0.012589237043744964
445.0,0.01264932484427767
446.0,0.012723546215003314
447.0,0.012802424749358225
448.0,0.012881819611593893
449.0,0.012965707605204315
450.0,0.013051541109726153
451.0,0.013140260063319777
452.0,0.013227879186115728
453.0,0.013311253567857975
454.0,0.013388105013236182
455.0,0.013452443717145272
456.0,0.013508164581971158
457.0,0.013566986902754197
458.0,0.01361853799908631
459.0,0.013659711320312545
460.0,0.013697871829070096
461.0,0.013735695978377658
462.0,0.013771054294336693
463.0,0.013809725177554391
464.0,0.01385074774201995
465.0,0.01388517624022785
466.0,0.0139253963568338
467.0,0.013973299205244353
468.0,0.014018871704251196
469.0,0.014062567037410878
470.0,0.014100334346101922
471.0,0.014144609123220653
472.0,0.01419418043391287
473.0,0.014236816704304022
474.0,0.014281441185276925
475.0,0.014327642334228716
476.0,0.014375323370189198
477.0,0.014422399013632658
478.0,0.014464250243842486
479.0,0.014510479555607733
480.0,0.014562128043342564
481.0,0.014605031116238903
482.0,0.01465090891992574
483.0,0.014707485765804832
484.0,0.014766587716953277
485.0,0.014823939233711895
486.0,0.014877119400735944
487.0,0.014933866593302581
488.0,0.014997365468484635
489.0,0.015057253142633226
490.0,0.01511946501946215
491.0,0.015196076450562895
492.0,0.015283875016411746
493.0,0.015381444701859256
494.0,0.015485305892474394
495.0,0.015596929473550607
496.0,0.015720389844712454
497.0,0.015860091267073
498.0,0.0160169946152704
499.0,0.016183629268921574
500.0,0.016364958750205605
501.0,0.01655973971255205
502.0,0.016768039758143383
503.0,0.016983178155907656
504.0,0.017206117752189977
505.0,0.01744946149503375
506.0,0.017710521130619578
507.0,0.017972520038313542
508.0,0.01824583849334514
509.0,0.01853553066650087
510.0,0.018832883148699152
511.0,0.019138587584270374
512.0,0.019451310658622746
513.0,0.01977653199985808
514.0,0.020117805827016524
515.0,0.0204735689856305
516.0,0.020841833687277486
517.0,0.021223331311796836
518.0,0.021610953932337012
519.0,0.021997705142419496
520.0,0.02237692360322919
521.0,0.022750914964783406
522.0,0.023126529000296676
523.0,0.023505967724129995
524.0,0.023890194020786078
525.0,0.02427938805416058
526.0,0.024675954292004792
527.0,0.02507511552311693
528.0,0.025464217632411013
529.0,0.025836103417515476
530.0,0.02619397414696915
531.0,0.026560674744336245
532.0,0.026930988601218044
533.0,0.027295746075261817
534.0,0.027657173816290376
535.0,0.02800850555841954
536.0,0.02834809851606502
537.0,0.028680289066444216
538.0,0.02900913539910323
539.0,0.029329763163147383
540.0,0.029643198867557563
541.0,0.02994683525876987
542.0,0.030237748554817295
543.0,0.030513908970009978
544.0,0.030784136313616307
545.0,0.03104433633418402
546.0,0.031293311783115826
547.0,0.03153293915509877
548.0,0.03175925991915885
549.0,0.03196452548184293
550.0,0.032157834412233396
551.0,0.03234506819868793
552.0,0.032527575442508914
553.0,0.032697078110188696
554.0,0.03284327336385327
555.0,0.032975367016726764
556.0,0.03309473686389216
557.0,0.03319540691220074
558.0,0.03327908716333759
559.0,0.03334371540789206
560.0,0.033388160836267736
561.0,0.03341411508713481
562.0,0.03342098204596972
563.0,0.03341463633743305
564.0,0.03339677198619704
565.0,0.033361249669495316
566.0,0.03330961513150036
567.0,0.0332451673223418
568.0,0.033165972600572954
569.0,0.03307270467736344
570.0,0.03297117728814316
571.0,0.03285938376835649
572.0,0.03273640502357038
573.0,0.03260502341087837
574.0,0.03246437068052256
575.0,0.032318080061957855
576.0,0.03216277077622201
577.0,0.03199887685899668
578.0,0.03182740074824384
579.0,0.03165423894071063
580.0,0.03147743523476902
581.0,0.03128683068435997
582.0,0.031086211556831684
583.0,0.030881405965464775
584.0,0.030671836380433193
585.0,0.03045694103420233
586.0,0.030235850170060568
587.0,0.030013159130207412
588.0,0.029785984908493286
589.0,0.029551494578952564
590.0,0.029314329515982784
591.0,0.029080974182998053
592.0,0.02885522164116159
593.0,0.028623843999118263
594.0,0.028368812488282512
595.0,0.028085924104316613
596.0,0.02777230513521452
597.0,0.027417425989635487
598.0,0.02702335126894223
599.0,0.026609165778903786
600.0,0.02620357180587977
601.0,0.0258329970007386
602.0,0.025504897631878902
603.0,0.02522345224507932
604.0,0.024983694378721708
605.0,0.024769076988031824
606.0,0.024564638513349456
607.0,0.02436411101014805
608.0,0.024160267068917128
609.0,0.02394596340428508
610.0,0.023731899665027836
611.0,0.02352377098098257
612.0,0.023317952259788256
613.0,0.023114658411639382
614.0,0.02291994627574527
615.0,0.022721941273278378
616.0,0.022526392663085554
617.0,0.022353884997312043
618.0,0.022194954718950173
619.0,0.022047416831464273
620.0,0.02191692409248242
621.0,0.02179930145097431
622.0,0.021692968294746706
623.0,0.021603985927867317
624.0,0.02152999912015107
625.0,0.021462013050315396
626.0,0.021399987707271143
627.0,0.021345579465951708
628.0,0.02130400059416314
629.0,0.02127770813758841
630.0,0.02126804551551758
631.0,0.02126327819189288
632.0,0.021261423750556365
633.0,0.021270844514172056
634.0,0.021295184342722435
635.0,0.021334825962988673
636.0,0.021386043352435716
637.0,0.02144251281001778
638.0,0.02149623132906367
639.0,0.021555880527702565
640.0,0.02162028064250559
641.0,0.021674696078661022
642.0,0.02171886226391457
643.0,0.02175366309267079
644.0,0.02178078737228563
645.0,0.021794385786779245
646.0,0.02178480497712366
647.0,0.021758499372598536
648.0,0.021716669402224015
649.0,0.021646469891012834
650.0,0.021542048955276734
651.0,0.021403862276421083
652.0,0.021226266228589093
653.0,0.021010442548449675
654.0,0.020775805586363806
655.0,0.020458630445502675
656.0,0.02001732460714508
657.0,0.019469304728030733
658.0,0.018898546998926975
659.0,0.01834973293240469
660.0,0.01780310348483537
661.0,0.017267762106227456
662.0,0.016758122595624772
663.0,0.01627189935012989
664.0,0.01582148934244767
665.0,0.015408354587617388
666.0,0.015033859165178728
667.0,0.014707565084392216
668.0,0.014435477003523257
669.0,0.01421824068118006
670.0,0.014052902573917258
671.0,0.0139323795613174
672.0,0.013854266294011788
673.0,0.013808640151008767
674.0,0.013791614033899035
675.0,0.013808594092010889
676.0,0.01385448957313043
677.0,0.013924616286783171
678.0,0.014031344121954092
679.0,0.014183013161004551
680.0,0.014379444960162541
681.0,0.01463027214773516
682.0,0.014948090293276378
683.0,0.015327067019450077
684.0,0.015787027759275395
685.0,0.01637907302724295
686.0,0.017103657152663522
687.0,0.017922805775144594
688.0,0.01861459003891378
689.0,0.019242719937440252
690.0,0.019914411846753903
691.0,0.020625439493487014
692.0,0.021371649020138755
693.0,0.02213250148160225
694.0,0.022883123027003877
695.0,0.023586469912480684
696.0,0.02421749583966248
697.0,0.024771018959354792
698.0,0.025246083635816013
699.0,0.025634994771783437
700.0,0.025924310065566513
701.0,0.026094417214022104
702.0,0.026158515397859756
703.0,0.026121454362477824
704.0,0.025981404559689558
705.0,0.02574981118582458
706.0,0.025440115393318696
707.0,0.025046600464393755
708.0,0.024571991351664723
709.0,0.024024009421913625
710.0,0.023417061419624567
711.0,0.02275496404668408
712.0,0.022031435694093937
713.0,0.021269391176973122
714.0,0.020495667932529573
715.0,0.019744067930118608
716.0,0.0190064232802526
717.0,0.01827563823742283
718.0,0.01751254285758568
719.0,0.01674195401425999
720.0,0.015997049416101965
721.0,0.01532300217970863
722.0,0.014715743259751255
723.0,0.014113020124575298
724.0,0.013494956714258178
725.0,0.012875396517212676
726.0,0.012268384799915455
727.0,0.011657244712642317
728.0,0.011034733305272867
729.0,0.010403618194668927
730.0,0.009787449212645388
731.0,0.009216824227868294
732.0,0.008708154850204522
733.0,0.008293303855845978
734.0,0.00795878017243522
735.0,0.007677775605364456
736.0,0.007451432518915548
737.0,0.007279016222225645
738.0,0.007142023391747526
739.0,0.007037212981826425
740.0,0.0069615509351437
741.0,0.006910134952097772
742.0,0.006873617673397771
743.0,0.006832582578149618
744.0,0.0067941023590642885
745.0,0.006761789882044557
746.0,0.006740965839548238
747.0,0.006723801436699511
748.0,0.006696815886458189
749.0,0.006670887179709458
750.0,0.006651514510573786
751.0,0.006633929216833169
752.0,0.006615281346531815
753.0,0.006593855537587319
754.0,0.006570048979125202
755.0,0.00654932738315483
756.0,0.006539583931579959
757.0,0.006548310170069653
758.0,0.006575278370237155
759.0,0.006624405934119265
760.0,0.0066744971110933695
761.0,0.006658223140104802
762.0,0.006609312476794034
763.0,0.006555802920810287
764.0,0.0065187765703385815
765.0,0.006490086655400943
766.0,0.00646747229352367
767.0,0.006456140267491153
768.0,0.00645867427510536
769.0,0.006472156325524089
770.0,0.006484033491358993
771.0,0.006494087712546876
772.0,0.006508425726451129
773.0,0.006524811097987457
774.0,0.006545087663499008
775.0,0.006575085326250893
776.0,0.0066059234124426535
777.0,0.006628522568755166
778.0,0.006659059677341613
779.0,0.006700671175591812
780.0,0.006742096993922163
781.0,0.006782821346255413
782.0,0.006821664243746429
783.0,0.0068588788718626625
784.0,0.006904714341376861
785.0,0.0069568335829918145
786.0,0.007010732123457965
787.0,0.00706447523797348
788.0,0.007117093683009085
789.0,0.0071719172346548414
790.0,0.007236496407662121
791.0,0.0073016515262957745
792.0,0.007364337349928742
793.0,0.007425864236222633
794.0,0.007490232156970272
795.0,0.00755751308842937
796.0,0.0076168231305409105
797.0,0.007674250457158066
798.0,0.007734450229106701
799.0,0.007784575264892954
800.0,0.007831591148046536
801.0,0.007884037733456516
802.0,0.007924749999581008
803.0,0.007949474739263622
804.0,0.007974643569896812
805.0,0.007991395744805823
806.0,0.007993236056184619
807.0,0.007987535051191033
808.0,0.007971715720488753
809.0,0.007944834071548388
810.0,0.007899074710175384
811.0,0.007837170831961117
812.0,0.0077725943890169374
813.0,0.007705082752599649
814.0,0.00762966757919656
815.0,0.007551368712325719
816.0,0.007462804507450048
817.0,0.007352820316396068
818.0,0.007227617122178458
819.0,0.007097798233189521
820.0,0.006967614241475914
821.0,0.006819549166358782
822.0,0.006645675062789588
823.0,0.006444576031012862
824.0,0.006223053182088623
825.0,0.006000225386373148
826.0,0.005766370909261975
827.0,0.0055265156969741425
828.0,0.005306978197580388
829.0,0.005089923287635545
830.0,0.004874636983033396
831.0,0.004690010725951062
832.0,0.004533886593363649
833.0,0.004411158208482513
834.0,0.004311750769235452
835.0,0.004228146722757521
836.0,0.004161534751515086
837.0,0.004102214040979846
838.0,0.0040515467624975595
839.0,0.004015014577547295
840.0,0.003982074049850461
841.0,0.003937263489648341
842.0,0.0039046383811376082
843.0,0.003888454886914257
844.0,0.003862364901846683
845.0,0.0038312647316192153
846.0,0.003798169660201645
847.0,0.00377094879158679
848.0,0.0037486190760586914
849.0,0.0037359559737732847
850.0,0.0037094268792023806
851.0,0.003666618878390054
852.0,0.00363059171841732
853.0,0.0036049616005546783
854.0,0.0035795824708875898
855.0,0.0035569675459115246
856.0,0.0035300181757270434
857.0,0.0034956341290457863
858.0,0.003477459041718911
859.0,0.0034747391683325073
860.0,0.003456341587116223
861.0,0.003430070525063332
862.0,0.0034131449322725286
863.0,0.003385730032475999
864.0,0.0033486873310151176
865.0,0.003342841789618755
866.0,0.003326683720897685
867.0,0.0032903308389222756
868.0,0.0032556441616561696
869.0,0.0032338903114640183
870.0,0.003215916150193195
871.0,0.003186919549871166
872.0,0.0031534402310032356
873.0,0.003115471517754607
874.0,0.003094124884338978
875.0,0.003083962897759274
876.0,0.003053537896229145
877.0,0.0030156158806813964
878.0,0.002991513270996515
879.0,0.0029508980574914348
880.0,0.0028984808553982376
881.0,0.002862353230349881
882.0,0.0028395797714535244
883.0,0.002824396851339506
884.0,0.002796032949335869
885.0,0.002765899116801981
886.0,0.0027355985027930877
887.0,0.0026893263659157423
888.0,0.002652681237888375
889.0,0.0026417351924467986
890.0,0.0026224136784705984
891.0,0.002591593616925609
892.0,0.002560115528011262
893.0,0.0025336714904807766
894.0,0.00252279599569261
895.0,0.0024995471745583014
896.0,0.002466737850766263
897.0,0.0024384032292982276
898.0,0.0024103931136680323
899.0,0.0023732737828227194
