/begin_header
/west_longitude=UNKNOWN
/south_latitude=NA
/north_latitude=UNKNOWN
/calibration_files=NA
/cruise=NA
/station=NA
/documents=NA
/data_type=NA
/affiliations=NOAA
/experiment=NA
/units=nm,dl
/start_date=2019-08-16
/end_date=NA
/missing=9999
/start_time=13:26:15
/data_file_name=NA
/cloud_percent=NA
/water_depth=NA
/data_status=NA
/east_longitude=NA
/wind_speed=NA
/secchi=NA
/measurement_depth=NA
/fields=wavelength,rrs
/delimiter=comma
/contact=NA
/end_time=NA
/wave_height=NA
/investigators=NA
/end_header@
325.0,0.021806897371789067
326.0,0.021656316295402094
327.0,0.02168762138953329
328.0,0.02188686811047515
329.0,0.021929969245875237
330.0,0.0218607073969857
331.0,0.021803894454445565
332.0,0.021751588026934852
333.0,0.021699320370408347
334.0,0.02163936352529695
335.0,0.021583880853466537
336.0,0.021506820593094934
337.0,0.021310290347806623
338.0,0.02118570931737388
339.0,0.021097008180889353
340.0,0.02101436922739102
341.0,0.020949807808394658
342.0,0.020890840607543128
343.0,0.020834350301621996
344.0,0.020794664167150208
345.0,0.02079668202572716
346.0,0.020731909974380437
347.0,0.020612295831287916
348.0,0.02052540382849599
349.0,0.020465525031814456
350.0,0.02040670350907591
351.0,0.020358671435451253
352.0,0.020310305895103676
353.0,0.020303692256805842
354.0,0.020313626413176737
355.0,0.020305427266725906
356.0,0.02024111812495401
357.0,0.020191241198467998
358.0,0.020176355182614885
359.0,0.020082577142305085
360.0,0.01993765926218944
361.0,0.019832448128542186
362.0,0.019746582308114952
363.0,0.01967096136700278
364.0,0.019609866420988577
365.0,0.0195663534981435
366.0,0.019542258414457447
367.0,0.019482794548462957
368.0,0.01943542488284674
369.0,0.01944898381062836
370.0,0.0194510396304768
371.0,0.01941093605942552
372.0,0.019301703645564376
373.0,0.01916990254845449
374.0,0.019045522152611245
375.0,0.0189140423946239
376.0,0.018791204141513796
377.0,0.018692173438672383
378.0,0.01863067571825298
379.0,0.018593517789169296
380.0,0.018568251316310524
381.0,0.01853755784383232
382.0,0.018489180199122872
383.0,0.018399274994306995
384.0,0.01827290734950788
385.0,0.018140092765439896
386.0,0.017979412090541262
387.0,0.017835034338804255
388.0,0.017788152983972527
389.0,0.017784468236284885
390.0,0.01777301709335095
391.0,0.01771491800550149
392.0,0.017633400060323594
393.0,0.01756110664362569
394.0,0.017466996787508914
395.0,0.017340078435312718
396.0,0.01715458759072081
397.0,0.016986996507518098
398.0,0.016871273708770066
399.0,0.016775248565845214
400.0,0.016714032840139337
401.0,0.016684365312773286
402.0,0.01666402886298799
403.0,0.016635376791879798
404.0,0.01655420977400234
405.0,0.016460495999083943
406.0,0.016361791596913932
407.0,0.016229121497522852
408.0,0.016083767530355446
409.0,0.01595779073375344
410.0,0.015845361454476955
411.0,0.015739452716779623
412.0,0.015637602451451203
413.0,0.015550969709998563
414.0,0.015483458545016112
415.0,0.015409936043107312
416.0,0.015330836164487372
417.0,0.015260180228368215
418.0,0.015201362464349633
419.0,0.015149933392151324
420.0,0.01508209620639583
421.0,0.015015967803401068
422.0,0.014965571967295152
423.0,0.014924342502427395
424.0,0.014886143450736643
425.0,0.01484164851325385
426.0,0.014795759234866843
427.0,0.014750198797387207
428.0,0.01469447903065886
429.0,0.014618173057396188
430.0,0.014520049791396442
431.0,0.01440176992817987
432.0,0.014284165634466944
433.0,0.014201704950347832
434.0,0.01414343773137825
435.0,0.014104794331714049
436.0,0.01408317671384753
437.0,0.014065382013328687
438.0,0.014041629186404924
439.0,0.014027549037936751
440.0,0.014028432307632907
441.0,0.014043212353285178
442.0,0.014082008709890365
443.0,0.014146357828336082
444.0,0.014231721883179954
445.0,0.01432813139121265
446.0,0.014430161700195617
447.0,0.014536936206275242
448.0,0.014651622078198695
449.0,0.014788185310545671
450.0,0.014934955504571478
451.0,0.015084892112185413
452.0,0.015221404992823196
453.0,0.015343613427687211
454.0,0.015452156436405184
455.0,0.015541877585525287
456.0,0.015619734187816477
457.0,0.015700533932147077
458.0,0.0157759116814108
459.0,0.015846307839377335
460.0,0.01590642050190346
461.0,0.015962236314651258
462.0,0.016020253860669464
463.0,0.016074838210745606
464.0,0.016131087689895414
465.0,0.016195060313251578
466.0,0.016250162695699243
467.0,0.016289850570623106
468.0,0.01632858714041472
469.0,0.01636986152178624
470.0,0.016409111641063557
471.0,0.016445903706396977
472.0,0.016474961505949497
473.0,0.016503261633888783
474.0,0.016525401419631883
475.0,0.016541323053809613
476.0,0.016557613957832264
477.0,0.016574887453045084
478.0,0.016590422259172944
479.0,0.016610952031530745
480.0,0.016637081440426006
481.0,0.016676999428057487
482.0,0.016723662835093054
483.0,0.016766722698968794
484.0,0.01681558746681803
485.0,0.01686724583805001
486.0,0.016908032304085406
487.0,0.016949205188483966
488.0,0.016998041526311368
489.0,0.01706432716356584
490.0,0.017152798053152073
491.0,0.01726061428162396
492.0,0.017371027838084634
493.0,0.017487330216181634
494.0,0.017627718932412145
495.0,0.01777834439710143
496.0,0.01793204103690472
497.0,0.018102301970879385
498.0,0.018287318641210932
499.0,0.018469863776583932
500.0,0.01865871841990733
501.0,0.018852543576038154
502.0,0.019048089298261604
503.0,0.019244502681071557
504.0,0.019439642710359438
505.0,0.019647425798225007
506.0,0.019870521490223385
507.0,0.020090955607104603
508.0,0.020310196344665896
509.0,0.02052603169888737
510.0,0.020728301208754803
511.0,0.020927035198681436
512.0,0.021133177505685947
513.0,0.021345832892325764
514.0,0.021570795468193044
515.0,0.021806629531532926
516.0,0.02205422329764523
517.0,0.022318791568209796
518.0,0.022581145643045787
519.0,0.022852857138113546
520.0,0.023148395023280616
521.0,0.023458306663908923
522.0,0.023789116316996838
523.0,0.024148426200582683
524.0,0.02453643622417922
525.0,0.02494705837498243
526.0,0.02537726326865967
527.0,0.025829302218974504
528.0,0.02629997796399053
529.0,0.026781848492497446
530.0,0.02727940260758756
531.0,0.027799310419148137
532.0,0.028341186795660507
533.0,0.028900213694602335
534.0,0.029468639258077706
535.0,0.030035055681677785
536.0,0.030600376349709586
537.0,0.031168755758295634
538.0,0.031737209914715535
539.0,0.03229073631593211
540.0,0.032837170480020335
541.0,0.033380028410991594
542.0,0.033899751358565273
543.0,0.03439125664500176
544.0,0.034868273050886446
545.0,0.035322242723167155
546.0,0.035744735901260635
547.0,0.036141634498362114
548.0,0.03651356268837534
549.0,0.03686279391796475
550.0,0.03719158541221067
551.0,0.03750347475973797
552.0,0.03779205809149331
553.0,0.03805669575882734
554.0,0.03830006243745832
555.0,0.03851232913193681
556.0,0.038690137469188396
557.0,0.03883077187693372
558.0,0.03893754999291536
559.0,0.03901149205964026
560.0,0.039053606423515824
561.0,0.03906237447039889
562.0,0.039028283400284136
563.0,0.03895833484469514
564.0,0.03885297795848408
565.0,0.03870481507240327
566.0,0.03851582698166645
567.0,0.038286913560152486
568.0,0.03801636822124559
569.0,0.03770645689156462
570.0,0.037371240667787714
571.0,0.03700682947013066
572.0,0.036619765934764514
573.0,0.03620782877481481
574.0,0.03577614673532898
575.0,0.035332204415268555
576.0,0.03486984500460282
577.0,0.03439046012759754
578.0,0.033901754812085454
579.0,0.033402424406498
580.0,0.0328914512072425
581.0,0.03236615390485089
582.0,0.031832891102782084
583.0,0.03129394026216317
584.0,0.030752252522459576
585.0,0.030207528163203386
586.0,0.029645141582880306
587.0,0.02906727795922382
588.0,0.02847506290827422
589.0,0.027878509638498368
590.0,0.02730404953197644
591.0,0.026781206088366045
592.0,0.026275112549535858
593.0,0.025741185112095194
594.0,0.025176861791654088
595.0,0.02459166385214881
596.0,0.023990170833180488
597.0,0.02336409390739417
598.0,0.022722595379466512
599.0,0.022094639561502656
600.0,0.02150929868356546
601.0,0.020995130123079082
602.0,0.020552229118652437
603.0,0.020178911537042758
604.0,0.019872785645443463
605.0,0.01960384841900659
606.0,0.019355322749900074
607.0,0.019122614054739882
608.0,0.018893338450159343
609.0,0.018660864728936247
610.0,0.01843500041715689
611.0,0.018218388778280924
612.0,0.018006172048721132
613.0,0.017800121426935874
614.0,0.017599789255858825
615.0,0.017408264947273978
616.0,0.017224731297289592
617.0,0.017040773005862257
618.0,0.01687036371095637
619.0,0.016717440289985015
620.0,0.016587615218034875
621.0,0.01646950802683844
622.0,0.016351931068839795
623.0,0.01624302527588633
624.0,0.01614373575441627
625.0,0.016043000481684708
626.0,0.01594291841787035
627.0,0.015844800070275517
628.0,0.015782344345772886
629.0,0.01574089779054378
630.0,0.015703241313118354
631.0,0.01567845195473769
632.0,0.01566528299683471
633.0,0.015661668986605114
634.0,0.015674699455892515
635.0,0.01569932595681983
636.0,0.015735086139415
637.0,0.015780621657953194
638.0,0.015834769623937785
639.0,0.01589826206239224
640.0,0.015968338252699863
641.0,0.016040002702174476
642.0,0.01610220379778501
643.0,0.016151112913952777
644.0,0.016186078035254826
645.0,0.016200158170243097
646.0,0.01617602559557315
647.0,0.016159562246442223
648.0,0.016160101923443252
649.0,0.01612278181453718
650.0,0.01604576951947352
651.0,0.01593868430430866
652.0,0.015807565340828042
653.0,0.01565194550485856
654.0,0.015473341971643559
655.0,0.015234834792191227
656.0,0.014917347238073215
657.0,0.01454955981330695
658.0,0.014176844514147153
659.0,0.013818005390044363
660.0,0.013470652111482049
661.0,0.013138619328693635
662.0,0.012812262776233829
663.0,0.01248924334882299
664.0,0.012179277174253808
665.0,0.011880498118914298
666.0,0.011600926094232456
667.0,0.011363053690588008
668.0,0.011160680720924365
669.0,0.010987092374807172
670.0,0.010862827102810101
671.0,0.010774469082863669
672.0,0.010697176746131973
673.0,0.010634672487280852
674.0,0.010592250467076195
675.0,0.010568660512516285
676.0,0.010568614412048736
677.0,0.010603931241160505
678.0,0.01065961901322753
679.0,0.010736709399835977
680.0,0.01084847039860087
681.0,0.01100522860228941
682.0,0.011209433147648003
683.0,0.011448822702694742
684.0,0.01172402305591871
685.0,0.01208158127336469
686.0,0.012494927577690395
687.0,0.01293170546730579
688.0,0.013318978308881207
689.0,0.013693571433835452
690.0,0.014108193075260919
691.0,0.014521857782325611
692.0,0.014932331986977177
693.0,0.015339335649398836
694.0,0.01574005072798742
695.0,0.01610282370918427
696.0,0.01637944939917348
697.0,0.016583586861219045
698.0,0.016727367222755776
699.0,0.016807863909949983
700.0,0.016828434251044407
701.0,0.016799252651741963
702.0,0.01671884872690389
703.0,0.016584060053172665
704.0,0.016389749648235728
705.0,0.01614356740843625
706.0,0.015859608391913266
707.0,0.0155402481571764
708.0,0.01518763787679979
709.0,0.014790511075064678
710.0,0.014351464310620296
711.0,0.013877282712325065
712.0,0.013395944990758002
713.0,0.012904075301542518
714.0,0.0123761087695771
715.0,0.011847595359128382
716.0,0.011315769528290708
717.0,0.010795670056571812
718.0,0.010289492599104322
719.0,0.00983169844425318
720.0,0.009424233671452245
721.0,0.00905937201052146
722.0,0.008689643640672066
723.0,0.008303681774127674
724.0,0.007901713834070524
725.0,0.00752397512495633
726.0,0.007168778421440069
727.0,0.006810028181795898
728.0,0.006445842609940647
729.0,0.006078603183076328
730.0,0.005715862627391691
731.0,0.005408661939781731
732.0,0.00517931143478969
733.0,0.004970768314615008
734.0,0.004779498913010587
735.0,0.004632479460194661
736.0,0.004507920749422188
737.0,0.004405761342717932
738.0,0.004349000483433565
739.0,0.004317666822225911
740.0,0.0042934988328508445
741.0,0.004278814313440781
742.0,0.004263705478535213
743.0,0.004234153953954244
744.0,0.0042132125478654865
745.0,0.004210125128594304
746.0,0.004192492997785889
747.0,0.004166816135687359
748.0,0.004150346484679005
749.0,0.0041371857705341545
750.0,0.004121928637721933
751.0,0.004107731494848695
752.0,0.00409273033283618
753.0,0.004079172429561972
754.0,0.00406742196190714
755.0,0.004043938216065219
756.0,0.00400032019525905
757.0,0.003950768371827006
758.0,0.0038903542850902925
759.0,0.0038155465644391746
760.0,0.003717736263909556
761.0,0.0036322289690983735
762.0,0.003582892675693009
763.0,0.0035909718114517436
764.0,0.0036491010818114427
765.0,0.003727228419312475
766.0,0.0038034886315023294
767.0,0.003846814063493822
768.0,0.003878871775147036
769.0,0.003906336632203129
770.0,0.003930709656293227
771.0,0.003953971115328751
772.0,0.003963116251385816
773.0,0.003968864665751961
774.0,0.003981028424864873
775.0,0.0039881868064581185
776.0,0.003994892593868437
777.0,0.004015170039500731
778.0,0.004034678128087013
779.0,0.004050681333351946
780.0,0.0040626867723954985
781.0,0.004081844488558862
782.0,0.0041036646114713015
783.0,0.00411232750267755
784.0,0.004119622102368466
785.0,0.004140349906202598
786.0,0.004155559950635103
787.0,0.004164200819003141
788.0,0.004181918307218495
789.0,0.004209622423225243
790.0,0.004241738195527795
791.0,0.0042773838103589605
792.0,0.004311828060203574
793.0,0.00433994414147243
794.0,0.004375068323191415
795.0,0.00440896551776394
796.0,0.004429086636732607
797.0,0.004446500836311423
798.0,0.0044716380344598855
799.0,0.004486072172828007
800.0,0.004497714436272669
801.0,0.004517067196866363
802.0,0.00454238033698623
803.0,0.004566745227479988
804.0,0.00458254224660391
805.0,0.004583660359854702
806.0,0.004562217081463564
807.0,0.004541042720087508
808.0,0.00451399776569246
809.0,0.004464066382053005
810.0,0.004405770552690346
811.0,0.0043395705686140595
812.0,0.004260011876816445
813.0,0.004180896965078869
814.0,0.004113661244321169
815.0,0.00404636560522391
816.0,0.003987318496893191
817.0,0.00394114878313752
818.0,0.003882806918162819
819.0,0.003808881579794244
820.0,0.0037361559678139576
821.0,0.00365755510090989
822.0,0.0035436146645682356
823.0,0.0034223263167248823
824.0,0.0033055076831760787
825.0,0.003161202009490531
826.0,0.0030110401276279295
827.0,0.0028678931639087657
828.0,0.0027400730466518586
829.0,0.002620253688477717
830.0,0.0025014353458133695
831.0,0.0024038880849966407
832.0,0.002328938963456787
833.0,0.0022857260253542405
834.0,0.002241593132431964
835.0,0.0021904643384646934
836.0,0.002159221012247304
837.0,0.0021423434951338676
838.0,0.0021187846644409617
839.0,0.0020967035760280418
840.0,0.0020804058449319994
841.0,0.002059392957514005
842.0,0.0020416948439009987
843.0,0.002033653901720527
844.0,0.00203394903870547
845.0,0.002017165481444121
846.0,0.0019736563655950233
847.0,0.001958342396136144
848.0,0.0019532128842182452
849.0,0.0019285975120039722
850.0,0.001909196306350823
851.0,0.0018986132761375043
852.0,0.0018796459377519545
853.0,0.001858847326597635
854.0,0.0018319140715178065
855.0,0.0018158511758812616
856.0,0.001806363498116918
857.0,0.0017784333858015676
858.0,0.0017642133325615483
859.0,0.0017659983072323012
860.0,0.0017502875384814425
861.0,0.0017389905071105744
862.0,0.0017270582633125715
863.0,0.0016960578064367676
864.0,0.001675888653980968
865.0,0.001664289503201023
866.0,0.001656338102626736
867.0,0.0016528903785169192
868.0,0.0016192363238146448
869.0,0.0015830038915007692
870.0,0.0015724272469561655
871.0,0.0015833452693304391
872.0,0.0015782843660183976
873.0,0.0015168593312544522
874.0,0.0014712049167670627
875.0,0.0014513132721699286
876.0,0.0014388126110961802
877.0,0.001423790816533069
878.0,0.0013986277702819222
879.0,0.001369829704590812
880.0,0.0013372088325201068
881.0,0.0013238127131802349
882.0,0.0013060904967696373
883.0,0.001277893346256036
884.0,0.0012531871197600842
885.0,0.0012372211690784092
886.0,0.0012172924595359026
887.0,0.001196278350425701
888.0,0.0011693897025660338
889.0,0.0011202465013642224
890.0,0.001088810669607068
891.0,0.001067921876753841
892.0,0.00100909659023544
893.0,0.0009555597568268256
894.0,0.000922312121540944
895.0,0.0009026256596656972
896.0,0.0008992919616906528
897.0,0.0008912888664254175
898.0,0.0008176961720825887
899.0,0.0007293982605755245
