/begin_header
/west_longitude=UNKNOWN
/south_latitude=NA
/north_latitude=UNKNOWN
/calibration_files=NA
/cruise=NA
/station=NA
/documents=NA
/data_type=NA
/affiliations=NOAA
/experiment=NA
/units=nm,dl
/start_date=2019-08-12
/end_date=NA
/missing=9999
/start_time=14:48:09
/data_file_name=NA
/cloud_percent=NA
/water_depth=NA
/data_status=NA
/east_longitude=NA
/wind_speed=NA
/secchi=NA
/measurement_depth=NA
/fields=wavelength,rrs
/delimiter=comma
/contact=NA
/end_time=NA
/wave_height=NA
/investigators=NA
/end_header@
325.0,0.014313765144334089
326.0,0.014337231320723287
327.0,0.014369305964896027
328.0,0.014361391260103074
329.0,0.014270422807680441
330.0,0.01408620239189084
331.0,0.013954596217090632
332.0,0.013941605605671772
333.0,0.013912737188226424
334.0,0.013762274495111637
335.0,0.013717419066911013
336.0,0.013722284823224892
337.0,0.01356494410861947
338.0,0.013428124092949892
339.0,0.013390468037583456
340.0,0.01331666188076867
341.0,0.013208524816250424
342.0,0.01311392432773958
343.0,0.013072754474864398
344.0,0.013039637705075952
345.0,0.012943918320407897
346.0,0.012864036750545083
347.0,0.01278619495232707
348.0,0.012723043935629069
349.0,0.012660996885649922
350.0,0.01254224477657602
351.0,0.012463120071893664
352.0,0.01243001832969957
353.0,0.012362568977475263
354.0,0.012290372882053582
355.0,0.012229291465446832
356.0,0.012146872921407717
357.0,0.01207957135486477
358.0,0.01206969066069571
359.0,0.012016255999430256
360.0,0.011944198451675396
361.0,0.011857809565881804
362.0,0.011786186885342335
363.0,0.011736445919355572
364.0,0.011697220421394379
365.0,0.011644856835160236
366.0,0.011581617805497922
367.0,0.011535523575210501
368.0,0.011486846337666409
369.0,0.011425101243925309
370.0,0.011387767656469894
371.0,0.011363520563096747
372.0,0.01128987519291681
373.0,0.011224482727057169
374.0,0.011192198531233617
375.0,0.011142980890007552
376.0,0.011087832178297695
377.0,0.011053313067127597
378.0,0.010999558993837982
379.0,0.010936478537049366
380.0,0.01090629221188653
381.0,0.010876916251907554
382.0,0.010825367755844879
383.0,0.010803390380052
384.0,0.010780250519955008
385.0,0.010714123077212664
386.0,0.010664421441534785
387.0,0.010632230296468167
388.0,0.010573438164519685
389.0,0.010513027497743362
390.0,0.010487764697723985
391.0,0.010458045755525173
392.0,0.010419874429098976
393.0,0.010371879533277312
394.0,0.010337147984924971
395.0,0.01030838642433515
396.0,0.010242203168460985
397.0,0.010173283257712263
398.0,0.010119833073786628
399.0,0.010076238670654861
400.0,0.010024981021582578
401.0,0.009968257901213107
402.0,0.009925688595648696
403.0,0.009888952929059513
404.0,0.009846243098917023
405.0,0.009796933816066927
406.0,0.00974343219735679
407.0,0.00969643936419885
408.0,0.009652937715564847
409.0,0.009607938239484769
410.0,0.009558212336862194
411.0,0.009511702940233553
412.0,0.00947842997962407
413.0,0.009443834055708662
414.0,0.009406135480490314
415.0,0.009370866241530775
416.0,0.009346085101067164
417.0,0.00933308023278218
418.0,0.009306468045392194
419.0,0.009273702953064589
420.0,0.009262160249367511
421.0,0.00925277121166488
422.0,0.009242785263920177
423.0,0.009233268819659824
424.0,0.009223172734765679
425.0,0.009216507035729836
426.0,0.009213049301516637
427.0,0.009209548769010435
428.0,0.009199924563402451
429.0,0.009189583701754921
430.0,0.00917568510592668
431.0,0.009159501268493997
432.0,0.009146720134017529
433.0,0.009136343190612978
434.0,0.009123273626431854
435.0,0.009108336650481039
436.0,0.009107148118792631
437.0,0.009116561168193454
438.0,0.009128088825452827
439.0,0.009147105108281765
440.0,0.009171302222171792
441.0,0.00919599084666482
442.0,0.009230409116671705
443.0,0.009275986464701801
444.0,0.009327790066881917
445.0,0.00938147097174941
446.0,0.009437858257076817
447.0,0.009505986749231874
448.0,0.009579434801347847
449.0,0.009646312293082637
450.0,0.009712744515987191
451.0,0.009783450862827628
452.0,0.009854171841597717
453.0,0.009919950568183272
454.0,0.009981281821469633
455.0,0.010044130469617536
456.0,0.010106379557780695
457.0,0.010155995384186578
458.0,0.01020084564448225
459.0,0.010246351454155858
460.0,0.010292320418570044
461.0,0.010338501359982497
462.0,0.010383602751335486
463.0,0.010428221083413753
464.0,0.010472546778553363
465.0,0.010522931276215414
466.0,0.010575391071441826
467.0,0.010632836688344399
468.0,0.01068430452630912
469.0,0.010730505358150573
470.0,0.010779609324053552
471.0,0.010833090456500482
472.0,0.010886673746175237
473.0,0.010935561244363073
474.0,0.010984386886662817
475.0,0.011032289428094998
476.0,0.011080284190032551
477.0,0.011126779095897165
478.0,0.0111726943984275
479.0,0.01122161294951062
480.0,0.011276145733577474
481.0,0.0113339607020236
482.0,0.011386705039437554
483.0,0.011436112226157608
484.0,0.01149001232662136
485.0,0.011548309559600255
486.0,0.011606422660858129
487.0,0.011663479730471642
488.0,0.011723999034071852
489.0,0.011781962619139736
490.0,0.011838198082118428
491.0,0.011905919793826597
492.0,0.011981180401438774
493.0,0.012063052400588489
494.0,0.01215038698980891
495.0,0.012245142281584383
496.0,0.012350840701374627
497.0,0.0124653464575707
498.0,0.012588554624398918
499.0,0.012719875341869136
500.0,0.012862999365862434
501.0,0.013015389271112024
502.0,0.013170597892030442
503.0,0.013333601962843833
504.0,0.01350708982861636
505.0,0.013680605729696196
506.0,0.013855345940457352
507.0,0.01404485180819838
508.0,0.01424231937580302
509.0,0.014443248826196187
510.0,0.01464529169033962
511.0,0.014849403801170103
512.0,0.015056497855528308
513.0,0.015271189533002086
514.0,0.015497176472265149
515.0,0.01573447619581114
516.0,0.015981648069416366
517.0,0.016238580272587184
518.0,0.016487022608565917
519.0,0.01672636969909459
520.0,0.016957493591614938
521.0,0.01718423098116449
522.0,0.01741340956458446
523.0,0.017648861058930963
524.0,0.017884611032493943
525.0,0.018115639498380628
526.0,0.01835352182066356
527.0,0.018592742815766897
528.0,0.018813538121581378
529.0,0.01902705925667646
530.0,0.019239111743187477
531.0,0.019451986643535823
532.0,0.019662945054837653
533.0,0.019869980080368825
534.0,0.02007408388142114
535.0,0.020271172904537362
536.0,0.020463031425155383
537.0,0.02065118591748422
538.0,0.02083504468028497
539.0,0.021015046657784038
540.0,0.021188595074875922
541.0,0.02135317631569976
542.0,0.02151463847246187
543.0,0.021672975124867943
544.0,0.02182034716939534
545.0,0.021961527657571485
546.0,0.022098807267058224
547.0,0.02222728321845598
548.0,0.02234806443098494
549.0,0.022465957410648687
550.0,0.022580640699284598
551.0,0.022695306412490155
552.0,0.02281330056991238
553.0,0.022930977748661308
554.0,0.023043445430466727
555.0,0.023149034060494296
556.0,0.02324852710109508
557.0,0.02334458476028251
558.0,0.02342714928207308
559.0,0.023493633958373443
560.0,0.02355400337725883
561.0,0.02360651396758509
562.0,0.023646965960585666
563.0,0.023674135364757754
564.0,0.02368754098530156
565.0,0.023695216962815024
566.0,0.02369223223629509
567.0,0.02367290630739047
568.0,0.023640515915613263
569.0,0.023597069146965622
570.0,0.023542925222711536
571.0,0.02348018793752153
572.0,0.02340788811994751
573.0,0.023325191550968735
574.0,0.02323657455572353
575.0,0.023143680021883547
576.0,0.02304059399218078
577.0,0.02292402976719521
578.0,0.022789524041368338
579.0,0.022640291219114622
580.0,0.022481141407678446
581.0,0.022310257350718402
582.0,0.022127834591343303
583.0,0.02193443790629792
584.0,0.021731048511143707
585.0,0.021518459643322413
586.0,0.021297260184506277
587.0,0.021068986806459553
588.0,0.020828217110698773
589.0,0.020576679488038523
590.0,0.020321255021356947
591.0,0.020067091776665904
592.0,0.01980938043570709
593.0,0.019529737451430017
594.0,0.019221321349298593
595.0,0.018882962442366792
596.0,0.018511957330301837
597.0,0.01810827050814131
598.0,0.01768465777479313
599.0,0.01726632159848239
600.0,0.01687824530344253
601.0,0.016540838165616592
602.0,0.016263095099998445
603.0,0.016044864687021893
604.0,0.015875971964912156
605.0,0.015742998297332576
606.0,0.015633362118053235
607.0,0.015529245014298485
608.0,0.015429252710825809
609.0,0.01533165527033197
610.0,0.015230771544032348
611.0,0.01512928657239328
612.0,0.015030594151747614
613.0,0.014934099735736542
614.0,0.01483643930120349
615.0,0.014733139020379538
616.0,0.014633276497089722
617.0,0.014541445481392759
618.0,0.014455142287462742
619.0,0.014374546591528096
620.0,0.014303612751211078
621.0,0.014239668622084594
622.0,0.01418452688270459
623.0,0.01413299641931079
624.0,0.014082194874282583
625.0,0.014035087971076405
626.0,0.0139907035021957
627.0,0.013947232386448852
628.0,0.013917500654909005
629.0,0.013900034637257983
630.0,0.01388403039659077
631.0,0.013866413183138493
632.0,0.013850701471912561
633.0,0.013848021221424884
634.0,0.013848111888600401
635.0,0.01384246614488723
636.0,0.013838053522559051
637.0,0.013838262527871978
638.0,0.013842066621019982
639.0,0.013846799600062127
640.0,0.013845718443263762
641.0,0.013830412241717336
642.0,0.013807933711355169
643.0,0.013782620446659302
644.0,0.013751183990000998
645.0,0.013711888889016918
646.0,0.013669374425699201
647.0,0.013624436228493941
648.0,0.013569883413350825
649.0,0.013504598430097228
650.0,0.013431514727123662
651.0,0.013339715161385768
652.0,0.013222067012350801
653.0,0.013079155760736417
654.0,0.012929220475952592
655.0,0.012737789301819513
656.0,0.01248423212031572
657.0,0.012196676685179264
658.0,0.011914208395668844
659.0,0.01165397506071039
660.0,0.011397820108474413
661.0,0.011149630834248015
662.0,0.010925198686887199
663.0,0.010714386541730098
664.0,0.010512649215078457
665.0,0.01032631744359996
666.0,0.010158722296985768
667.0,0.010011646610580871
668.0,0.009880132570332175
669.0,0.009769076155126719
670.0,0.009683477602651907
671.0,0.009617750773612353
672.0,0.009567119007476716
673.0,0.009530508763468724
674.0,0.00950794261774079
675.0,0.009497194790936653
676.0,0.00949774892880374
677.0,0.00951315333774996
678.0,0.009552775292978325
679.0,0.009615439041818693
680.0,0.009695428258936685
681.0,0.009797639108921124
682.0,0.009927518714297933
683.0,0.010091089972767702
684.0,0.0102877975531839
685.0,0.010517054580332206
686.0,0.010775457478342725
687.0,0.011033855328257628
688.0,0.011189835191493554
689.0,0.011291772255210102
690.0,0.011396209892779459
691.0,0.011490219740989988
692.0,0.01157338150937176
693.0,0.011637246735976428
694.0,0.011676005381481475
695.0,0.011684109160219336
696.0,0.011655648144835579
697.0,0.011595399509873826
698.0,0.011516065490705964
699.0,0.011405988404176256
700.0,0.011263507869423593
701.0,0.011096531840184744
702.0,0.01090704726370234
703.0,0.01069623414042421
704.0,0.01047548208379813
705.0,0.010241610017837462
706.0,0.00998207974110427
707.0,0.009709506236935126
708.0,0.00942816162593899
709.0,0.009131626419594897
710.0,0.008826510814572738
711.0,0.008513462864909924
712.0,0.008188183823737762
713.0,0.007861999968539136
714.0,0.007543416316162779
715.0,0.007242378267676051
716.0,0.006947664458912789
717.0,0.006660752523889433
718.0,0.006362954510291301
719.0,0.006066619905297074
720.0,0.0057948622600326235
721.0,0.005557270574723007
722.0,0.005344378736769684
723.0,0.005126469561000014
724.0,0.00490189532420658
725.0,0.004685068752636024
726.0,0.004472374432647383
727.0,0.004248520961794759
728.0,0.004025804410186758
729.0,0.0038072959547106903
730.0,0.003594505352864947
731.0,0.0033961660353874143
732.0,0.0032259408293588573
733.0,0.0030836561750192254
734.0,0.002964877923996515
735.0,0.0028715790003103698
736.0,0.0027947898188467103
737.0,0.0027348125929303113
738.0,0.0026957422629845097
739.0,0.0026620244461801152
740.0,0.002622183406113894
741.0,0.0025986760496643974
742.0,0.0025896881008724217
743.0,0.002571364259993239
744.0,0.0025571214979557264
745.0,0.0025497690762017076
746.0,0.0025400647083451693
747.0,0.002528703127414228
748.0,0.0025159763741493405
749.0,0.002505709134837457
750.0,0.0024968487016890075
751.0,0.0024839358605078
752.0,0.0024754889552842363
753.0,0.0024689777471041275
754.0,0.0024575715608471304
755.0,0.0024425546352371814
756.0,0.002438781362954953
757.0,0.002442254397215478
758.0,0.002449721085453356
759.0,0.0024469912552125125
760.0,0.002439850539018426
761.0,0.00243070115294394
762.0,0.0023931343389445685
763.0,0.0023510237981472443
764.0,0.0023591779375104083
765.0,0.0023673062469224313
766.0,0.002363758741372348
767.0,0.002363421558911223
768.0,0.00236783071123266
769.0,0.0023755896989294135
770.0,0.002381529082639016
771.0,0.0023813896381355113
772.0,0.002378183772681104
773.0,0.0023839124320811722
774.0,0.0023980417463578805
775.0,0.002407242633069924
776.0,0.002417198772348931
777.0,0.0024285225624439805
778.0,0.002439472838707005
779.0,0.0024486894095587545
780.0,0.0024539264936371324
781.0,0.002463487435846294
782.0,0.002473935797869928
783.0,0.002483666946491269
784.0,0.002493736223133018
785.0,0.0025078500023209553
786.0,0.002525462151291038
787.0,0.0025417193538841516
788.0,0.0025498256486645955
789.0,0.002565659845829056
790.0,0.002589753199322584
791.0,0.0026121946892168233
792.0,0.0026338455857787177
793.0,0.002651935835403716
794.0,0.0026701607450165294
795.0,0.0026894589473624576
796.0,0.002700387418655336
797.0,0.0027182615927343065
798.0,0.0027465133999512023
799.0,0.0027633423410623375
800.0,0.002774003997917972
801.0,0.0027840198805036383
802.0,0.0027921042613779827
803.0,0.002798419145449493
804.0,0.002808001742859753
805.0,0.0028157368077554347
806.0,0.002817479876033851
807.0,0.002812958275055895
808.0,0.0028093014182671095
809.0,0.002794602251967775
810.0,0.0027766078179019583
811.0,0.0027589229854915365
812.0,0.002732244199989719
813.0,0.002705547514845431
814.0,0.002685060234884682
815.0,0.0026468730459579494
816.0,0.0026017339225341937
817.0,0.0025770724144959577
818.0,0.0025407719010985203
819.0,0.00248532685662959
820.0,0.002441720369700495
821.0,0.0023991957430851926
822.0,0.0023472904744619013
823.0,0.002272775342878642
824.0,0.0021883684448816563
825.0,0.0021307740425688666
826.0,0.00205743559733946
827.0,0.001964792347541276
828.0,0.0018969502541341895
829.0,0.001830102414795155
830.0,0.0017494401719061383
831.0,0.0016824857563944788
832.0,0.001622154401689695
833.0,0.0015757891845421348
834.0,0.0015463157238124413
835.0,0.0015235340469904074
836.0,0.0015014850651137897
837.0,0.001479836264811778
838.0,0.0014678207400180517
839.0,0.001451544028975707
840.0,0.0014311036071135894
841.0,0.0014186387742220706
842.0,0.0014028897195709935
843.0,0.0013876989759493265
844.0,0.0013846772911644573
845.0,0.00138570579624655
846.0,0.001377950987251983
847.0,0.001356761182836085
848.0,0.0013313800686858576
849.0,0.0013302200741920997
850.0,0.0013196232225802097
851.0,0.0012898332174756217
852.0,0.0012837122584158874
853.0,0.001288259157180041
854.0,0.0012778562737590833
855.0,0.001256285203894984
856.0,0.0012419848819911808
857.0,0.0012354362098325952
858.0,0.0012266009888777772
859.0,0.0012144749981331808
860.0,0.0012079608460575247
861.0,0.0011975749813669587
862.0,0.0011888546104376033
863.0,0.0011789141244008153
864.0,0.001168092828712887
865.0,0.0011608573130773296
866.0,0.0011536895844548823
867.0,0.0011459485315944268
868.0,0.0011289101251921805
869.0,0.0011189865505506773
870.0,0.0011167170500067697
871.0,0.0011041269914958485
872.0,0.0010841584409927608
873.0,0.0010687370458486703
874.0,0.0010614261759506985
875.0,0.0010568262646590513
876.0,0.0010487380237480606
877.0,0.001033161896084463
878.0,0.0010086577286799133
879.0,0.0009962305592111777
880.0,0.0009867007418212612
881.0,0.0009796569089922202
882.0,0.0009629371387067625
883.0,0.0009444725295243292
884.0,0.0009440890895783734
885.0,0.0009476260313630582
886.0,0.0009480814612846842
887.0,0.0009060425663104931
888.0,0.0008730792896159715
889.0,0.0008915755329897915
890.0,0.0009042072615934097
891.0,0.0008921054513222403
892.0,0.0008697833743980156
893.0,0.0008458529114920708
894.0,0.0008283278895814064
895.0,0.000798537708180504
896.0,0.0007884744021303969
897.0,0.0007932856818186999
898.0,0.0007925593898881038
899.0,0.0007760652894244038
