/begin_header
/west_longitude=UNKNOWN
/south_latitude=NA
/north_latitude=UNKNOWN
/calibration_files=NA
/cruise=NA
/station=NA
/documents=NA
/data_type=NA
/affiliations=NOAA
/experiment=NA
/units=nm,dl
/start_date=2019-08-16
/end_date=NA
/missing=9999
/start_time=14:16:44
/data_file_name=NA
/cloud_percent=NA
/water_depth=NA
/data_status=NA
/east_longitude=NA
/wind_speed=NA
/secchi=NA
/measurement_depth=NA
/fields=wavelength,rrs
/delimiter=comma
/contact=NA
/end_time=NA
/wave_height=NA
/investigators=NA
/end_header@
325.0,0.01374380434844782
326.0,0.013828468383765067
327.0,0.013886584090354986
328.0,0.013826068578200974
329.0,0.01375800520511752
330.0,0.013727431275244478
331.0,0.013682799585305657
332.0,0.013753538980201
333.0,0.013820692957562431
334.0,0.013708414695019855
335.0,0.013653949747721278
336.0,0.013676740833930034
337.0,0.013677642593728506
338.0,0.013667826189752694
339.0,0.013644109107960942
340.0,0.013601752478380354
341.0,0.013577007615408887
342.0,0.013598326399834087
343.0,0.013619249568535543
344.0,0.013635435314639474
345.0,0.013636962841195357
346.0,0.013629970865238062
347.0,0.01363888989733047
348.0,0.01367399542231473
349.0,0.013696898984280545
350.0,0.013659347988703132
351.0,0.01367014857047128
352.0,0.013708628643626325
353.0,0.013735873722585579
354.0,0.01373839467494849
355.0,0.013722671464379398
356.0,0.01373150891897584
357.0,0.013738791376681084
358.0,0.013728463833343233
359.0,0.013730257628601467
360.0,0.013736058284603492
361.0,0.013722096805584685
362.0,0.01369864434493141
363.0,0.013675765824340649
364.0,0.013664420664730392
365.0,0.013653509774529551
366.0,0.013637234403875126
367.0,0.013614321096715652
368.0,0.013588043058862572
369.0,0.013574862703828048
370.0,0.013561379181678976
371.0,0.013533389492335032
372.0,0.013514062377135688
373.0,0.013494591036933581
374.0,0.013448414481587772
375.0,0.013423775714974221
376.0,0.013409670794081147
377.0,0.013366559309444706
378.0,0.013329158106383387
379.0,0.013302638179691028
380.0,0.013282705638663208
381.0,0.013271921402174485
382.0,0.013272307966921183
383.0,0.01326550456466603
384.0,0.013254202708477348
385.0,0.013226198065866187
386.0,0.013199839741315453
387.0,0.013181400906311324
388.0,0.01317495528989045
389.0,0.013168911389841345
390.0,0.013158475833728681
391.0,0.01314214261166904
392.0,0.01313010710374749
393.0,0.01311226411530444
394.0,0.013073799315694478
395.0,0.013021103297283293
396.0,0.01297384173270868
397.0,0.012929912471133283
398.0,0.012874452093879227
399.0,0.012823262803887143
400.0,0.012776116349202721
401.0,0.012713926763731875
402.0,0.012658511145685674
403.0,0.012606544266588138
404.0,0.012532116940210506
405.0,0.012455579950581918
406.0,0.01238171222470594
407.0,0.012293340976083245
408.0,0.012198162735821291
409.0,0.012107905996980362
410.0,0.012023230908887819
411.0,0.01194302474095832
412.0,0.01186309201052416
413.0,0.011792930890556172
414.0,0.011736126776516708
415.0,0.01168253739263152
416.0,0.011634320661467284
417.0,0.011587742069613303
418.0,0.01154791553343586
419.0,0.011515344672410397
420.0,0.01148020136702458
421.0,0.011447814576940479
422.0,0.011428599712474757
423.0,0.011404096855360767
424.0,0.011378667287575497
425.0,0.01135548943761452
426.0,0.011328973011498525
427.0,0.011295010732644564
428.0,0.011252523108694481
429.0,0.011205249312988014
430.0,0.01115792502327484
431.0,0.011108476455508307
432.0,0.011055002571724329
433.0,0.010995526492601722
434.0,0.01095078812570201
435.0,0.01092530579876827
436.0,0.010909010214785523
437.0,0.010906234918293393
438.0,0.01091647427660283
439.0,0.010937398915451053
440.0,0.010972126425914028
441.0,0.011026839635150163
442.0,0.011103068743842185
443.0,0.011199409967707375
444.0,0.011313017798172818
445.0,0.011444161365493293
446.0,0.011593350798645903
447.0,0.011755716957534313
448.0,0.01192443852908372
449.0,0.012093384620233783
450.0,0.012260525751385738
451.0,0.012428715753341302
452.0,0.012598602587956795
453.0,0.012761597061291752
454.0,0.012913715005256735
455.0,0.013054524569808091
456.0,0.01318390828629266
457.0,0.013302032021844887
458.0,0.013413216576007326
459.0,0.013516897430623398
460.0,0.01360885094942273
461.0,0.013695056984608378
462.0,0.013785629513338466
463.0,0.013876209401772355
464.0,0.013964772973305867
465.0,0.014046998283875766
466.0,0.014131355991112227
467.0,0.014221027354093996
468.0,0.014305137414922753
469.0,0.014383581679407226
470.0,0.014459603476980476
471.0,0.01453019679636946
472.0,0.014594068955155567
473.0,0.01465755825456454
474.0,0.014715664935580759
475.0,0.014762335801319654
476.0,0.014807462020108917
477.0,0.01485110625668944
478.0,0.014887299394966127
479.0,0.01492470015620168
480.0,0.01496676631925008
481.0,0.01501508192473712
482.0,0.01507152979816713
483.0,0.015134413534107669
484.0,0.015201754124707067
485.0,0.015278950640066185
486.0,0.015375386142267439
487.0,0.015471134493878982
488.0,0.015561038132765423
489.0,0.01566646004671835
490.0,0.015783492735691705
491.0,0.015913324615062303
492.0,0.016060346786202905
493.0,0.016224544415861047
494.0,0.01639201393606747
495.0,0.016569347557712156
496.0,0.016762105321928088
497.0,0.01696707064485128
498.0,0.017182768427663007
499.0,0.01741095659911417
500.0,0.017652702132507227
501.0,0.017903935389284177
502.0,0.018156259140865685
503.0,0.0184064027362282
504.0,0.018655119919072927
505.0,0.018903099126528797
506.0,0.019146557063166755
507.0,0.019386031270037206
508.0,0.019621136686982007
509.0,0.019853124203686436
510.0,0.0200764392379487
511.0,0.020295203281238343
512.0,0.020516523302966737
513.0,0.02074967439428615
514.0,0.020997721428346487
515.0,0.021261291859280766
516.0,0.02154033662501039
517.0,0.02183621209076899
518.0,0.02214688458426596
519.0,0.022465475621032693
520.0,0.022794366522825828
521.0,0.023141813000393814
522.0,0.023515093983865417
523.0,0.023910973322487976
524.0,0.02434067470321701
525.0,0.024803415838934435
526.0,0.025299901865042912
527.0,0.025826770630011243
528.0,0.02635998470430558
529.0,0.02689588341143917
530.0,0.027443992200187423
531.0,0.02802911916741869
532.0,0.028642367558454097
533.0,0.02926888232139637
534.0,0.02990387030311592
535.0,0.030534567654576312
536.0,0.031159895899280077
537.0,0.03178702937161846
538.0,0.03241951743256309
539.0,0.03305116086208696
540.0,0.03367560849834282
541.0,0.03428372480095898
542.0,0.03486489102383496
543.0,0.03541485066347434
544.0,0.03593855977325848
545.0,0.036436385263021086
546.0,0.03691024081308787
547.0,0.03735525235774421
548.0,0.03777012177202167
549.0,0.038153141224295174
550.0,0.03851006458269778
551.0,0.03884794689130979
552.0,0.03916788178210357
553.0,0.039464090037312154
554.0,0.0397328202740844
555.0,0.03996822543336255
556.0,0.04016999964358527
557.0,0.04033958069952346
558.0,0.04047395332872125
559.0,0.04057046839129881
560.0,0.04062694569463698
561.0,0.040644812676895556
562.0,0.04062546898917452
563.0,0.04056960663537348
564.0,0.04047635426853832
565.0,0.04033805519178514
566.0,0.04015845653223672
567.0,0.039941339789106294
568.0,0.03968055823767884
569.0,0.039374123009835435
570.0,0.039027177408498794
571.0,0.03864692369073164
572.0,0.03824526392481611
573.0,0.03782025567154418
574.0,0.037371391339896386
575.0,0.03689961845115822
576.0,0.036404495872714195
577.0,0.03588958107331028
578.0,0.0353565209329918
579.0,0.03480689931633704
580.0,0.03424649482311577
581.0,0.03367495070644344
582.0,0.03309671705791754
583.0,0.032515873061165226
584.0,0.031930952915364366
585.0,0.031346256990709497
586.0,0.03077788128194848
587.0,0.030218167361241145
588.0,0.029646782283714777
589.0,0.02905883715843228
590.0,0.028474071756420215
591.0,0.027915895696842503
592.0,0.02736149883132636
593.0,0.02678265895025399
594.0,0.026180488744383706
595.0,0.02554917269651575
596.0,0.02488096086273974
597.0,0.024187405114212884
598.0,0.02348326963331233
599.0,0.02280079906866153
600.0,0.022167336655572904
601.0,0.021611230771421623
602.0,0.021140789070347967
603.0,0.02075298270303972
604.0,0.020429115939117223
605.0,0.020147144524571847
606.0,0.019891174402809186
607.0,0.019647471596218095
608.0,0.019412466170992633
609.0,0.01918470918848334
610.0,0.018960276709358806
611.0,0.018739475302679016
612.0,0.01852316835508532
613.0,0.018310106244646816
614.0,0.018102002506576162
615.0,0.017902663452461793
616.0,0.017715219683049385
617.0,0.01753900021766593
618.0,0.017374879772520863
619.0,0.017223137234443638
620.0,0.017086963403710523
621.0,0.016961734527920987
622.0,0.016843781055227488
623.0,0.016744109454316484
624.0,0.01666192848059795
625.0,0.01658604866028778
626.0,0.01651220913870307
627.0,0.016440424089856333
628.0,0.016388357321911306
629.0,0.016349902635418866
630.0,0.01631113674488135
631.0,0.016279828677595885
632.0,0.01626102688927903
633.0,0.01626572121095619
634.0,0.016282012340391675
635.0,0.016300317513865875
636.0,0.016332910185856125
637.0,0.016379998156972973
638.0,0.01644544539944897
639.0,0.016522592275725136
640.0,0.016605754350473106
641.0,0.016690266983000433
642.0,0.016767781104760047
643.0,0.016833087151136645
644.0,0.0168944294553693
645.0,0.016951360158382424
646.0,0.016993401910816074
647.0,0.017016139732885262
648.0,0.01701263293626821
649.0,0.016977125689315652
650.0,0.01690516859869333
651.0,0.016795141355668376
652.0,0.016652930127771148
653.0,0.01648244729313014
654.0,0.016307809602068502
655.0,0.016066826707584535
656.0,0.015722811043546926
657.0,0.015323599998138673
658.0,0.014922624452419491
659.0,0.014550702895632572
660.0,0.014185728036345218
661.0,0.01382673460785197
662.0,0.01348050379057281
663.0,0.013146140807067427
664.0,0.01282067020445756
665.0,0.012512776209246295
666.0,0.012228209527435946
667.0,0.011966804314994809
668.0,0.011743911369233622
669.0,0.011566246805790145
670.0,0.011429714962773074
671.0,0.011325584394878772
672.0,0.011242686927940514
673.0,0.011185147747715053
674.0,0.011150553037086338
675.0,0.011132128779841132
676.0,0.011132291650500663
677.0,0.011161531535306603
678.0,0.011219997442168223
679.0,0.011309501128357135
680.0,0.011437900046783264
681.0,0.011609776755184858
682.0,0.011829134609521985
683.0,0.012102109291739476
684.0,0.012439559030105369
685.0,0.012882327632790569
686.0,0.013402527039571349
687.0,0.013947631746439135
688.0,0.01438409637021353
689.0,0.014783779940457334
690.0,0.015227203728163849
691.0,0.01569363485265269
692.0,0.016176213555534752
693.0,0.016649666091240054
694.0,0.0170724157860278
695.0,0.017414904776525457
696.0,0.01769601746478987
697.0,0.017918825691402247
698.0,0.018093523211745323
699.0,0.018211266542059963
700.0,0.01825774500854077
701.0,0.018220467641511553
702.0,0.018115884492845298
703.0,0.01795229580419585
704.0,0.01774194538021616
705.0,0.017486782281036978
706.0,0.01718822540727023
707.0,0.01683335623673487
708.0,0.01642938097517579
709.0,0.01600114947262754
710.0,0.01554183144402609
711.0,0.01504752682431825
712.0,0.014531798096762633
713.0,0.01401439253161588
714.0,0.013503558750205147
715.0,0.013026986013882197
716.0,0.012567604699805732
717.0,0.01209655584049038
718.0,0.011579850006238273
719.0,0.011049431093905415
720.0,0.010549491897187308
721.0,0.010109033831531467
722.0,0.009728292276094338
723.0,0.00934566839628917
724.0,0.008947146884349045
725.0,0.008536698285632222
726.0,0.008131601267810628
727.0,0.007724338139150031
728.0,0.007309451222719136
729.0,0.0068895855620593775
730.0,0.00647600609983712
731.0,0.006097169357629889
732.0,0.0057734840354899866
733.0,0.005509920072895649
734.0,0.005286906578948338
735.0,0.005091218097091779
736.0,0.004933934824408493
737.0,0.004819221225289089
738.0,0.004738487849850656
739.0,0.0046745382423776845
740.0,0.00462388545853483
741.0,0.004587660557219479
742.0,0.004558066088981676
743.0,0.00452540639654767
744.0,0.004502432365652717
745.0,0.00448882445348312
746.0,0.004474728607187847
747.0,0.00445507028260408
748.0,0.004436153424137022
749.0,0.004422339323270816
750.0,0.004411987964060991
751.0,0.004398032278431942
752.0,0.004385454905116522
753.0,0.004368881936274764
754.0,0.0043581642620942156
755.0,0.004349300631371235
756.0,0.004335790293508146
757.0,0.004337336825415322
758.0,0.004357574742354986
759.0,0.004385313669063122
760.0,0.004403068047227061
761.0,0.004375079770776202
762.0,0.0043431159167375884
763.0,0.004318022613262791
764.0,0.004309114407960278
765.0,0.0042993660646464165
766.0,0.004286806984654741
767.0,0.004281444669221772
768.0,0.004281603562192662
769.0,0.004282490513020485
770.0,0.0042843501575766125
771.0,0.004293355264325887
772.0,0.004315675933370156
773.0,0.0043323664238579165
774.0,0.004341989254352726
775.0,0.004356076184751373
776.0,0.004371419467296451
777.0,0.004389278655815624
778.0,0.004408338901593059
779.0,0.004429245828691495
780.0,0.004449965855092025
781.0,0.004480732605325967
782.0,0.004518261212846065
783.0,0.004547830770873313
784.0,0.004572680502689853
785.0,0.0046043739160988575
786.0,0.004638550366091175
787.0,0.0046727330897250036
788.0,0.004709608870790999
789.0,0.004749958468000525
790.0,0.004788779118683595
791.0,0.00482372914033558
792.0,0.004860434956838518
793.0,0.004905517570547678
794.0,0.00493902978069342
795.0,0.004965209907132031
796.0,0.005012076995201473
797.0,0.005054597470110658
798.0,0.005077875318430125
799.0,0.005100967357114255
800.0,0.005128831081100537
801.0,0.005159022811440914
802.0,0.0051814395877684185
803.0,0.005190806206019644
804.0,0.005201624904509811
805.0,0.005212340425773924
806.0,0.005214006215202453
807.0,0.005204286545510769
808.0,0.005188428224879635
809.0,0.005168580294722944
810.0,0.005142098875289572
811.0,0.005107517614344543
812.0,0.005063197833124076
813.0,0.005015068794507439
814.0,0.004972240330780603
815.0,0.004906113742086515
816.0,0.004829710144978754
817.0,0.004757455325041598
818.0,0.004683569629511169
819.0,0.00460527038728451
820.0,0.004507121825329546
821.0,0.004395618500190863
822.0,0.004273377224455371
823.0,0.004139200899033897
824.0,0.003997803766129527
825.0,0.00384495861152594
826.0,0.0036840777193225295
827.0,0.003524933718396733
828.0,0.0033737394450551765
829.0,0.003229315913842036
830.0,0.0031036986185124433
831.0,0.002973726177560525
832.0,0.002854603438529846
833.0,0.002781325367574903
834.0,0.0027245334755966757
835.0,0.002667811011685603
836.0,0.002625758785330312
837.0,0.002583716554923936
838.0,0.0025374649887946027
839.0,0.00251199289498494
840.0,0.0024955278555726297
841.0,0.0024733551558760933
842.0,0.002443105348379626
843.0,0.00241076405894231
844.0,0.002393869671228062
845.0,0.0023807074724458673
846.0,0.002360966848308024
847.0,0.0023413227253389194
848.0,0.0023115575927410955
849.0,0.0022854076684085045
850.0,0.0022625064676127698
851.0,0.002242414137037054
852.0,0.0022300610208132047
853.0,0.0022175290689910904
854.0,0.002187812064706156
855.0,0.0021689138905050045
856.0,0.002163903038693806
857.0,0.0021490485455389207
858.0,0.0021344101439183
859.0,0.0021207147856715765
860.0,0.0021014357707958226
861.0,0.002082229087116909
862.0,0.0020619158861150772
863.0,0.002043498544214055
864.0,0.00201831685491165
865.0,0.00201213017474485
866.0,0.0020030704449467847
867.0,0.001983624667823683
868.0,0.0019691628426656282
869.0,0.0019391782816397135
870.0,0.001905402477047458
871.0,0.001883558603745047
872.0,0.001878340425598403
873.0,0.0018632022459484595
874.0,0.0018438423781470766
875.0,0.0018194774368364309
876.0,0.0017865734920956625
877.0,0.0017630870834510382
878.0,0.0017491654275649054
879.0,0.0017259792242709372
880.0,0.001691725195753189
881.0,0.0016593230123758882
882.0,0.0016339145747933889
883.0,0.0016156407885941308
884.0,0.0016044248293390815
885.0,0.0015892415294406989
886.0,0.0015585491654714662
887.0,0.0015351790927327967
888.0,0.0015083923580173622
889.0,0.0015103404143608442
890.0,0.0014966058931767732
891.0,0.0014647610460228342
892.0,0.0014563201303179787
893.0,0.0014389968517562624
894.0,0.0013997338396760143
895.0,0.0013830786448503674
896.0,0.001383654414049741
897.0,0.0013612661478803454
898.0,0.0013325122341524376
899.0,0.001317378841712238
