/begin_header
/west_longitude=UNKNOWN
/south_latitude=NA
/north_latitude=UNKNOWN
/calibration_files=NA
/cruise=NA
/station=NA
/documents=NA
/data_type=NA
/affiliations=NOAA
/experiment=NA
/units=nm,dl
/start_date=2019-08-16
/end_date=NA
/missing=9999
/start_time=09:55:52
/data_file_name=NA
/cloud_percent=NA
/water_depth=NA
/data_status=NA
/east_longitude=NA
/wind_speed=NA
/secchi=NA
/measurement_depth=NA
/fields=wavelength,rrs
/delimiter=comma
/contact=NA
/end_time=NA
/wave_height=NA
/investigators=NA
/end_header@
325.0,0.006658603838967017
326.0,0.006540299154860785
327.0,0.006447670868625899
328.0,0.006324761174280315
329.0,0.006273850517090061
330.0,0.006272567210387219
331.0,0.0062620281297018675
332.0,0.0061745229007616215
333.0,0.006051563443387267
334.0,0.006022126295171784
335.0,0.00604836252020452
336.0,0.006095022310953032
337.0,0.0060826618881787715
338.0,0.006021191805602875
339.0,0.005990661909444929
340.0,0.005949879984734995
341.0,0.005940142314701318
342.0,0.0059847545039263955
343.0,0.0059798367028373
344.0,0.005959986317217144
345.0,0.005993899171040505
346.0,0.006027948468463598
347.0,0.006085664269912183
348.0,0.006044974782797063
349.0,0.006033635364459159
350.0,0.006112538664995448
351.0,0.006158061540041792
352.0,0.006169546449737958
353.0,0.006169546950399709
354.0,0.00618077823109405
355.0,0.006214979718996481
356.0,0.006263257375051344
357.0,0.006295981790706065
358.0,0.006302188667337146
359.0,0.006301697353999209
360.0,0.006306343051283969
361.0,0.006275370565427282
362.0,0.0062851898627953925
363.0,0.006324759323328194
364.0,0.006278547925862976
365.0,0.006239661419143656
366.0,0.006249540992505486
367.0,0.006240490081909659
368.0,0.0062263922171065045
369.0,0.006257514086576441
370.0,0.006259481811069331
371.0,0.006217759639419662
372.0,0.006190997420750133
373.0,0.006172152810090743
374.0,0.006136761910262035
375.0,0.006133954424430013
376.0,0.006153961184119023
377.0,0.006134547718433485
378.0,0.006126349791907385
379.0,0.006131003523478093
380.0,0.006127941662067519
381.0,0.006116724151941874
382.0,0.006099353687152746
383.0,0.006101881896995333
384.0,0.006110907798707646
385.0,0.006116015255687856
386.0,0.0061131721473763065
387.0,0.006103796888894361
388.0,0.006108379890645785
389.0,0.006109518826807369
390.0,0.00610846703450941
391.0,0.006107044858779983
392.0,0.0061121475201929495
393.0,0.006114353339778492
394.0,0.006109204526582672
395.0,0.006097135250378921
396.0,0.006074682799570905
397.0,0.006052310720985372
398.0,0.006035690535156203
399.0,0.006002463994601896
400.0,0.0059703139721741785
401.0,0.005956540460821316
402.0,0.005935769548484538
403.0,0.00591112368780368
404.0,0.005891724235809248
405.0,0.005870476216251514
406.0,0.005847474271226295
407.0,0.005822373746944337
408.0,0.005793840868065421
409.0,0.005761422948918301
410.0,0.005738542497402787
411.0,0.005724929386438374
412.0,0.0056974277624403154
413.0,0.005675939193840591
414.0,0.005663831031994115
415.0,0.005652995770410068
416.0,0.005648258012628059
417.0,0.0056511886070492404
418.0,0.005649116575505418
419.0,0.0056471342387947356
420.0,0.005670658067918768
421.0,0.005688158092320822
422.0,0.005680343868896396
423.0,0.005681496896894789
424.0,0.0057003671019937715
425.0,0.005720136526660783
426.0,0.005739816788545297
427.0,0.005758961645714341
428.0,0.005759408934914218
429.0,0.005760643863226676
430.0,0.005768857502937731
431.0,0.005768975272900266
432.0,0.00576566742906546
433.0,0.005769753864528076
434.0,0.00577263060375354
435.0,0.005772144339944843
436.0,0.00577588583511784
437.0,0.00578716876508241
438.0,0.005809302599371625
439.0,0.00584349693018907
440.0,0.005888714646286811
441.0,0.005944628305772619
442.0,0.006011555565941338
443.0,0.006086396665919383
444.0,0.006166966101325598
445.0,0.006262698415135173
446.0,0.006381710557114906
447.0,0.006505443769907771
448.0,0.0066339486167343404
449.0,0.006771147059335481
450.0,0.0069113883146405845
451.0,0.007054133415268659
452.0,0.007198889841847318
453.0,0.007343335999981081
454.0,0.00748162793952953
455.0,0.007614873565296154
456.0,0.007740552084897277
457.0,0.007854149740217697
458.0,0.007955898698490742
459.0,0.00805239117047406
460.0,0.008141423198579315
461.0,0.008226781880989123
462.0,0.008310499139143676
463.0,0.00839182774877514
464.0,0.008470672485373075
465.0,0.008549793278002248
466.0,0.00863569974326687
467.0,0.008726750188161457
468.0,0.0088221393355274
469.0,0.008916378905963097
470.0,0.009001413343807621
471.0,0.00909513263764385
472.0,0.00919686622984979
473.0,0.00928873889892172
474.0,0.009375375687940928
475.0,0.009465186061791822
476.0,0.009555080688273482
477.0,0.009638357404160833
478.0,0.009716533833520663
479.0,0.00978500448494751
480.0,0.009846216527079923
481.0,0.009913138142437782
482.0,0.00998097426863794
483.0,0.010037780659020348
484.0,0.010101232059552875
485.0,0.01017088498587582
486.0,0.010228968746363106
487.0,0.010288542084690102
488.0,0.01035328124389618
489.0,0.010404516216016896
490.0,0.010458108958115461
491.0,0.010534061920136246
492.0,0.01061358270957859
493.0,0.01069687718398769
494.0,0.010794670756409898
495.0,0.010900146695066715
496.0,0.011007803797975422
497.0,0.01114419426464876
498.0,0.011299141096644014
499.0,0.011446696231762619
500.0,0.011621664536892765
501.0,0.01182319279885733
502.0,0.012015413534236834
503.0,0.012218007540993874
504.0,0.012441127620480222
505.0,0.012668520385895495
506.0,0.01290341127629811
507.0,0.013155472486741685
508.0,0.013410884632147766
509.0,0.013667152123753171
510.0,0.013931634807715657
511.0,0.014205211913603456
512.0,0.014485507853364757
513.0,0.014789705140781645
514.0,0.015117826123539794
515.0,0.01545623050871584
516.0,0.015816753832826998
517.0,0.016199950969907773
518.0,0.01659957081920211
519.0,0.016997683692677512
520.0,0.01738147359123586
521.0,0.01776443206701701
522.0,0.01815653446985071
523.0,0.018561108594865938
524.0,0.01897517540944755
525.0,0.019394122332429254
526.0,0.01983048326485682
527.0,0.020277676242703907
528.0,0.020711056000712696
529.0,0.021129337180953188
530.0,0.021536985476235306
531.0,0.02194985224120503
532.0,0.02236790809031348
533.0,0.02278785032584108
534.0,0.023193919100532596
535.0,0.023577492593222907
536.0,0.023948621580191003
537.0,0.024311155028275893
538.0,0.024662762452093652
539.0,0.024993367494496127
540.0,0.025303270671039844
541.0,0.025594850770223172
542.0,0.025859178699893664
543.0,0.026093398977886085
544.0,0.026301639934659015
545.0,0.026482101563584954
546.0,0.02663234152867448
547.0,0.02674940004378676
548.0,0.026837272404033635
549.0,0.026907627282043784
550.0,0.026956734799751813
551.0,0.02698900737869563
552.0,0.027011639548475554
553.0,0.02701843657438585
554.0,0.027003327969955616
555.0,0.026973073130786264
556.0,0.026925058634962716
557.0,0.026848651359776064
558.0,0.026749799407734504
559.0,0.02662980263760258
560.0,0.026486300935481176
561.0,0.0263239467668268
562.0,0.02614522982839788
563.0,0.025943468735291915
564.0,0.02571936216016569
565.0,0.025476836247437844
566.0,0.02521474476495637
567.0,0.024932073522676255
568.0,0.024625496299908095
569.0,0.024295982079405278
570.0,0.02394928682391429
571.0,0.02358269073697421
572.0,0.02320153409490272
573.0,0.02281731513727313
574.0,0.022425472498877885
575.0,0.022024968756774992
576.0,0.02161202415845044
577.0,0.021187319194046147
578.0,0.020755969463257164
579.0,0.020314913136084713
580.0,0.01987043191280418
581.0,0.019426919152240013
582.0,0.01898202634624399
583.0,0.018531878878944686
584.0,0.01808740211445602
585.0,0.017651368572271536
586.0,0.01722628450442482
587.0,0.01681173851566404
588.0,0.016402977533288825
589.0,0.015980263136616157
590.0,0.015548257384503267
591.0,0.015129798523567928
592.0,0.014728245664746004
593.0,0.014320898311439689
594.0,0.01390187206177349
595.0,0.013462092889835487
596.0,0.013004520747299547
597.0,0.012534786490070416
598.0,0.012061124498938643
599.0,0.011593246941350244
600.0,0.011163483335213175
601.0,0.010799186644593634
602.0,0.010490802049704774
603.0,0.010238968144101053
604.0,0.010036536999323985
605.0,0.009873269971310838
606.0,0.009735343724492541
607.0,0.009602746625972571
608.0,0.009476431978716605
609.0,0.00935989292302046
610.0,0.009247622007297406
611.0,0.009140407113972435
612.0,0.009038505217797688
613.0,0.00894140161043781
614.0,0.008844933481846007
615.0,0.008747711227978995
616.0,0.008654903615170333
617.0,0.00857251619661709
618.0,0.008498062212825803
619.0,0.008431587798566623
620.0,0.008378651795727497
621.0,0.00833288068027267
622.0,0.008290156855054279
623.0,0.008255717412003026
624.0,0.008228214843461815
625.0,0.008203612368789418
626.0,0.008189886585562403
627.0,0.00818585354370284
628.0,0.008184917251733087
629.0,0.008190248375748976
630.0,0.008203651919110006
631.0,0.008217124734561317
632.0,0.008235905160448077
633.0,0.008273099678262837
634.0,0.008317199113300608
635.0,0.008358786676100054
636.0,0.0084091738537557
637.0,0.008466217600960746
638.0,0.008512810059317243
639.0,0.008561373396077548
640.0,0.008616843270384995
641.0,0.00866591699519179
642.0,0.008704948495564512
643.0,0.008738332181867516
644.0,0.008767001204804621
645.0,0.008791613763488344
646.0,0.008813399021676195
647.0,0.008829508688291531
648.0,0.008837636531313933
649.0,0.008821345358049126
650.0,0.008783292684962042
651.0,0.008726586091162943
652.0,0.008648327331863454
653.0,0.0085525620542735
654.0,0.00845714537204114
655.0,0.008329516922375397
656.0,0.008138523414874985
657.0,0.007894417386460541
658.0,0.007636195194800584
659.0,0.007395047063350937
660.0,0.007158482136688184
661.0,0.0069251665054716905
662.0,0.006694842546625887
663.0,0.006468945551451832
664.0,0.006246308982972589
665.0,0.006039788211527947
666.0,0.005846666221238279
667.0,0.005658117918073818
668.0,0.005501257901297793
669.0,0.005382571936568157
670.0,0.0052797682041551015
671.0,0.005194288179785132
672.0,0.005131422352893052
673.0,0.005077296413147973
674.0,0.005032644155255757
675.0,0.005016076934314719
676.0,0.005008426319908536
677.0,0.005006302877153062
678.0,0.005028028718373392
679.0,0.0050728366523748614
680.0,0.005128336265714662
681.0,0.0052126128836576194
682.0,0.005335972852790298
683.0,0.005484751459983259
684.0,0.005667467762009362
685.0,0.005917559231012889
686.0,0.006226945610790168
687.0,0.00657978236929926
688.0,0.006871512414379185
689.0,0.007139171976441663
690.0,0.007432375498886409
691.0,0.007747758451618736
692.0,0.00808369262830804
693.0,0.00842573096856898
694.0,0.008752994144720052
695.0,0.009040918017277359
696.0,0.009280697879570197
697.0,0.009486704966378413
698.0,0.009674134664217515
699.0,0.009816005725954664
700.0,0.009907153185291829
701.0,0.009956512881055962
702.0,0.009955817751790656
703.0,0.00990594836290842
704.0,0.00983504612637184
705.0,0.009745076958012067
706.0,0.009628361890495558
707.0,0.009486555542445194
708.0,0.009319955233321303
709.0,0.009121979401155052
710.0,0.008909493590381488
711.0,0.008693140674213964
712.0,0.008444982450402769
713.0,0.00818019737045437
714.0,0.007937630425960133
715.0,0.007703091913873325
716.0,0.007465989816774571
717.0,0.007252450538595548
718.0,0.007013524226145579
719.0,0.006720549774230105
720.0,0.0064289332293290345
721.0,0.006174895478655803
722.0,0.0059455094714635035
723.0,0.005723659640700508
724.0,0.0054982989065198665
725.0,0.0052625305014190795
726.0,0.005019722813396898
727.0,0.004761163932944021
728.0,0.004496370947847836
729.0,0.004228755932132386
730.0,0.003956538224722657
731.0,0.003690372217058624
732.0,0.0034504563162055476
733.0,0.003260308888724389
734.0,0.0031062900723426894
735.0,0.0029689561732726896
736.0,0.0028620312500748308
737.0,0.0027887935327938953
738.0,0.002727307939793173
739.0,0.002679104981659681
740.0,0.002646228134985765
741.0,0.0026197267665798974
742.0,0.0025994000679196226
743.0,0.002589073539611489
744.0,0.002576466142041105
745.0,0.0025582329121123007
746.0,0.002551775502941631
747.0,0.0025509402158976034
748.0,0.0025422277781802366
749.0,0.002532570433338359
750.0,0.0025242815832025485
751.0,0.00251112554686437
752.0,0.0025044429671302925
753.0,0.002498901365506419
754.0,0.002490634732782081
755.0,0.0024814329198004285
756.0,0.0024826487079508503
757.0,0.002487003497153412
758.0,0.002495908854123726
759.0,0.0025316651977815496
760.0,0.0025740589115394656
761.0,0.0025692770491544856
762.0,0.00256541099100079
763.0,0.002549066039443642
764.0,0.002506455697838711
765.0,0.0024914227664165896
766.0,0.002494515845974614
767.0,0.0024775042322770667
768.0,0.0024656631422908743
769.0,0.0024781716140321233
770.0,0.0024865885651754686
771.0,0.002488988320750062
772.0,0.002501551971471387
773.0,0.002511478684242522
774.0,0.002517027502760072
775.0,0.002534739935519859
776.0,0.002553686453307693
777.0,0.002561361104482044
778.0,0.0025729031303116353
779.0,0.002594657841616356
780.0,0.002617936572407117
781.0,0.0026391095761699166
782.0,0.002662028854898038
783.0,0.002687479506065147
784.0,0.002709630424397408
785.0,0.002727399559999058
786.0,0.002757051947224481
787.0,0.002792219326151463
788.0,0.002811234162224213
789.0,0.0028362387875474015
790.0,0.0028704139667652564
791.0,0.0029018964804111546
792.0,0.0029292990162416085
793.0,0.002958703420963995
794.0,0.002995546109524567
795.0,0.0030352380144263386
796.0,0.0030631548364439634
797.0,0.003083703986133394
798.0,0.0031068227636099695
799.0,0.003135701879005963
800.0,0.0031605484741117755
801.0,0.003175381943665897
802.0,0.003195036747259579
803.0,0.0032154011202211357
804.0,0.0032293505540320817
805.0,0.003230209231458379
806.0,0.0032219022921871655
807.0,0.003220963594114814
808.0,0.003222738214858421
809.0,0.0032059387587817915
810.0,0.0031929767947264606
811.0,0.0031850669437304595
812.0,0.003152838165683257
813.0,0.003113384508972525
814.0,0.003097126939977378
815.0,0.0030575664346338175
816.0,0.0030006809098616803
817.0,0.0029491382243765035
818.0,0.0028969126413392354
819.0,0.0028429605166892307
820.0,0.0027794628779885654
821.0,0.002702254133914326
822.0,0.0025970707688533065
823.0,0.0025098967539384505
824.0,0.0024301834391709846
825.0,0.0023071154365793866
826.0,0.002185584617920091
827.0,0.002071928921378402
828.0,0.001946164158295599
829.0,0.001822856237570993
830.0,0.0017222846817755457
831.0,0.0016224719385350723
832.0,0.0015341196647269105
833.0,0.0014816187962463012
834.0,0.0014288257192108212
835.0,0.001369621593117809
836.0,0.0013386584124301874
837.0,0.0013070829980168929
838.0,0.0012632182261633294
839.0,0.0012472061386032628
840.0,0.0012423425747675521
841.0,0.0012142958438625447
842.0,0.0011861825883117834
843.0,0.0011720739997377015
844.0,0.0011530245679329614
845.0,0.001132993677426118
846.0,0.0011367876818327114
847.0,0.0011199012396944247
848.0,0.001085197275242892
849.0,0.0010718340697964208
850.0,0.0010588912846808524
851.0,0.001036370465272294
852.0,0.0010285306052333942
853.0,0.0010292312850738357
854.0,0.0010207331332098598
855.0,0.0010113509582320192
856.0,0.0009939263628442026
857.0,0.0009737182805030841
858.0,0.0009525654861577235
859.0,0.0009353480513997401
860.0,0.0009122840955945691
861.0,0.0008967563519502595
862.0,0.0008925956974151271
863.0,0.0008855806555115855
864.0,0.0008781756421700603
865.0,0.0008816830717697747
866.0,0.0008676429129780054
867.0,0.000830116269983463
868.0,0.0008328070213104076
869.0,0.0008308153504135932
870.0,0.000781413855754898
871.0,0.0007687871212191907
872.0,0.0007721753799971914
873.0,0.0007456501062649498
874.0,0.0007208143577768667
875.0,0.0007055539251196862
876.0,0.0007042379468523123
877.0,0.000685818974566192
878.0,0.0006564140497852479
879.0,0.0006275019468588438
880.0,0.0006024819936857173
881.0,0.000600861224231415
882.0,0.0005936783658678455
883.0,0.0005760447169969915
884.0,0.0005485176272442445
885.0,0.0005235023586092323
886.0,0.0005046166289231905
887.0,0.0005040115199907644
888.0,0.0005006507276774279
889.0,0.0004675930643886242
890.0,0.000475462743834965
891.0,0.000499179850467899
892.0,0.0004663503438906813
893.0,0.0004517363605505184
894.0,0.00046023845405603135
895.0,0.0003989727412344494
896.0,0.00035099295604670735
897.0,0.0003692353584026669
898.0,0.0003773524769320106
899.0,0.0003642091578822649
