/begin_header
/west_longitude=UNKNOWN
/south_latitude=NA
/north_latitude=UNKNOWN
/calibration_files=NA
/cruise=NA
/station=NA
/documents=NA
/data_type=NA
/affiliations=NOAA
/experiment=NA
/units=nm,dl
/start_date=2019-08-07
/end_date=NA
/missing=9999
/start_time=12:39:39
/data_file_name=NA
/cloud_percent=NA
/water_depth=NA
/data_status=NA
/east_longitude=NA
/wind_speed=NA
/secchi=NA
/measurement_depth=NA
/fields=wavelength,rrs
/delimiter=comma
/contact=NA
/end_time=NA
/wave_height=NA
/investigators=NA
/end_header@
325.0,0.0008242735602630987
326.0,0.0008189130530964775
327.0,0.0008479996893705736
328.0,0.0009047933883398433
329.0,0.0009071018538051045
330.0,0.0009243901787730875
331.0,0.0009883129575061584
332.0,0.0009633698010187129
333.0,0.0009191839759884853
334.0,0.0009724899781494208
335.0,0.0010545490046899714
336.0,0.001164450485389084
337.0,0.001281654592046726
338.0,0.0013235778431524424
339.0,0.0013331716648030117
340.0,0.0014248470704013145
341.0,0.001527986865964067
342.0,0.0015724242893413267
343.0,0.0016803535530619425
344.0,0.001829047030699179
345.0,0.0019096620679418808
346.0,0.001997666516043126
347.0,0.0021302766456279087
348.0,0.0022515248355634058
349.0,0.002358139243593624
350.0,0.0024767768271555133
351.0,0.0025766722909634945
352.0,0.002674728395912148
353.0,0.0027688653311429543
354.0,0.0028598746007904713
355.0,0.0029480466327579244
356.0,0.00301609846953877
357.0,0.0030993634893163743
358.0,0.003210332920810445
359.0,0.0033014797656295337
360.0,0.003377281905807263
361.0,0.0034526823100274585
362.0,0.00351945862845442
363.0,0.0035850064105570623
364.0,0.0036276165289598843
365.0,0.003657469283797539
366.0,0.003674388448703058
367.0,0.003722012923721002
368.0,0.003787930498729562
369.0,0.0038296427651207444
370.0,0.003870394602441753
371.0,0.00391267252776154
372.0,0.003964833064575896
373.0,0.003998177945419795
374.0,0.004028856492210089
375.0,0.004093853197609613
376.0,0.0041563658893040934
377.0,0.0041805890669296165
378.0,0.004202842175954235
379.0,0.0042391990151526065
380.0,0.004288124787808016
381.0,0.00434823143998816
382.0,0.004397056694160311
383.0,0.004436770910001044
384.0,0.0044861974872366615
385.0,0.0045479226668721316
386.0,0.004606430037161183
387.0,0.004657103960670442
388.0,0.004680431499976715
389.0,0.004702002125345984
390.0,0.0047556479549482125
391.0,0.004808328413568906
392.0,0.004854511667797139
393.0,0.00488684524192858
394.0,0.004911383637884663
395.0,0.004934855808234989
396.0,0.004963017339392135
397.0,0.004979195638085673
398.0,0.004979821742968487
399.0,0.004981755943252825
400.0,0.004987433964222562
401.0,0.004990232804759863
402.0,0.004985018511407658
403.0,0.004977831828143929
404.0,0.004977809593449007
405.0,0.004975633997636628
406.0,0.004963717245648444
407.0,0.004941204569142828
408.0,0.004913887372944649
409.0,0.0048929851617008375
410.0,0.004879223022604502
411.0,0.004870821893855971
412.0,0.004861824454716946
413.0,0.0048540006335846915
414.0,0.004851441650673618
415.0,0.004846376869749971
416.0,0.004849569933475609
417.0,0.0048684708643632404
418.0,0.004886130761096688
419.0,0.0048979012150210145
420.0,0.004910668280697973
421.0,0.004929399675614243
422.0,0.004956141785691102
423.0,0.004975656387364866
424.0,0.004997330099946821
425.0,0.005027836636330113
426.0,0.00504619369218733
427.0,0.005054787355430156
428.0,0.005072656558154242
429.0,0.005091237355715823
430.0,0.005100875463593578
431.0,0.0051067202638687284
432.0,0.005112706463309775
433.0,0.005114643103778733
434.0,0.005118682346665852
435.0,0.00512809011861968
436.0,0.005139943536622166
437.0,0.005164977539317442
438.0,0.005205805475556274
439.0,0.005252528872791146
440.0,0.005313742729382036
441.0,0.005397077339123523
442.0,0.005487416439947207
443.0,0.0055842238100506075
444.0,0.00570343802425495
445.0,0.005840623659730058
446.0,0.005989672344283043
447.0,0.006149541966019202
448.0,0.006317225590446572
449.0,0.006485980507702012
450.0,0.006656002682084888
451.0,0.006827851476362191
452.0,0.006997682085812247
453.0,0.00716471274147672
454.0,0.007323928928043666
455.0,0.007472470941335643
456.0,0.007610100644842124
457.0,0.00773551029944253
458.0,0.007851824935668482
459.0,0.007961547544497884
460.0,0.00806882791442436
461.0,0.008170242667360075
462.0,0.008264642670319825
463.0,0.008360470723559736
464.0,0.008457144597297007
465.0,0.008544183109826135
466.0,0.008637748786178644
467.0,0.008745317033657204
468.0,0.00885021377516754
469.0,0.008949804240914957
470.0,0.009046119844008375
471.0,0.009143355135025611
472.0,0.009241383797926231
473.0,0.009330776136510295
474.0,0.009414734646611776
475.0,0.009501612676605565
476.0,0.009584447204798056
477.0,0.009660164345124865
478.0,0.009737249696281019
479.0,0.009808227392251574
480.0,0.00987185509188313
481.0,0.00993613531332814
482.0,0.010004659364801268
483.0,0.010077726150028655
484.0,0.010155228638919836
485.0,0.010233699712495051
486.0,0.01031536682370093
487.0,0.010398468069170583
488.0,0.010480837584406308
489.0,0.010567082121357168
490.0,0.010655062938794932
491.0,0.0107523962292154
492.0,0.010865890255589004
493.0,0.010994238309174637
494.0,0.011123360852267247
495.0,0.011266571110864654
496.0,0.011426380993547765
497.0,0.011593424841070942
498.0,0.011774373320909614
499.0,0.011975810885578633
500.0,0.012186413788762769
501.0,0.012405871800033557
502.0,0.012639876013812223
503.0,0.01287908161264387
504.0,0.013114685452261845
505.0,0.013354194148259427
506.0,0.013600432242730337
507.0,0.013848668164201747
508.0,0.014097904972582637
509.0,0.014345671725410142
510.0,0.014590909548176323
511.0,0.014837697368938068
512.0,0.015092746972637868
513.0,0.015355632630154025
514.0,0.015633360695147504
515.0,0.01593550592942485
516.0,0.01625306321818977
517.0,0.016582369933919545
518.0,0.016920990212871183
519.0,0.017262986201798967
520.0,0.01760647739021693
521.0,0.017955244915763252
522.0,0.018316698379840044
523.0,0.01869799236785945
524.0,0.019099592476726417
525.0,0.019519379711804737
526.0,0.019964552793214567
527.0,0.02042969331697972
528.0,0.020897673447877275
529.0,0.021365408502221996
530.0,0.021836169286117743
531.0,0.02232416095705588
532.0,0.022827217644476407
533.0,0.023339664144558514
534.0,0.023858749399445326
535.0,0.024370020709665614
536.0,0.024866423790508428
537.0,0.02536058089596932
538.0,0.025857957491629342
539.0,0.026339753936849297
540.0,0.026806580956532943
541.0,0.02725967150617421
542.0,0.027682372966341295
543.0,0.028068030886729618
544.0,0.02842310077300058
545.0,0.028744874134880784
546.0,0.02903024243722434
547.0,0.02928789001515398
548.0,0.029515201566068704
549.0,0.029701590948566482
550.0,0.029863861977150342
551.0,0.030009245360538922
552.0,0.030130001221240366
553.0,0.030226362125318252
554.0,0.030299200244701723
555.0,0.030344762646908975
556.0,0.030364212253956434
557.0,0.030365139274035974
558.0,0.030340984392317333
559.0,0.030287323265080896
560.0,0.030211728996174452
561.0,0.030118445915574343
562.0,0.03000801953223533
563.0,0.029879882494182046
564.0,0.02973246040856976
565.0,0.029562777392456895
566.0,0.029375287402462834
567.0,0.029173516707360868
568.0,0.028948999294543525
569.0,0.028703550876970872
570.0,0.028446795881270442
571.0,0.02817886696627452
572.0,0.02790508238008706
573.0,0.027634085112476715
574.0,0.02736551507262172
575.0,0.02709357752996014
576.0,0.026817873062783482
577.0,0.026537086080851348
578.0,0.02624061645964772
579.0,0.025934030261786627
580.0,0.025623969587368574
581.0,0.025296193220914708
582.0,0.024956068742191154
583.0,0.024611534171275602
584.0,0.024251373956216044
585.0,0.02387798643262537
586.0,0.023510718602648546
587.0,0.023142082686321647
588.0,0.022758057174038178
589.0,0.022348081993835794
590.0,0.021919282617166747
591.0,0.021489144077711974
592.0,0.02105851666622406
593.0,0.020608498340251136
594.0,0.02012502351131943
595.0,0.019608227915005935
596.0,0.0190572396293591
597.0,0.018476180705494595
598.0,0.01787964800232358
599.0,0.017298451193874183
600.0,0.016761147256629364
601.0,0.01629798977213334
602.0,0.015913403459204303
603.0,0.015601014879819918
604.0,0.015352032424834081
605.0,0.015145073679686535
606.0,0.014962391888827854
607.0,0.014795376355933799
608.0,0.014635312890134186
609.0,0.014477957671032183
610.0,0.014316019326352602
611.0,0.01415348516275832
612.0,0.01400100785764991
613.0,0.013853516346182537
614.0,0.013707150688253395
615.0,0.013564596378684748
616.0,0.013426610373830514
617.0,0.013300227945423234
618.0,0.013185068317412596
619.0,0.01308130275787783
620.0,0.012982183873085326
621.0,0.012892050671598104
622.0,0.012819804276265747
623.0,0.01275327215738479
624.0,0.012691361894270637
625.0,0.012640950263066239
626.0,0.01259953669403705
627.0,0.012564712063210595
628.0,0.012536812030249653
629.0,0.01251891165866088
630.0,0.012509800295801501
631.0,0.0125063656218276
632.0,0.012509438314197452
633.0,0.01252468836562885
634.0,0.012548482404800526
635.0,0.012579246583083037
636.0,0.012619578090661748
637.0,0.012666210539901288
638.0,0.012711150926173361
639.0,0.01275823406008397
640.0,0.012802835136284923
641.0,0.012839805683740036
642.0,0.012871789565807302
643.0,0.012895086226026878
644.0,0.012905926110153832
645.0,0.01290693985987674
646.0,0.012896733916604692
647.0,0.012868282274864723
648.0,0.012821928001731413
649.0,0.012743894961044505
650.0,0.012634483152460695
651.0,0.012503931601671176
652.0,0.012346657629262792
653.0,0.012163134313838366
654.0,0.011970640485914322
655.0,0.011720556730454225
656.0,0.011392676185443106
657.0,0.01101443502162206
658.0,0.010638194131114663
659.0,0.010283345968725922
660.0,0.009940910988846871
661.0,0.009608559047375741
662.0,0.00927381584441042
663.0,0.008947595444474729
664.0,0.008646789645047375
665.0,0.008358397852403856
666.0,0.008082859072050887
667.0,0.007837156665023829
668.0,0.007624806380263807
669.0,0.007445499615732269
670.0,0.007297462404720385
671.0,0.007169177199973964
672.0,0.007048438260470058
673.0,0.0069581491690014095
674.0,0.006897767782929244
675.0,0.006848685511108313
676.0,0.006817917372044999
677.0,0.006808604851134698
678.0,0.006819895766697011
679.0,0.006861681584132589
680.0,0.006942870708027649
681.0,0.007059259731580376
682.0,0.007216437749064233
683.0,0.007410649067965099
684.0,0.007646590050875686
685.0,0.00795313716477459
686.0,0.008322363006642044
687.0,0.008726995383875297
688.0,0.00907111763403928
689.0,0.009384851406828962
690.0,0.009717424341305656
691.0,0.010068825238167984
692.0,0.010438662697861804
693.0,0.010811507839964981
694.0,0.011165379138167304
695.0,0.011484096166391865
696.0,0.011775469378266982
697.0,0.012040819884015681
698.0,0.012287699850431983
699.0,0.012502930545567077
700.0,0.01267931452587161
701.0,0.012806992321414728
702.0,0.01288844064320915
703.0,0.012925979473291608
704.0,0.01291804513985618
705.0,0.012862891151123698
706.0,0.0127644016805121
707.0,0.012630157164699049
708.0,0.012460814544537745
709.0,0.012247583814494246
710.0,0.01200129565417555
711.0,0.011732871655807312
712.0,0.011426540545104728
713.0,0.01110154713037216
714.0,0.010786237709554346
715.0,0.010475802186029157
716.0,0.010156251365102915
717.0,0.009837904079356747
718.0,0.009488748879571358
719.0,0.009107313405736422
720.0,0.00873136725676912
721.0,0.008389050887591853
722.0,0.008070382025373177
723.0,0.00776171422273617
724.0,0.007452128286439971
725.0,0.007114402740604592
726.0,0.006766959272218152
727.0,0.006419350985487476
728.0,0.006058036847263264
729.0,0.005683250163877225
730.0,0.005309719246194033
731.0,0.004959851439586526
732.0,0.00464359222888212
733.0,0.004390746686191646
734.0,0.004186192552936794
735.0,0.004006361742203033
736.0,0.0038614826534497824
737.0,0.0037510064271603916
738.0,0.0036674089988010168
739.0,0.0036077205838966632
740.0,0.0035612220569283147
741.0,0.0035270728608579873
742.0,0.003504209318181067
743.0,0.003481509885163035
744.0,0.003463790281329659
745.0,0.0034564987996797553
746.0,0.003446616950761093
747.0,0.0034389591617527172
748.0,0.0034356535620957704
749.0,0.0034319522997825146
750.0,0.0034279022979308424
751.0,0.0034171598710056963
752.0,0.003403322292640018
753.0,0.0033912391776240044
754.0,0.0033818662545402577
755.0,0.003381056373925443
756.0,0.0033892907264735012
757.0,0.0034058872353330298
758.0,0.0034291392626782575
759.0,0.0034698441341066617
760.0,0.0035154959741023144
761.0,0.0035260896889401754
762.0,0.0035144904637206473
763.0,0.003486558406766823
764.0,0.003460442176212387
765.0,0.003442931446299536
766.0,0.0034308076830187203
767.0,0.003419496073041317
768.0,0.0034182750291856584
769.0,0.0034301955617762015
770.0,0.0034454557023548085
771.0,0.0034611463509062455
772.0,0.0034713648166484826
773.0,0.003485076519677064
774.0,0.003504740375313317
775.0,0.00352452143163729
776.0,0.0035488266841130546
777.0,0.003576256466923617
778.0,0.00360407867344694
779.0,0.003631039856735292
780.0,0.0036508695859042094
781.0,0.0036813525025356916
782.0,0.0037250250424734404
783.0,0.0037637552304737214
784.0,0.0038013646087502314
785.0,0.0038352575386856923
786.0,0.0038739469884722364
787.0,0.00391677934176512
788.0,0.003956859867572255
789.0,0.004000052843480503
790.0,0.004047200461284839
791.0,0.004092148960962936
792.0,0.0041342274303565124
793.0,0.00417087357346134
794.0,0.00421564355037747
795.0,0.004267479544281172
796.0,0.004310923220269613
797.0,0.004350626440159894
798.0,0.004397532007693211
799.0,0.004436202818591697
800.0,0.004465658656701182
801.0,0.004498208891313138
802.0,0.00452355812161257
803.0,0.004540877985185997
804.0,0.004558766306324233
805.0,0.004568911140850688
806.0,0.004567870374633744
807.0,0.004568975471566785
808.0,0.004569007771338661
809.0,0.004558709672654626
810.0,0.004535638535040826
811.0,0.004505678577643328
812.0,0.004476809379187308
813.0,0.004439623878375227
814.0,0.00438477843770213
815.0,0.004329925957222172
816.0,0.0042745622336488875
817.0,0.00421401039999938
818.0,0.004139025758109626
819.0,0.004050646337739857
820.0,0.003950133393312624
821.0,0.0038447842974608294
822.0,0.003730083735272323
823.0,0.0035921367436307847
824.0,0.00343284395344808
825.0,0.003278006939377549
826.0,0.0031204252138916167
827.0,0.0029569444228996753
828.0,0.002788672254596447
829.0,0.002628182704428662
830.0,0.0024914790568106677
831.0,0.0023611758170578776
832.0,0.0022395764997242716
833.0,0.002154928511453471
834.0,0.0020812279469707828
835.0,0.0020083940261246503
836.0,0.0019551202612994732
837.0,0.0019246295509514732
838.0,0.0019023244604032554
839.0,0.001868729350978576
840.0,0.0018269218654125238
841.0,0.0018050806336275958
842.0,0.0017849521885920307
843.0,0.0017549885252610687
844.0,0.0017327976032610183
845.0,0.0017073149845227079
846.0,0.0016780485352083686
847.0,0.001666548494118541
848.0,0.0016596482377660162
849.0,0.0016239851242876076
850.0,0.0016027935356234878
851.0,0.0016010710470051152
852.0,0.0015821005975393907
853.0,0.0015498412946004438
854.0,0.0015288945330730122
855.0,0.0015222382695376335
856.0,0.0015195258044966942
857.0,0.001498524989299394
858.0,0.0014699634537009613
859.0,0.001443066348193185
860.0,0.0014304488132718051
861.0,0.0014086772802894938
862.0,0.0013816119190853296
863.0,0.0013821187988841874
864.0,0.0013894571025992735
865.0,0.001365847448154263
866.0,0.0013381808820029054
867.0,0.0013128623302615158
868.0,0.0012975588013191385
869.0,0.0012815369798594466
870.0,0.0012545958227332
871.0,0.0012342164785399084
872.0,0.001222079410301035
873.0,0.0012071831993470089
874.0,0.0011855668720529898
875.0,0.0011615576058079857
876.0,0.0011477326212234904
877.0,0.0011277128359449557
878.0,0.001093931771515825
879.0,0.001067215215995536
880.0,0.0010446118814411297
881.0,0.0010264861014864356
882.0,0.0010044433599428787
883.0,0.0009753582166794018
884.0,0.0009507162227511462
885.0,0.0009413871079705805
886.0,0.0009277995122706623
887.0,0.000893471234972139
888.0,0.0008629918759706526
889.0,0.0008465046968019155
890.0,0.0008255223124016841
891.0,0.0007991820359039723
892.0,0.0007950022535155243
893.0,0.0007861925872279761
894.0,0.000771333455848534
895.0,0.0007443436998307335
896.0,0.0007233735588779831
897.0,0.0007093836045329269
898.0,0.0006972548333452662
899.0,0.0006903467905972988
