/begin_header
/west_longitude=UNKNOWN
/south_latitude=NA
/north_latitude=UNKNOWN
/calibration_files=NA
/cruise=NA
/station=NA
/documents=NA
/data_type=NA
/affiliations=NOAA
/experiment=NA
/units=nm,dl
/start_date=2019-08-16
/end_date=NA
/missing=9999
/start_time=11:45:16
/data_file_name=NA
/cloud_percent=NA
/water_depth=NA
/data_status=NA
/east_longitude=NA
/wind_speed=NA
/secchi=NA
/measurement_depth=NA
/fields=wavelength,rrs
/delimiter=comma
/contact=NA
/end_time=NA
/wave_height=NA
/investigators=NA
/end_header@
325.0,0.013026555269667544
326.0,0.01300986828635621
327.0,0.012915402099662307
328.0,0.012785295954615958
329.0,0.012662807871127935
330.0,0.012646576809162393
331.0,0.012752659258722421
332.0,0.012679872380182209
333.0,0.012518718661615528
334.0,0.012523182817635347
335.0,0.012495031770483783
336.0,0.012411920370937453
337.0,0.012395768921481696
338.0,0.012357840308996854
339.0,0.012272145630182026
340.0,0.012240720578009182
341.0,0.01223561035564812
342.0,0.012228830117732825
343.0,0.012235960902487436
344.0,0.012237052128014616
345.0,0.01221546808316006
346.0,0.012210475520746882
347.0,0.01223490886011531
348.0,0.012210899395139202
349.0,0.012184498632578018
350.0,0.012205628549203613
351.0,0.012214523420534782
352.0,0.012215241753500231
353.0,0.012215474979995913
354.0,0.012221731676111503
355.0,0.012223559586818809
356.0,0.01221710829912273
357.0,0.012199338461413474
358.0,0.012187728643089969
359.0,0.012172855377462728
360.0,0.012136821984653537
361.0,0.012105852045502621
362.0,0.012089253831307621
363.0,0.012084162235667684
364.0,0.01204447615864348
365.0,0.011999812351499299
366.0,0.011972963372410276
367.0,0.011945618140399836
368.0,0.011907143365648023
369.0,0.011869788290617276
370.0,0.01183156231138565
371.0,0.011790321364932271
372.0,0.011757152504578046
373.0,0.011722702621787954
374.0,0.011677003401846027
375.0,0.011622037348791931
376.0,0.011559830171434386
377.0,0.01150925895257568
378.0,0.011470284899518035
379.0,0.011437037841557857
380.0,0.01141139846081499
381.0,0.011385040590470588
382.0,0.011350050030215112
383.0,0.011313285518751593
384.0,0.011286664565571045
385.0,0.011265659263953724
386.0,0.011220108380321323
387.0,0.01117131192067121
388.0,0.011171848656834722
389.0,0.011163725732853206
390.0,0.01112194061224854
391.0,0.011092561697525361
392.0,0.011069815453334735
393.0,0.011034319546642296
394.0,0.010985428777138855
395.0,0.010926125565094678
396.0,0.010885550712359988
397.0,0.010834486444060133
398.0,0.01077369653802392
399.0,0.010724492225297578
400.0,0.010679251880943434
401.0,0.01063188581349929
402.0,0.010583580174972637
403.0,0.01054029309736432
404.0,0.010503381019155756
405.0,0.010455420641929569
406.0,0.01039616582452235
407.0,0.01034134975033659
408.0,0.01028170861034473
409.0,0.010213181605517853
410.0,0.010155432657456604
411.0,0.010110234622907981
412.0,0.010068550547204475
413.0,0.010026273296805749
414.0,0.009975844795086683
415.0,0.009943532101684251
416.0,0.009920406324311837
417.0,0.009888785870895101
418.0,0.009861499787627424
419.0,0.009842492947262312
420.0,0.00983489053305464
421.0,0.009824507638243711
422.0,0.009803955524051514
423.0,0.009793017572750005
424.0,0.009788447324301734
425.0,0.009778536393916806
426.0,0.009768771803315939
427.0,0.009758206965554923
428.0,0.009743055277802209
429.0,0.009720325878812637
430.0,0.00969155932492823
431.0,0.009661020720212275
432.0,0.009629969587839356
433.0,0.009605034088982865
434.0,0.009579747067309137
435.0,0.009559651481334381
436.0,0.009552535206936674
437.0,0.009551780882471791
438.0,0.009557314262817062
439.0,0.009576842755181472
440.0,0.009610397678616874
441.0,0.009651705460955467
442.0,0.009705063981563573
443.0,0.009771717599417836
444.0,0.009855060657612384
445.0,0.009949332630667787
446.0,0.010055379384496507
447.0,0.010183359170484145
448.0,0.010320747178908466
449.0,0.010447127652978606
450.0,0.010577805038852126
451.0,0.01071846985773971
452.0,0.010855453213728404
453.0,0.010987730998128591
454.0,0.011121344108231618
455.0,0.011248013473142636
456.0,0.011361195043464573
457.0,0.011454449575031316
458.0,0.011542304251698275
459.0,0.011631627757633121
460.0,0.011714345400947752
461.0,0.011790909514240448
462.0,0.011863006915767872
463.0,0.011939657324757623
464.0,0.012019799241422461
465.0,0.012104354494261952
466.0,0.01218822367738963
467.0,0.012270908751418418
468.0,0.012361793726911718
469.0,0.012457676207019099
470.0,0.012552794616312937
471.0,0.012647850115007344
472.0,0.012741588974267684
473.0,0.012832453902055344
474.0,0.012921169438036867
475.0,0.01300957795883525
476.0,0.013093226547054481
477.0,0.013171839473761358
478.0,0.01325072272534431
479.0,0.01331873278437365
480.0,0.013377147334922217
481.0,0.013446985467641065
482.0,0.013511792342098844
483.0,0.013560467496571143
484.0,0.013610786183239956
485.0,0.013664699354233114
486.0,0.013711901045363245
487.0,0.013757422720034756
488.0,0.013799596170054208
489.0,0.013843293679530275
490.0,0.013895675551899267
491.0,0.013960798418459774
492.0,0.014033320404807311
493.0,0.01411533376838828
494.0,0.014207193436589338
495.0,0.014311795408369368
496.0,0.01443017005026194
497.0,0.014571116847057603
498.0,0.014733502199331111
499.0,0.014914732625674762
500.0,0.01510684904733527
501.0,0.015308711448743758
502.0,0.015529447842059688
503.0,0.01576388240950461
504.0,0.01600566192780436
505.0,0.016258194394022214
506.0,0.016524280357539146
507.0,0.016804390740267742
508.0,0.017099714149936933
509.0,0.01740506124352049
510.0,0.0177088837611142
511.0,0.018019999505217522
512.0,0.01834958824680621
513.0,0.018697136167155112
514.0,0.01906459612948762
515.0,0.01944625905459004
516.0,0.019853493051415805
517.0,0.020284966111322383
518.0,0.020720894560149306
519.0,0.021149744845092494
520.0,0.021567680298777394
521.0,0.021992903855434568
522.0,0.0224326377197503
523.0,0.0228764803517414
524.0,0.02333224565445683
525.0,0.023798509228531422
526.0,0.02427371157846963
527.0,0.024755929007734136
528.0,0.02523785128827718
529.0,0.02570755984152682
530.0,0.02616833366571389
531.0,0.026637225283805577
532.0,0.027112846696928
533.0,0.027589870786130354
534.0,0.028060474481394315
535.0,0.028515002129387974
536.0,0.028955453879956444
537.0,0.029386559427491875
538.0,0.02980844746374216
539.0,0.030219694798951043
540.0,0.030615626093957467
541.0,0.030983689358135356
542.0,0.03132963005158056
543.0,0.0316494468813277
544.0,0.03193550303966579
545.0,0.03219321262677098
546.0,0.03242349895023224
547.0,0.03262079730357038
548.0,0.032789951724138074
549.0,0.03293967075374519
550.0,0.033069605453811254
551.0,0.03318295195851482
552.0,0.03327892440372322
553.0,0.03335729353685621
554.0,0.03341426066133489
555.0,0.03345097555989427
556.0,0.03346489222482295
557.0,0.03344969648443499
558.0,0.03340602495065138
559.0,0.03333362444289294
560.0,0.03323198554275569
561.0,0.03310448785280287
562.0,0.03295376093916985
563.0,0.03277773688671743
564.0,0.03257422375301677
565.0,0.0323396318097231
566.0,0.03207292211076041
567.0,0.03177673429898372
568.0,0.031453989213381155
569.0,0.031103211985084957
570.0,0.030723043581540415
571.0,0.030321980909756262
572.0,0.02991288752943767
573.0,0.029492571615110236
574.0,0.029057359315866598
575.0,0.028608393176007378
576.0,0.028144912188313144
577.0,0.02766845391452145
578.0,0.027176988483920788
579.0,0.02667406516755333
580.0,0.026164262358782907
581.0,0.02564941417150738
582.0,0.025132605921555966
583.0,0.02460655611033829
584.0,0.02408409664599074
585.0,0.023571019874615316
586.0,0.02306001556299466
587.0,0.022552207765770868
588.0,0.02204795597616915
589.0,0.021528539053751888
590.0,0.021009742065083378
591.0,0.020520856032725503
592.0,0.020048318618029644
593.0,0.019564534119452155
594.0,0.019057849833364372
595.0,0.01852485947957399
596.0,0.017966692514577384
597.0,0.017385967667708897
598.0,0.016795689694671802
599.0,0.01622541051397475
600.0,0.01570427298206905
601.0,0.015252972534126455
602.0,0.014870494501018974
603.0,0.014558040800298133
604.0,0.014312199150915278
605.0,0.014106836236072104
606.0,0.013922991952009878
607.0,0.013750072557780537
608.0,0.01358720371577457
609.0,0.013431304783157915
610.0,0.013276950915172756
611.0,0.013124648932545302
612.0,0.012974868296733753
613.0,0.012828362527787759
614.0,0.012688787567637597
615.0,0.01256106021188759
616.0,0.012440472108083127
617.0,0.012326655746989844
618.0,0.012221023273517765
619.0,0.012124387927184581
620.0,0.012040072179746142
621.0,0.011968256067055046
622.0,0.011912389908507678
623.0,0.011861375973217066
624.0,0.011811983335500157
625.0,0.011766552938767532
626.0,0.011727590786644185
627.0,0.011696198295766954
628.0,0.0116784512116157
629.0,0.011669061623560625
630.0,0.011674163252140303
631.0,0.011689812632445251
632.0,0.011712289791174254
633.0,0.011741641011628052
634.0,0.011775246867990662
635.0,0.011817179846817962
636.0,0.0118658493610943
637.0,0.011917932080924853
638.0,0.011969174240548469
639.0,0.01202313192782937
640.0,0.01207806744563843
641.0,0.012111790922085136
642.0,0.012136021141329178
643.0,0.012166294488860216
644.0,0.012183129782705578
645.0,0.01218575413119668
646.0,0.012177717395835942
647.0,0.012159984498256044
648.0,0.012133578955428173
649.0,0.012087724024878838
650.0,0.012017096551222083
651.0,0.011906624855806333
652.0,0.01177229970065677
653.0,0.011620589375675703
654.0,0.011457178424653375
655.0,0.01123997082236958
656.0,0.01094707687410089
657.0,0.010601096796055
658.0,0.01025355675225085
659.0,0.009939850522593354
660.0,0.009628341514158836
661.0,0.00931065352515315
662.0,0.009003187439913398
663.0,0.008707052755496667
664.0,0.00841901510862095
665.0,0.008154951424707214
666.0,0.007919196379433575
667.0,0.007700888969892602
668.0,0.0075193203615569245
669.0,0.007385422281151492
670.0,0.0072855380810427865
671.0,0.007209258265901507
672.0,0.0071480792975481475
673.0,0.007109046203588379
674.0,0.007090067904934832
675.0,0.00708806756885558
676.0,0.007103200789889264
677.0,0.00713898072114613
678.0,0.007193416317886075
679.0,0.00726926925380271
680.0,0.007371270900619333
681.0,0.007503507592214791
682.0,0.007668850649476306
683.0,0.007867567896269726
684.0,0.00810793275060277
685.0,0.008417608804228146
686.0,0.008783224781981184
687.0,0.009176887147924234
688.0,0.009516850515810438
689.0,0.009836378725743184
690.0,0.010194895482816024
691.0,0.010575867710905235
692.0,0.0109753241714982
693.0,0.01136944827334523
694.0,0.011743887385275133
695.0,0.012072124499649898
696.0,0.012345337047408044
697.0,0.012565919956331792
698.0,0.0127411189846823
699.0,0.012861407292998709
700.0,0.01292328511743925
701.0,0.012930192075017666
702.0,0.012877812259769736
703.0,0.012779005525456799
704.0,0.012646120364097124
705.0,0.012482875536190824
706.0,0.012285995367238647
707.0,0.01206206560900695
708.0,0.011813532157847613
709.0,0.011535980533680126
710.0,0.01123098116645707
711.0,0.010906146170770964
712.0,0.01056139711583112
713.0,0.010207464811801245
714.0,0.009855868491252234
715.0,0.009514267549653925
716.0,0.009171224237880936
717.0,0.008825264416100528
718.0,0.008455047101734446
719.0,0.00807925708296545
720.0,0.007731459485100628
721.0,0.007431111554333565
722.0,0.007156882503740527
723.0,0.006871360992339844
724.0,0.006567201652301585
725.0,0.006261733480106052
726.0,0.005965747655044054
727.0,0.005669705394541145
728.0,0.005357135327535052
729.0,0.0050368160180742656
730.0,0.00473027512347889
731.0,0.0044481793559935905
732.0,0.004197691253595039
733.0,0.003995389636807276
734.0,0.0038275436366727116
735.0,0.003684113842540435
736.0,0.003567660699494501
737.0,0.003481272692610519
738.0,0.0034207862463403785
739.0,0.0033797029525735414
740.0,0.00334424616822813
741.0,0.0033184436526457937
742.0,0.0033004818794878897
743.0,0.003279569283642903
744.0,0.003262480922276291
745.0,0.003252432780214381
746.0,0.003248642538891859
747.0,0.003241990587262736
748.0,0.0032263246380660276
749.0,0.003212679277486987
750.0,0.003202394373186021
751.0,0.003189722601654591
752.0,0.0031807804891583456
753.0,0.003177933674923322
754.0,0.003162489573579086
755.0,0.003144329392766225
756.0,0.0031460038264211217
757.0,0.0031489966744649342
758.0,0.0031428604896307304
759.0,0.0031175100595415865
760.0,0.0030845153500641833
761.0,0.0030747119035810554
762.0,0.003049202196897457
763.0,0.003025122658732422
764.0,0.0030340341622597422
765.0,0.0030463635739144206
766.0,0.003057075832807827
767.0,0.0030747590526759598
768.0,0.0030923482658608077
769.0,0.0031065391597387766
770.0,0.003113511674443224
771.0,0.003119076616370444
772.0,0.0031393172903653836
773.0,0.0031528735973895224
774.0,0.0031521345323350936
775.0,0.0031665124549981245
776.0,0.003187232951312735
777.0,0.0032080086176744828
778.0,0.0032273512914578204
779.0,0.0032450182567171646
780.0,0.0032591263945008593
781.0,0.003277262969697329
782.0,0.0033017202651653872
783.0,0.003326080601659652
784.0,0.0033530082063347234
785.0,0.003378708024030273
786.0,0.003398061196467044
787.0,0.0034136121921561832
788.0,0.0034399890472833912
789.0,0.003472233943909925
790.0,0.003507996077602507
791.0,0.00354903842196798
792.0,0.0035858060614229977
793.0,0.00361124474939178
794.0,0.0036406591561014235
795.0,0.0036747946126419067
796.0,0.0037068874593792467
797.0,0.0037361069468650164
798.0,0.0037567943544923334
799.0,0.0037823313925998726
800.0,0.0038100437621390476
801.0,0.0038345336275952416
802.0,0.0038488696440587486
803.0,0.003854634298058878
804.0,0.003866436409656533
805.0,0.0038820874667246444
806.0,0.003892409020248661
807.0,0.0038820057028368287
808.0,0.003855142180205215
809.0,0.0038288132181850355
810.0,0.0038007347381426053
811.0,0.0037699950542609004
812.0,0.0037212872859927735
813.0,0.003669845923386323
814.0,0.0036224878646338374
815.0,0.0035673466630866705
816.0,0.003505945997927973
817.0,0.0034450340853515228
818.0,0.0033914306179747534
819.0,0.0033387603734381438
820.0,0.003259262128195445
821.0,0.0031657538400745493
822.0,0.003073016783073064
823.0,0.002964658664467507
824.0,0.0028435904605630356
825.0,0.0027112024108080844
826.0,0.0025787606157549733
827.0,0.0024545620214343556
828.0,0.002330361230933655
829.0,0.002202592655710266
830.0,0.002087778502159695
831.0,0.001983024570369209
832.0,0.0018932931587730638
833.0,0.0018388133863296817
834.0,0.0017861811136028805
835.0,0.0017230894125635173
836.0,0.001687190787189949
837.0,0.0016635893362362659
838.0,0.0016339809024884526
839.0,0.0016087094446432595
840.0,0.0015900845288979923
841.0,0.00157212630947337
842.0,0.001553826434986476
843.0,0.0015353612299160418
844.0,0.0015290604525208663
845.0,0.0015229108975522406
846.0,0.0014909957466208972
847.0,0.001456705481616711
848.0,0.0014363872817184228
849.0,0.0014280061025499168
850.0,0.0014144414958264806
851.0,0.0013882556318065042
852.0,0.001366652849094225
853.0,0.0013571395697778877
854.0,0.001342706046991817
855.0,0.0013138749902603423
856.0,0.0012774249239411912
857.0,0.0012696460229385553
858.0,0.0012704529799267713
859.0,0.0012650077089860561
860.0,0.0012436925395126457
861.0,0.0012309604653841922
862.0,0.0012224211062279553
863.0,0.0012111496044112137
864.0,0.0011948535592117202
865.0,0.0011840838485762868
866.0,0.0011635661392577624
867.0,0.0011334324651942763
868.0,0.0011273059330758556
869.0,0.001112371491898396
870.0,0.0010841037179816879
871.0,0.0010678158465742406
872.0,0.0010505033964691558
873.0,0.0010347306727360285
874.0,0.0010176664816302313
875.0,0.0009992311904731736
876.0,0.000990203686328778
877.0,0.0009703132748928702
878.0,0.0009364723480002441
879.0,0.0009255662959111622
880.0,0.0009095802669112221
881.0,0.0008667127622230075
882.0,0.0008447358720143596
883.0,0.0008464318334234023
884.0,0.0008252716003989225
885.0,0.0007825647474519377
886.0,0.0007460576265175985
887.0,0.0007524559189812953
888.0,0.0007640897519810248
889.0,0.0007218211046853548
890.0,0.0006881254795181524
891.0,0.0006786569220675971
892.0,0.0006692759937959677
893.0,0.0006445087258526082
894.0,0.0006035875036232558
895.0,0.0005920722912584228
896.0,0.0005658877641122205
897.0,0.0005002832068791629
898.0,0.0004864940846503533
899.0,0.0005075979069137739
