/begin_header
/west_longitude=UNKNOWN
/south_latitude=NA
/north_latitude=UNKNOWN
/calibration_files=NA
/cruise=NA
/station=NA
/documents=NA
/data_type=NA
/affiliations=NOAA
/experiment=NA
/units=nm,dl
/start_date=2019-08-01
/end_date=NA
/missing=9999
/start_time=11:32:14
/data_file_name=NA
/cloud_percent=NA
/water_depth=NA
/data_status=NA
/east_longitude=NA
/wind_speed=NA
/secchi=NA
/measurement_depth=NA
/fields=wavelength,rrs
/delimiter=comma
/contact=NA
/end_time=NA
/wave_height=NA
/investigators=NA
/end_header@
325.0,0.017758994647886966
326.0,0.01781907005371841
327.0,0.017812050158952104
328.0,0.017732698836941608
329.0,0.017636573577272736
330.0,0.0175868580330762
331.0,0.017552233009354393
332.0,0.017443878822771295
333.0,0.017288355193267983
334.0,0.017248895068986195
335.0,0.017168237792883765
336.0,0.017044800966071916
337.0,0.016960408519342534
338.0,0.016867456710241528
339.0,0.01677457027742276
340.0,0.016709452639420107
341.0,0.016649381776614958
342.0,0.01652907632453381
343.0,0.016459482414589534
344.0,0.016422049769504725
345.0,0.01631625070265286
346.0,0.01623892427497175
347.0,0.016186901700089355
348.0,0.01611301643148625
349.0,0.01605227865511413
350.0,0.015984385906069067
351.0,0.01590711771767373
352.0,0.015838649372078982
353.0,0.01578860954325348
354.0,0.01573023778766069
355.0,0.01566070102539934
356.0,0.015592298132250226
357.0,0.015529608175693047
358.0,0.015469830345321536
359.0,0.015406815798251308
360.0,0.015337162318056177
361.0,0.015286717143648704
362.0,0.015221750501494751
363.0,0.015137400311181276
364.0,0.015071755883192164
365.0,0.015025429000449644
366.0,0.014973110657046268
367.0,0.014911378012522366
368.0,0.014842730512780539
369.0,0.014795433168246072
370.0,0.014751341749159541
371.0,0.014700620120633768
372.0,0.014636787474577681
373.0,0.014572382709818383
374.0,0.014506548938455146
375.0,0.014451987496523929
376.0,0.01439027834522923
377.0,0.014312573622605679
378.0,0.014251515059889771
379.0,0.014206472177897663
380.0,0.014167009309393703
381.0,0.014126083019996205
382.0,0.0140687226600095
383.0,0.014013072200843135
384.0,0.013966446098578542
385.0,0.0139137092233935
386.0,0.013870818936286024
387.0,0.013836105571580484
388.0,0.013803774608353112
389.0,0.01375915272619153
390.0,0.01370320564859937
391.0,0.013667200323996487
392.0,0.01363542941240849
393.0,0.013589513888974036
394.0,0.013539709187441776
395.0,0.013482392522827878
396.0,0.013408984481257508
397.0,0.013345556523198663
398.0,0.01328944677203775
399.0,0.013226547035570028
400.0,0.013168419725286132
401.0,0.013123333540156911
402.0,0.013078920280691792
403.0,0.013027852377867041
404.0,0.012962571017388607
405.0,0.01290514072331075
406.0,0.012859394908033945
407.0,0.012793597457556505
408.0,0.012720647817042015
409.0,0.012670155816145492
410.0,0.012610154246637875
411.0,0.012543714780216495
412.0,0.012495599018220145
413.0,0.012447159323684759
414.0,0.012395104419826008
415.0,0.012350605042451123
416.0,0.012310064574715573
417.0,0.012271975969165043
418.0,0.012237406885777805
419.0,0.012207046809197309
420.0,0.01217733401491928
421.0,0.01215023552262114
422.0,0.012124776858474642
423.0,0.012097718417081738
424.0,0.012072172445349427
425.0,0.012050813961414074
426.0,0.012028387051445742
427.0,0.012001245363530397
428.0,0.011972094777402506
429.0,0.011942484669632526
430.0,0.011912364887273322
431.0,0.01187308526989975
432.0,0.011826493819276637
433.0,0.011785896622995473
434.0,0.011752474137173992
435.0,0.01172525283679374
436.0,0.011704784069063537
437.0,0.01169606435256618
438.0,0.011697802812920198
439.0,0.011703612380379843
440.0,0.011717504805579957
441.0,0.011736887767052728
442.0,0.011770760398753272
443.0,0.011820862566852873
444.0,0.011876705226503595
445.0,0.01194438989069441
446.0,0.012026499975218525
447.0,0.012113923512589938
448.0,0.012205352678893668
449.0,0.012299214332742458
450.0,0.012392872810000252
451.0,0.012484985160052049
452.0,0.012575057358794498
453.0,0.012662275631202558
454.0,0.012746729406641117
455.0,0.012822930885119235
456.0,0.012890116958774359
457.0,0.01294664133855256
458.0,0.012998669675016238
459.0,0.013047143835359177
460.0,0.01309308328286737
461.0,0.01313829860013877
462.0,0.01318257374928343
463.0,0.013226615537957367
464.0,0.013271286484511527
465.0,0.013316810417843212
466.0,0.013365408371729098
467.0,0.013416784631535136
468.0,0.013467678352908477
469.0,0.01351911218974628
470.0,0.01357374084279886
471.0,0.013623575923290093
472.0,0.013669672443515756
473.0,0.013722152924402198
474.0,0.013775457063508422
475.0,0.013827205090840042
476.0,0.013878328912723354
477.0,0.013929928020083249
478.0,0.013979697238530847
479.0,0.014034186156697534
480.0,0.01409354467130349
481.0,0.014147513332503414
482.0,0.01420019600801734
483.0,0.014258361412761964
484.0,0.014318711295935335
485.0,0.014381193616710183
486.0,0.014444905544767614
487.0,0.01450949687466677
488.0,0.014575247580319067
489.0,0.014640870165603777
490.0,0.01471024179071995
491.0,0.014787820219485864
492.0,0.014875016133981317
493.0,0.014975412336324082
494.0,0.01508605079880077
495.0,0.015205761774196764
496.0,0.015336378588536074
497.0,0.015480473184409265
498.0,0.0156377132967477
499.0,0.01581532189505177
500.0,0.01600666364764533
501.0,0.016209403130531215
502.0,0.016426033547022975
503.0,0.016653965044044768
504.0,0.016892190654237606
505.0,0.01714509256502634
506.0,0.017409991739240203
507.0,0.01769095330542417
508.0,0.01798198363979526
509.0,0.018279555973895977
510.0,0.018587422932980456
511.0,0.0189055564476934
512.0,0.019231867509557833
513.0,0.01956954018809425
514.0,0.019923047138410886
515.0,0.020293558614628154
516.0,0.02068085664876316
517.0,0.021082976917288332
518.0,0.021486793301822727
519.0,0.021887286263449615
520.0,0.022283001814766834
521.0,0.022669631938962338
522.0,0.023055384797741326
523.0,0.023449547030704898
524.0,0.023850453891373732
525.0,0.024253989685247196
526.0,0.024661812203406536
527.0,0.025075142394439236
528.0,0.02547982649660218
529.0,0.02586595743565026
530.0,0.026237368305017793
531.0,0.026615234233117884
532.0,0.02699752758162192
533.0,0.027379941300983746
534.0,0.027755663774939533
535.0,0.028117441956874396
536.0,0.028471252627436817
537.0,0.02881314824831644
538.0,0.029144383180625198
539.0,0.029472450895153084
540.0,0.029795255247746833
541.0,0.03010654027093203
542.0,0.03040876744576319
543.0,0.030698059129333592
544.0,0.030970438440382712
545.0,0.031231952966293507
546.0,0.031486350314518574
547.0,0.03172502347141773
548.0,0.0319509348484802
549.0,0.032170667381281055
550.0,0.03237741650737039
551.0,0.0325726910798504
552.0,0.032762102836828864
553.0,0.03293509033498791
554.0,0.033084860752441464
555.0,0.03322529912546003
556.0,0.03335419176551776
557.0,0.033453099067055285
558.0,0.03353538623464209
559.0,0.03360539683733242
560.0,0.03364867049427121
561.0,0.033668448832788224
562.0,0.033675105953582286
563.0,0.033667216854312336
564.0,0.03364441288999984
565.0,0.03360986661132353
566.0,0.033558677667146056
567.0,0.03349193254716293
568.0,0.03341089918472218
569.0,0.03331610623945737
570.0,0.033209815222214355
571.0,0.03309742815011159
572.0,0.03298214972442926
573.0,0.03285128013723429
574.0,0.032712627001796675
575.0,0.03257926097446887
576.0,0.032437667145964286
577.0,0.03228510561213176
578.0,0.032124367147569007
579.0,0.031952708456702665
580.0,0.031769390736205355
581.0,0.031581729767357826
582.0,0.03138722518220282
583.0,0.03117714913865094
584.0,0.03096309303669631
585.0,0.030748977240583415
586.0,0.03052937412398467
587.0,0.030305382620368037
588.0,0.030078254938362213
589.0,0.02984396530114427
590.0,0.029608117992365672
591.0,0.02938211281090978
592.0,0.029155329075934315
593.0,0.02891456537986708
594.0,0.028662056619123022
595.0,0.028382195245948077
596.0,0.028055651072348902
597.0,0.027687215871113113
598.0,0.027285451997320014
599.0,0.026869306877910927
600.0,0.026463137321291613
601.0,0.026092745659868834
602.0,0.02576211257365048
603.0,0.02547848290791684
604.0,0.02524271355069428
605.0,0.02502783893897148
606.0,0.024818177984839134
607.0,0.024614822214668784
608.0,0.024412030908168063
609.0,0.02420304191129346
610.0,0.02398834288842034
611.0,0.023772255124228096
612.0,0.023555617639290188
613.0,0.023341296284588937
614.0,0.02313627018018142
615.0,0.022934696460106513
616.0,0.02274085946679227
617.0,0.022569729434914032
618.0,0.022404860369362886
619.0,0.022246350637642832
620.0,0.0221150836791134
621.0,0.022003368143456725
622.0,0.021900338356090975
623.0,0.02181497155611834
624.0,0.021741710036878775
625.0,0.021666824056514208
626.0,0.02160115306958934
627.0,0.02155007071396111
628.0,0.021510033176400767
629.0,0.021483189060306877
630.0,0.02146686696228368
631.0,0.02145498876788975
632.0,0.021449242858828616
633.0,0.021459561945605
634.0,0.021481267451456173
635.0,0.02151134377228322
636.0,0.021547099418572514
637.0,0.021592625965467672
638.0,0.021652689516523545
639.0,0.021714632914469578
640.0,0.021774200059266786
641.0,0.021828017326960197
642.0,0.021868366650640562
643.0,0.021894502943556278
644.0,0.021910608868942156
645.0,0.0219135185593299
646.0,0.02189830422318243
647.0,0.021868969812667415
648.0,0.021825603400540048
649.0,0.02176075324872573
650.0,0.02165725805813773
651.0,0.02149835797164482
652.0,0.021302681328794964
653.0,0.02107265332614207
654.0,0.02081263074496601
655.0,0.020465486518973935
656.0,0.020001943379949913
657.0,0.019437762442247767
658.0,0.018848834965382373
659.0,0.018270392918227955
660.0,0.017704947544641067
661.0,0.017159116129966397
662.0,0.01663902908388521
663.0,0.016143060055964956
664.0,0.015676100168582986
665.0,0.015246059471134133
666.0,0.014862612702450576
667.0,0.01453643238788516
668.0,0.014263894487357287
669.0,0.014039066454722342
670.0,0.013871507776702213
671.0,0.013751740848771565
672.0,0.013665080649080393
673.0,0.013613840921397197
674.0,0.01359538939596738
675.0,0.013602744908154763
676.0,0.013640465925876841
677.0,0.013712294189626283
678.0,0.013819260550362358
679.0,0.013965294222864338
680.0,0.014159093743087225
681.0,0.014408592889724476
682.0,0.014720416554889384
683.0,0.015106092042451998
684.0,0.015572817582806115
685.0,0.016170490737303925
686.0,0.016899205466096242
687.0,0.01771962253133986
688.0,0.018430306509808377
689.0,0.01909485171878548
690.0,0.01980647567920934
691.0,0.02055172475542675
692.0,0.021331571680111797
693.0,0.022139785834015387
694.0,0.022935900139430438
695.0,0.023675778502175168
696.0,0.0243411660566387
697.0,0.02492380784152217
698.0,0.02542529778551946
699.0,0.025832876605750288
700.0,0.02613616841005616
701.0,0.026329451612786096
702.0,0.026408996088551906
703.0,0.026374077051087724
704.0,0.02623869210560504
705.0,0.026010886827351247
706.0,0.025691375499802167
707.0,0.025286686510380775
708.0,0.02480169862285026
709.0,0.02423600559077638
710.0,0.023603435696352912
711.0,0.02291844810443988
712.0,0.0221771152493468
713.0,0.02140325381758111
714.0,0.020621803625472807
715.0,0.019856821949353627
716.0,0.019094478815464434
717.0,0.018347315075385083
718.0,0.017574243929109633
719.0,0.016791156403262182
720.0,0.01603937648732253
721.0,0.015362340714115982
722.0,0.014742970825132845
723.0,0.014135674112081715
724.0,0.013519916738087672
725.0,0.012896971024312115
726.0,0.012282357959740236
727.0,0.011667757019463676
728.0,0.01104352687185824
729.0,0.010414302129885616
730.0,0.009804656830334412
731.0,0.009242269127120801
732.0,0.008744950816781703
733.0,0.008331645968682678
734.0,0.007993190379635608
735.0,0.0077189452344195355
736.0,0.0075001906287339186
737.0,0.007329383137126985
738.0,0.007195924968354886
739.0,0.007092925796657129
740.0,0.00702157790404966
741.0,0.0069719205523276
742.0,0.006931424737953494
743.0,0.006890947270467863
744.0,0.006856676513887291
745.0,0.0068308188487426705
746.0,0.0068099126215261626
747.0,0.006787516358361551
748.0,0.006762618775177254
749.0,0.006740205464999237
750.0,0.006722258822464374
751.0,0.006706835396133447
752.0,0.006689459580013754
753.0,0.006670513114325452
754.0,0.0066460459472542826
755.0,0.006624458268777798
756.0,0.006607384679731866
757.0,0.0066091681320769756
758.0,0.006633831495601006
759.0,0.006677331825351197
760.0,0.00671674171921903
761.0,0.006703235116412099
762.0,0.006653357097790788
763.0,0.006600221738656332
764.0,0.006577598991486378
765.0,0.0065569454575265616
766.0,0.00653514108217544
767.0,0.006532519066189084
768.0,0.006539402441398026
769.0,0.0065479383616897325
770.0,0.0065559487880209825
771.0,0.006566533788246903
772.0,0.006586163012097369
773.0,0.00660711310867788
774.0,0.006629231690592865
775.0,0.006652059763083603
776.0,0.006681400476343613
777.0,0.006715946171213215
778.0,0.006745086033716427
779.0,0.006771667259886769
780.0,0.006811067713417484
781.0,0.006855792013630159
782.0,0.0068951671385016605
783.0,0.0069392387638517235
784.0,0.006985253878620501
785.0,0.007025024956605815
786.0,0.0070744083819639855
787.0,0.007134860242502264
788.0,0.007188841136863536
789.0,0.007245875983601606
790.0,0.007309181967628818
791.0,0.00737431231244913
792.0,0.0074352267876608685
793.0,0.007498694116280768
794.0,0.007568460675688306
795.0,0.007640089390406913
796.0,0.007696575174205582
797.0,0.007749062783546115
798.0,0.007806114642773814
799.0,0.007859151905758886
800.0,0.007912164680750613
801.0,0.007956948225210963
802.0,0.007991865004425888
803.0,0.008020232666798919
804.0,0.008044256055436204
805.0,0.008062305175259288
806.0,0.008060947809431196
807.0,0.008052971124501212
808.0,0.008038533831115798
809.0,0.00800987248303395
810.0,0.007969466574393324
811.0,0.00791956859251487
812.0,0.007862693951566177
813.0,0.00779207414396974
814.0,0.0077070557175314015
815.0,0.0076215257490299575
816.0,0.0075298082153876945
817.0,0.007434756558014438
818.0,0.007324639922532636
819.0,0.0071923178763906425
820.0,0.007057074613666388
821.0,0.006902352944455667
822.0,0.006719791654548187
823.0,0.006519441140699007
824.0,0.006309676320504737
825.0,0.006092296602913949
826.0,0.00587006334583739
827.0,0.0056441932665889085
828.0,0.005423151837638461
829.0,0.005204513750303163
830.0,0.0050013156189018
831.0,0.004819108117399418
832.0,0.004663945051500106
833.0,0.004561165355597577
834.0,0.004469190640235628
835.0,0.004379957008659303
836.0,0.004314731899504779
837.0,0.004262800778377293
838.0,0.004215678127302715
839.0,0.004170279778754804
840.0,0.00412776234449098
841.0,0.00410003465646043
842.0,0.004074264345658921
843.0,0.004046677754402667
844.0,0.004028131016946149
845.0,0.004003259679117721
846.0,0.003965946237006696
847.0,0.003931017279365288
848.0,0.0038956929380748644
849.0,0.0038795718101017327
850.0,0.0038603066058721415
851.0,0.0038330799352469685
852.0,0.003808226406336173
853.0,0.0037791760934441864
854.0,0.0037574383905128067
855.0,0.0037314668741935805
856.0,0.0037097333236313797
857.0,0.0036939746593470076
858.0,0.0036687150603412775
859.0,0.0036344682544422863
860.0,0.0036147864332793968
861.0,0.003599837584739196
862.0,0.003572716781177896
863.0,0.0035509407209407436
864.0,0.0035380060049119734
865.0,0.003524713112029611
866.0,0.0034956202881016502
867.0,0.003457975269809428
868.0,0.0034332750295606013
869.0,0.003418104140547617
870.0,0.0034002217570868972
871.0,0.003366341518139066
872.0,0.0033326170288205496
873.0,0.0033105768910646344
874.0,0.003276508266320802
875.0,0.0032319677809244615
876.0,0.0032086464101868774
877.0,0.00319230297429864
878.0,0.0031647974417702692
879.0,0.003146800526731431
880.0,0.0031249528497020174
881.0,0.0030903205194218256
882.0,0.0030501608569211457
883.0,0.0030100145875222822
884.0,0.0029929679903874093
885.0,0.0029668943470191798
886.0,0.0029190487534962737
887.0,0.0029099107755318956
888.0,0.0028937313083754654
889.0,0.002854497898485503
890.0,0.0028123852349381854
891.0,0.002776420324088483
892.0,0.002763854272384877
893.0,0.0027548483060865292
894.0,0.0027380520059418862
895.0,0.002725232716870542
896.0,0.0026991786422133077
897.0,0.002649959313714744
898.0,0.002609917225022763
899.0,0.0025922108008801887
