/begin_header
/west_longitude=UNKNOWN
/south_latitude=NA
/north_latitude=UNKNOWN
/calibration_files=NA
/cruise=NA
/station=NA
/documents=NA
/data_type=NA
/affiliations=NOAA
/experiment=NA
/units=nm,dl
/start_date=2019-08-12
/end_date=NA
/missing=9999
/start_time=13:08:10
/data_file_name=NA
/cloud_percent=NA
/water_depth=NA
/data_status=NA
/east_longitude=NA
/wind_speed=NA
/secchi=NA
/measurement_depth=NA
/fields=wavelength,rrs
/delimiter=comma
/contact=NA
/end_time=NA
/wave_height=NA
/investigators=NA
/end_header@
325.0,0.016536258578729663
326.0,0.016364571607705037
327.0,0.016257204039745336
328.0,0.016231572419668237
329.0,0.01624961175147613
330.0,0.016203580323479565
331.0,0.01603145877015096
332.0,0.01591460262980799
333.0,0.01583691140732534
334.0,0.015741214860370424
335.0,0.01565345842612649
336.0,0.015563364593724104
337.0,0.015432658294529177
338.0,0.015308052336564765
339.0,0.015200301841672703
340.0,0.015129957702428646
341.0,0.015053607174364275
342.0,0.014899283232384528
343.0,0.01479145273475368
344.0,0.014722876205099539
345.0,0.014551827033869338
346.0,0.01441270607918653
347.0,0.014325891998468076
348.0,0.014262202517290365
349.0,0.014167033157606474
350.0,0.014029289902139993
351.0,0.013950874650111267
352.0,0.013902364687854335
353.0,0.013784387394169836
354.0,0.013695898327888742
355.0,0.013644580867806178
356.0,0.013556564480951005
357.0,0.013457431843147646
358.0,0.013367029320788645
359.0,0.013296476317375428
360.0,0.013231111841660575
361.0,0.013124041293575644
362.0,0.013037266333789524
363.0,0.01296812260822366
364.0,0.012888444331000762
365.0,0.012808016439172834
366.0,0.01273223903325801
367.0,0.012664148836514687
368.0,0.01260370369883641
369.0,0.012538633905054105
370.0,0.01248596549889376
371.0,0.012443062664996441
372.0,0.012367335173956523
373.0,0.012280283935716604
374.0,0.012207731002607983
375.0,0.012141894812317
376.0,0.012075547577731835
377.0,0.01200892786313768
378.0,0.011940594850221802
379.0,0.011882609353905095
380.0,0.011821264064985373
381.0,0.011767319957321935
382.0,0.0117381727629087
383.0,0.011688713199367354
384.0,0.011613089709463304
385.0,0.01152738732142667
386.0,0.011468634472949267
387.0,0.011425656622204641
388.0,0.011371286453583391
389.0,0.011328680249271555
390.0,0.011286962208416943
391.0,0.011242619269147281
392.0,0.01119296976415419
393.0,0.011127026858589992
394.0,0.01106952014545122
395.0,0.01101529431938713
396.0,0.010939652087160986
397.0,0.010857086411523359
398.0,0.01077919527225241
399.0,0.010736289004542241
400.0,0.010698311765249971
401.0,0.010643032108732325
402.0,0.010596579514251905
403.0,0.01055926239091658
404.0,0.010519797772564704
405.0,0.010475972419251744
406.0,0.010435805762086785
407.0,0.010381570212043228
408.0,0.010323239843546817
409.0,0.01027188917795166
410.0,0.010227651578179092
411.0,0.010187591370875005
412.0,0.010152758793653916
413.0,0.010119706495554858
414.0,0.010086825589731051
415.0,0.010055843504991693
416.0,0.010030099737370684
417.0,0.010008462522202338
418.0,0.009981252275916327
419.0,0.009954212529473939
420.0,0.009945179944354354
421.0,0.009934626871993492
422.0,0.009913722781413597
423.0,0.009897085275849855
424.0,0.009888168870806034
425.0,0.009885814629339008
426.0,0.009877889050256291
427.0,0.00986379243243862
428.0,0.00985663000031483
429.0,0.009846870088924006
430.0,0.009826102650691032
431.0,0.00981258912356486
432.0,0.00980270386419467
433.0,0.009776790231095744
434.0,0.009760000640553592
435.0,0.009757828619690134
436.0,0.009759996743380938
437.0,0.009766201059463919
438.0,0.009776298720213242
439.0,0.009788757879635726
440.0,0.00980417678108278
441.0,0.009823356068303188
442.0,0.009851731278542362
443.0,0.009889683117839842
444.0,0.009934828078270156
445.0,0.00998674397933346
446.0,0.010042041004503737
447.0,0.01010344423680874
448.0,0.01016742531376676
449.0,0.010231132943626145
450.0,0.010298725331660988
451.0,0.010371141457370184
452.0,0.010434571111215542
453.0,0.010495207265464023
454.0,0.010563097791950204
455.0,0.010619953626099436
456.0,0.010665872320224508
457.0,0.010712764856760749
458.0,0.010759549938469792
459.0,0.010806040182435268
460.0,0.010851444143913933
461.0,0.010896187621893632
462.0,0.010941858458823873
463.0,0.010985934076158381
464.0,0.01103079774549553
465.0,0.011080223133961155
466.0,0.011130189241285716
467.0,0.0111785103359543
468.0,0.01122917683940285
469.0,0.01128141024594964
470.0,0.011331943623621872
471.0,0.011380256820427296
472.0,0.011427761399313074
473.0,0.011479662264359232
474.0,0.011527195188815138
475.0,0.011568459166488413
476.0,0.01162297379766907
477.0,0.011682970712721986
478.0,0.011729903131405105
479.0,0.011775552097386191
480.0,0.01182736418652836
481.0,0.011882401337817155
482.0,0.011936751849415343
483.0,0.011992637235377917
484.0,0.01204946483252885
485.0,0.012108978110546991
486.0,0.01217190659479592
487.0,0.012233797569990126
488.0,0.01229000074688397
489.0,0.012341496317798531
490.0,0.012397648711219584
491.0,0.012471134474081767
492.0,0.01254838586021654
493.0,0.012628808120784304
494.0,0.01271591602774795
495.0,0.012812703995028929
496.0,0.012919001437699862
497.0,0.01302354414159218
498.0,0.013132534464879978
499.0,0.013264350176629617
500.0,0.013402002425981663
501.0,0.013543469917350098
502.0,0.013697592449221318
503.0,0.013854656717433744
504.0,0.014012137086533418
505.0,0.01417932941569632
506.0,0.014351429299662762
507.0,0.014531638239323113
508.0,0.014714887347266873
509.0,0.01489975230056933
510.0,0.015090688412307245
511.0,0.015286474205113476
512.0,0.015489067445170418
513.0,0.015694799048771378
514.0,0.015907662358713666
515.0,0.016130777817391095
516.0,0.01636201083053551
517.0,0.016597053813156296
518.0,0.01683246786026343
519.0,0.017061291589563668
520.0,0.01728174664488831
521.0,0.017500687275954843
522.0,0.017722309238065302
523.0,0.01794331338345498
524.0,0.01816668759502071
525.0,0.018393252925007254
526.0,0.018619711576541888
527.0,0.018843247112272345
528.0,0.01906043839519965
529.0,0.019270179270925097
530.0,0.019475901024877236
531.0,0.019682963163866043
532.0,0.019892446217373676
533.0,0.020097205247448128
534.0,0.02029739201072115
535.0,0.020491942727372942
536.0,0.02068045798117823
537.0,0.020869967656471058
538.0,0.021059023027336234
539.0,0.0212388175663256
540.0,0.021411589387681885
541.0,0.021580116354892903
542.0,0.021744063169065596
543.0,0.021901262844059285
544.0,0.02205188496522212
545.0,0.022195019683028477
546.0,0.022333360750365742
547.0,0.02246689903319754
548.0,0.0225957752892789
549.0,0.022721813901856933
550.0,0.022847619663891483
551.0,0.022974241600751052
552.0,0.0230995982071676
553.0,0.02322545381394804
554.0,0.02334705909884801
555.0,0.023464226366496133
556.0,0.023576807254462723
557.0,0.023680472173556337
558.0,0.023775575234049627
559.0,0.02386155669070809
560.0,0.0239318345856289
561.0,0.023989852044221428
562.0,0.02404306973123239
563.0,0.024083931669193523
564.0,0.024111813561959027
565.0,0.024129220605169463
566.0,0.024133994100796786
567.0,0.02412414552770049
568.0,0.024103217954047705
569.0,0.024071991979366245
570.0,0.024028588950151707
571.0,0.02397077791187069
572.0,0.023900106874894918
573.0,0.023826020826289557
574.0,0.023745364595404498
575.0,0.023652951768643134
576.0,0.023547818875729827
577.0,0.0234290696483854
578.0,0.023298757035532323
579.0,0.02315524174514937
580.0,0.022995957028304603
581.0,0.022822246320192224
582.0,0.022635932668965544
583.0,0.02243603845319394
584.0,0.022229467866574898
585.0,0.0220175074122372
586.0,0.02179524187820678
587.0,0.02156204971058368
588.0,0.02131630378989067
589.0,0.021048879716334113
590.0,0.020772126832221207
591.0,0.02050521546735694
592.0,0.020238254520939553
593.0,0.019957025182194048
594.0,0.019644200196882174
595.0,0.01929705148236484
596.0,0.018915335954620076
597.0,0.01849903252469666
598.0,0.018061007003456673
599.0,0.017631088579206387
600.0,0.017232517740717716
601.0,0.01688529493676428
602.0,0.016597507975409334
603.0,0.01637183452866069
604.0,0.016205010010982863
605.0,0.016069130650317558
606.0,0.01595111882598583
607.0,0.015845211227710366
608.0,0.015744459128606957
609.0,0.01564246752534165
610.0,0.015543584013384067
611.0,0.015445878941392585
612.0,0.015343896330397877
613.0,0.015243582842322712
614.0,0.01514947126889391
615.0,0.015048567092169321
616.0,0.014946440313934
617.0,0.014852585800286113
618.0,0.014764837442846762
619.0,0.01468355382207493
620.0,0.01460784654630502
621.0,0.014540699058830545
622.0,0.014484586670265528
623.0,0.014430751238688626
624.0,0.014378891200316282
625.0,0.014335317795925232
626.0,0.014291605559667037
627.0,0.014245285645172629
628.0,0.014215497848881684
629.0,0.014198839804860613
630.0,0.014184190757889386
631.0,0.014170663353181212
632.0,0.014158463549581135
633.0,0.014151199404235787
634.0,0.014148092842404592
635.0,0.014151891101480796
636.0,0.014153597763518645
637.0,0.014154051181794965
638.0,0.014168435758893264
639.0,0.014177704131664467
640.0,0.014178367029056994
641.0,0.014175619718003582
642.0,0.014166539683040536
643.0,0.014145502985086386
644.0,0.01411996840737828
645.0,0.014091436108568866
646.0,0.014057293465101178
647.0,0.014017089145495636
648.0,0.0139682859080355
649.0,0.013910161423118206
650.0,0.01383801306705772
651.0,0.013748548687398141
652.0,0.01363376106875427
653.0,0.013493218531599427
654.0,0.013348041301547767
655.0,0.01315318559989249
656.0,0.01288843620512253
657.0,0.012593941798282767
658.0,0.012308890161838469
659.0,0.012040848634535108
660.0,0.011785910725065856
661.0,0.01154530046200557
662.0,0.011318826779819078
663.0,0.011104589838001219
664.0,0.010900866486802106
665.0,0.01071204807595432
666.0,0.010539608309028536
667.0,0.010384264865911732
668.0,0.010254248188182817
669.0,0.010150764870573736
670.0,0.010063769179733006
671.0,0.009989892502460705
672.0,0.00993954375121088
673.0,0.00990037586832725
674.0,0.009870186365391657
675.0,0.00985489046356441
676.0,0.009854249083027065
677.0,0.009866404307464365
678.0,0.009898844077018795
679.0,0.009953407367340439
680.0,0.010027656235237468
681.0,0.010129191527464545
682.0,0.010257720674575314
683.0,0.010404791788164046
684.0,0.01058122032814073
685.0,0.010809239670973901
686.0,0.01105960533732715
687.0,0.011297500755459954
688.0,0.011446982807846286
689.0,0.011555153359976611
690.0,0.011662916280050057
691.0,0.011751757766931003
692.0,0.011826507506230106
693.0,0.011879986968351188
694.0,0.011904823592995318
695.0,0.01189803922968794
696.0,0.011861812728881486
697.0,0.011795053945915897
698.0,0.011693231255813084
699.0,0.01157058272875172
700.0,0.011422356893250697
701.0,0.01123815370451163
702.0,0.011041124993666118
703.0,0.010834114507007064
704.0,0.010594667377858084
705.0,0.010337373939126534
706.0,0.010083794467064549
707.0,0.009812578709104444
708.0,0.009523547889790273
709.0,0.009228416039775315
710.0,0.00892227841190021
711.0,0.008602105415950991
712.0,0.008272435669137088
713.0,0.007944503658187751
714.0,0.00762578343190218
715.0,0.007319582042561392
716.0,0.007016381124134519
717.0,0.006710984940773013
718.0,0.006400097596473556
719.0,0.006112430611779905
720.0,0.005840540547501246
721.0,0.005596787230871354
722.0,0.005386867701089705
723.0,0.005170866351371926
724.0,0.004938389808338021
725.0,0.004712839844685791
726.0,0.004491604775525978
727.0,0.004269726975871004
728.0,0.004043421117044024
729.0,0.0038175956402774214
730.0,0.0036106648353050803
731.0,0.0034215879807182104
732.0,0.0032581719464465863
733.0,0.0031212155732634004
734.0,0.0030053573307183847
735.0,0.0029027296680972058
736.0,0.0028218965624984206
737.0,0.002764428455956507
738.0,0.002721950691352082
739.0,0.0026860582899342895
740.0,0.0026553531240565186
741.0,0.002631450202623236
742.0,0.002614543058419021
743.0,0.0026037861263439282
744.0,0.0025926365172404134
745.0,0.0025774026023629684
746.0,0.002566086389155494
747.0,0.0025575301074953656
748.0,0.002544526429378164
749.0,0.0025373485428420908
750.0,0.0025332435077149223
751.0,0.0025149839519628798
752.0,0.0024988550315979277
753.0,0.0024914921796773885
754.0,0.002482891953700595
755.0,0.0024724515351581466
756.0,0.002460549106925061
757.0,0.0024554369551676746
758.0,0.002456861234266471
759.0,0.002443485518226017
760.0,0.0024131468107741376
761.0,0.002386695552659193
762.0,0.002358155650314666
763.0,0.0023366919325718293
764.0,0.00234273168053096
765.0,0.0023592173701524103
766.0,0.0023752283873798973
767.0,0.0023799689141639495
768.0,0.0023858278821047856
769.0,0.0023921224789357864
770.0,0.002401685859728164
771.0,0.0024097474604728923
772.0,0.002408896985933691
773.0,0.002411766548882758
774.0,0.002425205915130757
775.0,0.002427152172474703
776.0,0.0024246173116269677
777.0,0.0024345962911466322
778.0,0.0024437412812238824
779.0,0.00245179503671692
780.0,0.0024679725894283643
781.0,0.0024823466635985475
782.0,0.002493928290372088
783.0,0.0025055541681919522
784.0,0.0025162839729586735
785.0,0.0025282540643833027
786.0,0.0025394453498609826
787.0,0.002550185868361262
788.0,0.002563042991155571
789.0,0.0025793117575523654
790.0,0.0026014839084680373
791.0,0.002626520446047509
792.0,0.002652235854431623
793.0,0.0026690107591465393
794.0,0.0026819929105701816
795.0,0.0026961486490276795
796.0,0.0027121993000837857
797.0,0.0027309744953128946
798.0,0.0027516525395598025
799.0,0.0027623882973462676
800.0,0.002770034541353284
801.0,0.002788503767750679
802.0,0.0028019676282401377
803.0,0.0028082790890798766
804.0,0.0028213777518131485
805.0,0.002832971171154455
806.0,0.0028296649428091922
807.0,0.002816167019469084
808.0,0.0028030984177126453
809.0,0.0027992904393969098
810.0,0.002785459651118364
811.0,0.002756777638333904
812.0,0.0027238208039936803
813.0,0.002693590036147574
814.0,0.0026656013903458998
815.0,0.0026300231500374378
816.0,0.002590052380426442
817.0,0.0025567674156727494
818.0,0.0025166177833699653
819.0,0.002471648815947255
820.0,0.002433273480526223
821.0,0.002383186764391578
822.0,0.0023163251935946526
823.0,0.002250645462196056
824.0,0.002181206359821511
825.0,0.0020920797794192316
826.0,0.0020144770923358397
827.0,0.0019517395639797846
828.0,0.0018669341393798104
829.0,0.0017776703455883226
830.0,0.0017030508895431392
831.0,0.001641874575181024
832.0,0.0015948247545339
833.0,0.001562028281156066
834.0,0.0015325253751791172
835.0,0.0015045340488067337
836.0,0.0014753554854594676
837.0,0.001446655182340106
838.0,0.0014265551559102033
839.0,0.0014168431801225908
840.0,0.0014173376427946967
841.0,0.001405116639153738
842.0,0.0013841139646299883
843.0,0.001358154385964579
844.0,0.001345448745445995
845.0,0.001346119837390378
846.0,0.0013436313950757346
847.0,0.0013224537412961275
848.0,0.0012972538807731085
849.0,0.0013043661555770867
850.0,0.0013032093646706967
851.0,0.0012860870094902846
852.0,0.001261676054901776
853.0,0.001241186241649737
854.0,0.0012375301088201624
855.0,0.0012227948979843049
856.0,0.001198637668344591
857.0,0.0012025144453731173
858.0,0.0011979342058303071
859.0,0.001174569399265114
860.0,0.0011695213267050788
861.0,0.0011727550905215318
862.0,0.0011677790692268416
863.0,0.0011476275901329558
864.0,0.001123747241601973
865.0,0.0011318952633524192
866.0,0.0011185865289346415
867.0,0.0010874360709927275
868.0,0.0010855378887214132
869.0,0.00108512852048418
870.0,0.0010729611470232056
871.0,0.0010713486669426402
872.0,0.0010624321443273833
873.0,0.0010425241770989154
874.0,0.0010278375251350697
875.0,0.0010187513857284878
876.0,0.0009906562150826213
877.0,0.0009651115996374323
878.0,0.0009667165047698913
879.0,0.0009754236811277512
880.0,0.0009696378041914925
881.0,0.000928615155575681
882.0,0.0009116028218981153
883.0,0.0009182676104214716
884.0,0.0009002944315011366
885.0,0.0008779554988254428
886.0,0.000875136539276368
887.0,0.0008594113802189938
888.0,0.0008359706673379769
889.0,0.0008265177121591763
890.0,0.0008150853390786366
891.0,0.0007908692489249908
892.0,0.0007701082196603109
893.0,0.0007583294158891498
894.0,0.0007516826074110142
895.0,0.0007311739200738228
896.0,0.0007183389102066956
897.0,0.0007132476744670445
898.0,0.000699110286034002
899.0,0.0006660368982614413
