/begin_header
/west_longitude=UNKNOWN
/south_latitude=NA
/north_latitude=UNKNOWN
/calibration_files=NA
/cruise=NA
/station=NA
/documents=NA
/data_type=NA
/affiliations=NOAA
/experiment=NA
/units=nm,dl
/start_date=2019-08-15
/end_date=NA
/missing=9999
/start_time=14:20:30
/data_file_name=NA
/cloud_percent=NA
/water_depth=NA
/data_status=NA
/east_longitude=NA
/wind_speed=NA
/secchi=NA
/measurement_depth=NA
/fields=wavelength,rrs
/delimiter=comma
/contact=NA
/end_time=NA
/wave_height=NA
/investigators=NA
/end_header@
325.0,0.015563631131980721
326.0,0.015513163680068293
327.0,0.01544603184924263
328.0,0.015379849039116095
329.0,0.015295855365032487
330.0,0.01520627830079659
331.0,0.015135512875770456
332.0,0.015079778529437704
333.0,0.015031709442962438
334.0,0.014918897317244263
335.0,0.01482011838349671
336.0,0.01474754805390797
337.0,0.014682208679108974
338.0,0.014569164130770834
339.0,0.014429661897108708
340.0,0.014387182804290775
341.0,0.01436553459658126
342.0,0.014262987310006312
343.0,0.014184486014187342
344.0,0.014111792766510894
345.0,0.014007200642770274
346.0,0.01390802979428327
347.0,0.013825514787262303
348.0,0.013736390590381628
349.0,0.01363974879413358
350.0,0.013573142701789581
351.0,0.013514759867739663
352.0,0.013437572144597634
353.0,0.013338195585648142
354.0,0.013266665065921848
355.0,0.013222111293276157
356.0,0.01315563828734263
357.0,0.01307898443324399
358.0,0.013001261178324211
359.0,0.01292156072923262
360.0,0.012843678707028416
361.0,0.012781091606203419
362.0,0.012713078503716085
363.0,0.012644984193951644
364.0,0.012583264913944407
365.0,0.012524683558843338
366.0,0.012456396692382873
367.0,0.012383356894316164
368.0,0.01232740165585077
369.0,0.012301787872543903
370.0,0.012248210009720536
371.0,0.012161891107962359
372.0,0.012101568899121007
373.0,0.012041990155115655
374.0,0.011986207064560177
375.0,0.011921346260486188
376.0,0.011859513139720888
377.0,0.011815149497167391
378.0,0.011756150028427888
379.0,0.011681218794580981
380.0,0.011630103151206193
381.0,0.011585616892078168
382.0,0.011545235719307833
383.0,0.011488582354197826
384.0,0.011425146902853742
385.0,0.011375083699808436
386.0,0.011318019335932988
387.0,0.011251089064853398
388.0,0.01122758569557213
389.0,0.011195423160651839
390.0,0.011144877542588253
391.0,0.011110170311696053
392.0,0.011079694810747902
393.0,0.011020003207296302
394.0,0.010972826812342365
395.0,0.010937505882783444
396.0,0.010871052119758617
397.0,0.010802738921009726
398.0,0.010750753392955014
399.0,0.010704972697584738
400.0,0.010667882621184257
401.0,0.010628235702386395
402.0,0.01059727125507805
403.0,0.010570395849109548
404.0,0.010531864847912503
405.0,0.010491318938024947
406.0,0.010453666768771866
407.0,0.01041263280625525
408.0,0.010377643325299706
409.0,0.010349432787546204
410.0,0.010309830668783819
411.0,0.010265811257065396
412.0,0.01024156122572956
413.0,0.010215899840391552
414.0,0.01017858956632901
415.0,0.010148463579183885
416.0,0.010120507337290209
417.0,0.01009649205439849
418.0,0.01007858849090606
419.0,0.01006207657232254
420.0,0.010041452181020946
421.0,0.010017454402525786
422.0,0.009990414260023218
423.0,0.009978177738100485
424.0,0.00997267370968261
425.0,0.00995607484195115
426.0,0.009940888741100082
427.0,0.009930425710723986
428.0,0.009914728706042198
429.0,0.009894811719445309
430.0,0.009874413924652412
431.0,0.009860103168148554
432.0,0.009846629937172807
433.0,0.00982234318483592
434.0,0.009795985463254667
435.0,0.009775217928775764
436.0,0.009770088005448988
437.0,0.009767299006696642
438.0,0.0097573323930672
439.0,0.009753785490656702
440.0,0.00975587132822266
441.0,0.009760471999551209
442.0,0.009767880578351306
443.0,0.009777962318850936
444.0,0.009786949823355049
445.0,0.009797783079889875
446.0,0.009815491654408233
447.0,0.009837841673837121
448.0,0.009859958952816569
449.0,0.00988066858945663
450.0,0.009903053657680657
451.0,0.009927506519625115
452.0,0.009954737481452397
453.0,0.009982084600525899
454.0,0.010002556165732326
455.0,0.010028466210468708
456.0,0.010057713097247704
457.0,0.01007407593189682
458.0,0.010088483157296827
459.0,0.010106488820204781
460.0,0.010131603250148998
461.0,0.010157517743316828
462.0,0.01017911144852561
463.0,0.010202968991647708
464.0,0.010230813313955273
465.0,0.010262195643854076
466.0,0.010290064753621524
467.0,0.010311357189766944
468.0,0.010342239126339848
469.0,0.010376530211831245
470.0,0.010403359508260664
471.0,0.01042820327252697
472.0,0.010454115734190412
473.0,0.01047667437980262
474.0,0.010498284761973443
475.0,0.010523519868286564
476.0,0.010546721359152553
477.0,0.010567426602108602
478.0,0.010584650750763197
479.0,0.010606752429922501
480.0,0.010635005332158337
481.0,0.010661830415019193
482.0,0.010689796616286338
483.0,0.010718058846092645
484.0,0.010741876205202273
485.0,0.010763226372011906
486.0,0.010786843124961365
487.0,0.010804917145928964
488.0,0.010819109574874622
489.0,0.010838526722406316
490.0,0.010858536301603028
491.0,0.0108774247101041
492.0,0.010902288785513442
493.0,0.010931187572522694
494.0,0.010957548733664151
495.0,0.010990100600253936
496.0,0.01102849910664091
497.0,0.011069913321238314
498.0,0.011113325972453703
499.0,0.011150408539949754
500.0,0.011198779529301105
501.0,0.011257804488907638
502.0,0.011304805680684924
503.0,0.011343795972976996
504.0,0.011382218072935525
505.0,0.011428066359391916
506.0,0.01147405379497162
507.0,0.011505384036661414
508.0,0.01153501489681687
509.0,0.01156507671616397
510.0,0.011585677325875144
511.0,0.01160636256410438
512.0,0.011632859335865645
513.0,0.011676099393536492
514.0,0.01173296897430133
515.0,0.011792848147112397
516.0,0.011864156141843137
517.0,0.01194603873766036
518.0,0.012029599063602923
519.0,0.012109167126861914
520.0,0.012181742610062014
521.0,0.012257346270662654
522.0,0.012337981648055565
523.0,0.012414429690209637
524.0,0.012495623374626884
525.0,0.01258471359308344
526.0,0.012667165991803373
527.0,0.012742468581131091
528.0,0.012815820371466951
529.0,0.01288837692369233
530.0,0.012959441269751787
531.0,0.013027924786161613
532.0,0.01309603518568729
533.0,0.013164025419900882
534.0,0.013228093791871273
535.0,0.013287107904285073
536.0,0.01334137294668786
537.0,0.013395998350751628
538.0,0.013451039031737385
539.0,0.013498869589493877
540.0,0.013540983130494583
541.0,0.013576897746061
542.0,0.013605457043405576
543.0,0.013626214895617439
544.0,0.013641277618683298
545.0,0.013647500376020628
546.0,0.013643524652921615
547.0,0.013635153816382533
548.0,0.013621339284497064
549.0,0.013607656129388792
550.0,0.013594886828585326
551.0,0.0135869332719016
552.0,0.013589249239785875
553.0,0.013597641949928296
554.0,0.01360974859351587
555.0,0.013622680272291392
556.0,0.013637543062152877
557.0,0.013652944014898685
558.0,0.013660468877236773
559.0,0.0136567056913199
560.0,0.013646791907592581
561.0,0.013632381896025522
562.0,0.01361382882883264
563.0,0.013586769226901638
564.0,0.013549448291181893
565.0,0.013502707360360472
566.0,0.013448683309294041
567.0,0.01339137116962722
568.0,0.013323253643319401
569.0,0.01324252795584668
570.0,0.013147073773376919
571.0,0.013039798506041067
572.0,0.012922223750529977
573.0,0.012798298126459922
574.0,0.012661305157326008
575.0,0.012506221407511764
576.0,0.012337794038018938
577.0,0.012155749091248304
578.0,0.011949837572480908
579.0,0.011725755733482099
580.0,0.011488764400431173
581.0,0.011237195979374386
582.0,0.01097492166851256
583.0,0.010704492134533172
584.0,0.010432191450899202
585.0,0.010159553251199285
586.0,0.00988460920921887
587.0,0.009609232962164631
588.0,0.009328790801959372
589.0,0.009043632518835935
590.0,0.00876218553578197
591.0,0.008494343528928127
592.0,0.008228956384851242
593.0,0.007954020459133754
594.0,0.007672055879278723
595.0,0.007378475327524675
596.0,0.007063807415300318
597.0,0.006752385736334192
598.0,0.006453935108812913
599.0,0.006170306191215296
600.0,0.005922937233142559
601.0,0.005722174009132398
602.0,0.005562511502960023
603.0,0.005440039236571092
604.0,0.0053484658492022556
605.0,0.005279162368056359
606.0,0.005226581944747922
607.0,0.005188590247931194
608.0,0.005154277333826544
609.0,0.005113560654827469
610.0,0.005075930879547108
611.0,0.005041574060676621
612.0,0.005002582125144761
613.0,0.0049636324632121075
614.0,0.0049305588802190424
615.0,0.004893593350634422
616.0,0.004849965161562944
617.0,0.004810441234151787
618.0,0.004772795743966241
619.0,0.004736940305976609
620.0,0.00470325548102845
621.0,0.004668433228602305
622.0,0.004627695699641001
623.0,0.004592370006615995
624.0,0.004558798983319103
625.0,0.004519413844198653
626.0,0.004481119344476464
627.0,0.004443106960330264
628.0,0.00440786351633375
629.0,0.004374704547592569
630.0,0.0043487313523125305
631.0,0.004325155359343384
632.0,0.004298422210621617
633.0,0.004274625697611179
634.0,0.004251758344906469
635.0,0.0042225510187323696
636.0,0.004197463253255609
637.0,0.004173918263138467
638.0,0.004139908701348579
639.0,0.004110219044247458
640.0,0.00408862653574515
641.0,0.004064566502401064
642.0,0.004032666173747167
643.0,0.003997570623819661
644.0,0.0039634786356096685
645.0,0.003925922198254045
646.0,0.0038802389001164
647.0,0.003836436351471058
648.0,0.00379923912683984
649.0,0.0037647518060132195
650.0,0.0037213744940158182
651.0,0.003662335631127478
652.0,0.0036075366095186176
653.0,0.0035569209495602146
654.0,0.0034971978249824696
655.0,0.003424489375323571
656.0,0.0033441856617061694
657.0,0.00326950450399316
658.0,0.0032061912262275243
659.0,0.0031443591471015165
660.0,0.003089446877976831
661.0,0.0030459157408209464
662.0,0.003011446964499657
663.0,0.0029811165629250436
664.0,0.0029538209846117747
665.0,0.0029302866919991497
666.0,0.0029100842080302222
667.0,0.0028822010725905235
668.0,0.0028609175982305364
669.0,0.0028492367923043413
670.0,0.002831033400192945
671.0,0.0028127212852371328
672.0,0.002797622806728585
673.0,0.002783660316059567
674.0,0.0027695840771061156
675.0,0.002758390471567134
676.0,0.002745464875128276
677.0,0.0027298775035283157
678.0,0.0027193909678660264
679.0,0.0027122338179734924
680.0,0.002698986451964082
681.0,0.002686590698465524
682.0,0.0026734938489469157
683.0,0.0026532901629584492
684.0,0.0026326473360221776
685.0,0.0026157274186562546
686.0,0.0025863621572993194
687.0,0.002542429094224598
688.0,0.002503736151822731
689.0,0.0024735586610126876
690.0,0.0024458833205445512
691.0,0.0024033211651897333
692.0,0.0023506889964331904
693.0,0.0023000327165771974
694.0,0.002256745288533161
695.0,0.0022194241457897473
696.0,0.0021831826775456885
697.0,0.0021413527314096633
698.0,0.002080171853519009
699.0,0.002020538671773345
700.0,0.0019700582861234884
701.0,0.0019202651776728523
702.0,0.001872443426998853
703.0,0.001827913854950021
704.0,0.0017830886860347786
705.0,0.0017351448196611927
706.0,0.0016827073452519658
707.0,0.0016366793172976548
708.0,0.0015954569915213467
709.0,0.0015413893041188221
710.0,0.001487813820831453
711.0,0.0014392102530259427
712.0,0.0013852647420897527
713.0,0.0013280172223674128
714.0,0.0012674656450470281
715.0,0.0012002550157208453
716.0,0.0011235220330294863
717.0,0.0010537184259713458
718.0,0.0009964203482934857
719.0,0.0009520217800612135
720.0,0.0009307145766476535
721.0,0.0009178293300444101
722.0,0.000879916753352902
723.0,0.0008369059472701321
724.0,0.0007960857742912817
725.0,0.0007448444151387383
726.0,0.0007007248891227821
727.0,0.0006835158610375058
728.0,0.0006616562722758781
729.0,0.000630085846849573
730.0,0.0006080519945203058
731.0,0.0005892259787285044
732.0,0.0005784197267441722
733.0,0.0005652290703691297
734.0,0.0005526870490054567
735.0,0.0005395197436096417
736.0,0.0005267183695972337
737.0,0.0005193726501027307
738.0,0.0005184369300522999
739.0,0.0005186426334771687
740.0,0.0005164101942598893
741.0,0.0005160279100585826
742.0,0.0005176137731629754
743.0,0.0005087298275045571
744.0,0.0005046010989163942
745.0,0.0005045064082422225
746.0,0.0004954069757983608
747.0,0.0004861264298558135
748.0,0.00048547854589412587
749.0,0.0004872053776307667
750.0,0.0004863836712715097
751.0,0.00047155985158145295
752.0,0.00046248796648135326
753.0,0.00046762997189788124
754.0,0.00046498809296992657
755.0,0.0004522026739370936
756.0,0.00044503379866975035
757.0,0.0004302553235545624
758.0,0.00039759692873294407
759.0,0.0003457946140715616
760.0,0.00027946519604852584
761.0,0.00023247747253293507
762.0,0.00021727239198992768
763.0,0.00023123482060490036
764.0,0.0002614444410696232
765.0,0.0002968641127008564
766.0,0.00032819448907869835
767.0,0.0003514284095729225
768.0,0.00036798036051953454
769.0,0.00038026797123623553
770.0,0.00038969284013865593
771.0,0.00039407812169793294
772.0,0.0003906710900095636
773.0,0.00038719202896566544
774.0,0.00039113147793618484
775.0,0.00039177551914192625
776.0,0.0003881215101453347
777.0,0.0003825290926635194
778.0,0.0003820181514511123
779.0,0.0003838965016438394
780.0,0.0003769208878519277
781.0,0.00037172177916151475
782.0,0.00037048685367236175
783.0,0.00037097967159267374
784.0,0.0003736376677301364
785.0,0.00036124948202505096
786.0,0.00034913032674692434
787.0,0.00034328292076999295
788.0,0.0003390099452603246
789.0,0.00033892409614705787
790.0,0.00034318618755591323
791.0,0.0003463430744119308
792.0,0.0003504074383749721
793.0,0.00035294583443970946
794.0,0.0003477850188290671
795.0,0.0003375959316648975
796.0,0.00033547510228627505
797.0,0.0003375056424521717
798.0,0.00034226160216364166
799.0,0.0003424693945032266
800.0,0.0003394042245894402
801.0,0.0003282498355280706
802.0,0.0003240186669681507
803.0,0.00032963956530621016
804.0,0.0003289828478719327
805.0,0.00032595687959686043
806.0,0.0003245630869349584
807.0,0.00032205645150716405
808.0,0.0003140130744650356
809.0,0.00030106056122701817
810.0,0.0002849508653118745
811.0,0.000266411640705817
812.0,0.0002445764310269178
813.0,0.00022190467628334368
814.0,0.0002100319625642542
815.0,0.00020162698999055925
816.0,0.00019651241024064623
817.0,0.0001926542509762555
818.0,0.0001843710841837358
819.0,0.00017410371158908718
820.0,0.0001723345140340687
821.0,0.00016569346032179388
822.0,0.00015105276689828857
823.0,0.00014888590748461065
824.0,0.00015287881324418945
825.0,0.00012665567100090866
826.0,0.00010939025783658198
827.0,0.00010456892994565063
828.0,8.624228827990382e-05
829.0,6.511869451305999e-05
830.0,5.0520562385784525e-05
831.0,4.121013991161355e-05
832.0,3.796747111750219e-05
833.0,3.6664564631323345e-05
834.0,3.4256981304398897e-05
835.0,2.8663654834216958e-05
836.0,3.8366821304137037e-05
837.0,3.5214152583783314e-05
838.0,3.170110691111596e-05
839.0,3.2079289030121995e-05
840.0,3.384286808976548e-05
841.0,4.225702337735745e-05
842.0,5.2773701677422035e-05
843.0,2.5892702938631184e-05
844.0,1.9847313103509314e-05
845.0,2.3445081148888156e-05
846.0,5.812358844093493e-05
847.0,6.965576482928984e-05
848.0,3.20097848918911e-05
849.0,1.3517984181067177e-05
850.0,6.650059724202942e-05
851.0,9.209564498993708e-05
852.0,8.115106964050926e-05
853.0,8.312393378302907e-05
854.0,0.00010000000000000002
855.0,0.00010000000000000002
856.0,9.044884028738252e-05
857.0,0.00010000000000000002
858.0,0.00010000000000000002
859.0,9.030234870674546e-05
860.0,0.00010000000000000002
861.0,0.00010000000000000002
862.0,0.00010000000000000002
863.0,0.00010000000000000002
864.0,0.00010000000000000002
865.0,0.00010000000000000002
866.0,0.00010000000000000002
867.0,0.00010000000000000002
868.0,0.00010000000000000002
869.0,0.00010000000000000002
870.0,0.00010000000000000002
871.0,0.00010000000000000002
872.0,0.00010000000000000002
873.0,0.00010000000000000002
874.0,0.00010000000000000002
875.0,0.00010000000000000002
876.0,0.00010000000000000002
877.0,0.00010000000000000002
878.0,0.00010000000000000002
879.0,0.00010000000000000002
880.0,0.00010000000000000002
881.0,0.00010000000000000002
882.0,0.00010000000000000002
883.0,0.00010000000000000002
884.0,0.00010000000000000002
885.0,0.00010000000000000002
886.0,0.00010000000000000002
887.0,0.00010000000000000002
888.0,0.00010000000000000002
889.0,0.00010000000000000002
890.0,0.00010000000000000002
891.0,0.00010000000000000002
892.0,0.00010000000000000002
893.0,0.00010000000000000002
894.0,0.00010000000000000002
895.0,0.00010000000000000002
896.0,0.00010000000000000002
897.0,0.00010000000000000002
898.0,0.00010000000000000002
899.0,0.00010000000000000002
