/begin_header
/west_longitude=UNKNOWN
/south_latitude=NA
/north_latitude=UNKNOWN
/calibration_files=NA
/cruise=NA
/station=NA
/documents=NA
/data_type=NA
/affiliations=NOAA
/experiment=NA
/units=nm,dl
/start_date=2019-08-12
/end_date=NA
/missing=9999
/start_time=14:38:42
/data_file_name=NA
/cloud_percent=NA
/water_depth=NA
/data_status=NA
/east_longitude=NA
/wind_speed=NA
/secchi=NA
/measurement_depth=NA
/fields=wavelength,rrs
/delimiter=comma
/contact=NA
/end_time=NA
/wave_height=NA
/investigators=NA
/end_header@
325.0,0.01785213719408719
326.0,0.017895441061113265
327.0,0.01788529237063118
328.0,0.017818397430658654
329.0,0.01773099730529948
330.0,0.017616384233413836
331.0,0.017486990438838876
332.0,0.017418738201896107
333.0,0.017359082917764713
334.0,0.017250427170942197
335.0,0.017091973146484262
336.0,0.01694590640193745
337.0,0.016850177348788565
338.0,0.016767068493952157
339.0,0.016647411289933658
340.0,0.01654110416297372
341.0,0.016444716809876764
342.0,0.01635342089442591
343.0,0.01622224189765077
344.0,0.016095271451785576
345.0,0.016034933234497777
346.0,0.015928025380593562
347.0,0.015776469062758564
348.0,0.01565913520550071
349.0,0.015574896731595808
350.0,0.01550911701779105
351.0,0.015427861244484958
352.0,0.015309755144224543
353.0,0.015227732019049872
354.0,0.015149605431071614
355.0,0.015054611084146446
356.0,0.014966965879403457
357.0,0.014875694614452128
358.0,0.014777254086059736
359.0,0.014692397974144211
360.0,0.014631998455733614
361.0,0.014540726478837473
362.0,0.01444458971537511
363.0,0.014360528821648202
364.0,0.014278602126905857
365.0,0.014209042690142648
366.0,0.014151205472288642
367.0,0.014067664433877521
368.0,0.013982845030030092
369.0,0.013943577732459841
370.0,0.013877499862717463
371.0,0.013787608891358143
372.0,0.013745679662343377
373.0,0.013681767835601055
374.0,0.013567355433562606
375.0,0.013472213606217125
376.0,0.013389190057270257
377.0,0.013302215928145705
378.0,0.013248701311145056
379.0,0.0132208727892789
380.0,0.013157182014990915
381.0,0.013086085521441795
382.0,0.013036484665077574
383.0,0.012984950017551174
384.0,0.012912277186417756
385.0,0.012815148655102415
386.0,0.012735801994036877
387.0,0.012679798144239307
388.0,0.012631024117716088
389.0,0.01259482749909128
390.0,0.012546111842289067
391.0,0.012500235926781188
392.0,0.012442002568837434
393.0,0.012362441409606932
394.0,0.012307811846843413
395.0,0.012268009196348338
396.0,0.012184363922302498
397.0,0.012096154382544516
398.0,0.012019947443293854
399.0,0.011949519638084837
400.0,0.011883024817133579
401.0,0.01183290148369956
402.0,0.011781493924353681
403.0,0.011724778116005388
404.0,0.011669790927866878
405.0,0.011611003106817072
406.0,0.011547050241580332
407.0,0.011491139790401261
408.0,0.01143652443972581
409.0,0.011370466948860094
410.0,0.011306687215253186
411.0,0.011251068097707992
412.0,0.011198544870585112
413.0,0.011151151467544319
414.0,0.011109484748580974
415.0,0.01106599264821135
416.0,0.0110193995850183
417.0,0.010980984500198365
418.0,0.010950206602106603
419.0,0.010923206443154358
420.0,0.01089338377229911
421.0,0.010864450345082929
422.0,0.01083557114650396
423.0,0.010813309551579189
424.0,0.010798843065026285
425.0,0.010781961599328316
426.0,0.010764944911394573
427.0,0.01074704683232295
428.0,0.010721277043255834
429.0,0.010690581624569572
430.0,0.010662322973967459
431.0,0.010637244276250672
432.0,0.010612047578311863
433.0,0.010585203264316233
434.0,0.010565557625711524
435.0,0.010550429377032206
436.0,0.01053058565277806
437.0,0.010518923199590092
438.0,0.010519838551492808
439.0,0.010529554498266628
440.0,0.010544751447865064
441.0,0.010561018775770394
442.0,0.010581519158479578
443.0,0.010609582738130528
444.0,0.01064658679112668
445.0,0.010693446032217524
446.0,0.01075032681806886
447.0,0.010805877808768542
448.0,0.01085918910045192
449.0,0.010923027545711523
450.0,0.010986434351845157
451.0,0.011047426753838501
452.0,0.011112359773689313
453.0,0.011172372178686484
454.0,0.011222282125893893
455.0,0.011271863749894091
456.0,0.011323017285774107
457.0,0.011366952297090394
458.0,0.011407044224257016
459.0,0.011446943132218033
460.0,0.011485054642491208
461.0,0.01152140433854187
462.0,0.011554983806453941
463.0,0.011591543594045855
464.0,0.011633204568300729
465.0,0.01167369074121278
466.0,0.011715633817917254
467.0,0.011762748141760645
468.0,0.011808800816673622
469.0,0.011852004492406965
470.0,0.011892175683302048
471.0,0.011936219284336259
472.0,0.011984300670136843
473.0,0.012024414061993952
474.0,0.012066929884942453
475.0,0.012112830792783214
476.0,0.012155374852685235
477.0,0.012195116103115416
478.0,0.012235263323060828
479.0,0.01227640898207089
480.0,0.01231968041034751
481.0,0.012368048743970395
482.0,0.012420117844865942
483.0,0.012472692182700957
484.0,0.012522227780346723
485.0,0.012570229175609451
486.0,0.012626335234229156
487.0,0.012682712181392724
488.0,0.012732265351402303
489.0,0.01278630318228888
490.0,0.012844051867991788
491.0,0.012909067626785915
492.0,0.01298844874971539
493.0,0.013077708781512551
494.0,0.013161728368948916
495.0,0.013250376937816787
496.0,0.013348090801928201
497.0,0.013460773306976362
498.0,0.01358483281060469
499.0,0.013719417972423278
500.0,0.013862957066684962
501.0,0.014014156806392855
502.0,0.01417629888144976
503.0,0.01434378704139116
504.0,0.01451637039255028
505.0,0.014698610693090563
506.0,0.014888958998710932
507.0,0.015083335792539504
508.0,0.01528846959286175
509.0,0.015501957191279028
510.0,0.01571426995610308
511.0,0.015928104973399655
512.0,0.016151042081588966
513.0,0.01637870808105889
514.0,0.016615698945261253
515.0,0.01686731676848349
516.0,0.017128705313394464
517.0,0.017397032108558856
518.0,0.01766651566057461
519.0,0.01792618322396501
520.0,0.01817219569688469
521.0,0.01841364017075973
522.0,0.018657254414141185
523.0,0.018908766187483488
524.0,0.01916416050391583
525.0,0.019417567786809156
526.0,0.019672748902749504
527.0,0.01992659307767503
528.0,0.02016965822150447
529.0,0.02040289854314961
530.0,0.020628232931445046
531.0,0.020852856557326528
532.0,0.021080071864779764
533.0,0.02130739101740732
534.0,0.021529997775234466
535.0,0.021744498249834873
536.0,0.02194837097552626
537.0,0.02215087866968908
538.0,0.02235407631258421
539.0,0.022548124598655635
540.0,0.02273971040072945
541.0,0.02293053336786637
542.0,0.023110340798403028
543.0,0.023278027704566044
544.0,0.023440104177200202
545.0,0.023595224311587764
546.0,0.023739994381570748
547.0,0.02387823987408723
548.0,0.024013376660936454
549.0,0.024145430393418384
550.0,0.024275162053812502
551.0,0.024404666132955728
552.0,0.024531713346605637
553.0,0.024655561815760722
554.0,0.02477594751076221
555.0,0.024889018221350975
556.0,0.024995971317812456
557.0,0.025099547667100756
558.0,0.025191805508265573
559.0,0.025266758085216612
560.0,0.025330266593231156
561.0,0.02538239262158068
562.0,0.025420961782457712
563.0,0.025450708056612464
564.0,0.025471224910922345
565.0,0.025474539803090522
566.0,0.025463570739916536
567.0,0.02544045713672663
568.0,0.025403440018474575
569.0,0.025353574373380355
570.0,0.025296059213445153
571.0,0.025227178538672273
572.0,0.025146476346576147
573.0,0.025053889203448598
574.0,0.02495132930949056
575.0,0.024844931301773003
576.0,0.024726491104410494
577.0,0.0245944836872895
578.0,0.02445173964452215
579.0,0.02429137893379502
580.0,0.024116760487777878
581.0,0.023932374604038065
582.0,0.023734130005964058
583.0,0.02351981032976256
584.0,0.023288717668610744
585.0,0.023044676935583645
586.0,0.022803328392478662
587.0,0.022552132083255662
588.0,0.022272852119234094
589.0,0.021985130212516645
590.0,0.021698239657007727
591.0,0.021417793672006157
592.0,0.021134565963027326
593.0,0.020827076940524332
594.0,0.020486088312094874
595.0,0.020111174325286137
596.0,0.019708664654892964
597.0,0.019270098220718967
598.0,0.018806555983507788
599.0,0.018353039647132703
600.0,0.017931452623965203
601.0,0.017567824090535828
602.0,0.017265740461572344
603.0,0.017027872625979074
604.0,0.016844018200247758
605.0,0.01670049501397275
606.0,0.016581556338603105
607.0,0.01646728914240213
608.0,0.016353130900765674
609.0,0.01623669184242027
610.0,0.016127468170944563
611.0,0.01602472966159496
612.0,0.015916496175537705
613.0,0.01580451465775582
614.0,0.015688893427774887
615.0,0.0155810957846209
616.0,0.015477537040817713
617.0,0.01537411456804218
618.0,0.015277629306053827
619.0,0.015189687574819458
620.0,0.015110387204985195
621.0,0.015033469931827631
622.0,0.014960535564971716
623.0,0.014897495985588002
624.0,0.014840408357710513
625.0,0.014784139372776473
626.0,0.014731127315143158
627.0,0.01468061513534682
628.0,0.014645773123845674
629.0,0.014623493473769003
630.0,0.014607680297155447
631.0,0.014593270969101329
632.0,0.014578961341132254
633.0,0.014566041344423636
634.0,0.014559110817223919
635.0,0.014559029063541753
636.0,0.014552142014123397
637.0,0.014542131439801004
638.0,0.014542301852914965
639.0,0.01454242144968514
640.0,0.014534427942545697
641.0,0.014519937521236379
642.0,0.014494841319904824
643.0,0.014452246562322862
644.0,0.014409847629241742
645.0,0.014366313399920439
646.0,0.014312314095425332
647.0,0.014250043937278193
648.0,0.014182963562115888
649.0,0.01411467720280967
650.0,0.014034457281528542
651.0,0.013925592534807966
652.0,0.013788190443558801
653.0,0.013628865211310274
654.0,0.013461028596166085
655.0,0.013249364430073038
656.0,0.012982246686463425
657.0,0.012677633088923857
658.0,0.012372832779784201
659.0,0.012082394466152266
660.0,0.01180830375523889
661.0,0.011553438346609872
662.0,0.01130942884345364
663.0,0.01107960425937236
664.0,0.010862108431639539
665.0,0.010662016857392737
666.0,0.010482019439009052
667.0,0.010312547399106498
668.0,0.010170585251648333
669.0,0.010064295710005779
670.0,0.009974325418850094
671.0,0.009901006768252386
672.0,0.009848814225678702
673.0,0.009808295494184502
674.0,0.009775944269960295
675.0,0.009754015469390333
676.0,0.009749449946870176
677.0,0.00977057171281869
678.0,0.009807480039121044
679.0,0.009862524604117108
680.0,0.009937744728608245
681.0,0.010041740698654213
682.0,0.010186168740348164
683.0,0.010360824638183837
684.0,0.010555456629926373
685.0,0.010784995779134363
686.0,0.011051100772841495
687.0,0.011323542728524602
688.0,0.011495329107608228
689.0,0.01161725459703985
690.0,0.01173979817535461
691.0,0.011845529094032923
692.0,0.011934422283719468
693.0,0.012005905086329299
694.0,0.012059911443543203
695.0,0.012089213870028533
696.0,0.012067919855448068
697.0,0.012005990904865944
698.0,0.011910126837208374
699.0,0.011788905639424686
700.0,0.011641729202749656
701.0,0.011465037964663305
702.0,0.011267776909474971
703.0,0.01105345319837359
704.0,0.010814478098812431
705.0,0.010560158270572684
706.0,0.01029549603509358
707.0,0.010014801406203009
708.0,0.009717596091424962
709.0,0.009405638528267467
710.0,0.009085230890145783
711.0,0.008751625963575002
712.0,0.008413120224223409
713.0,0.008074917939744438
714.0,0.007734579857446156
715.0,0.0074028512463024596
716.0,0.0070715083659195046
717.0,0.006755981959591378
718.0,0.006444815272399642
719.0,0.006147623670448491
720.0,0.005882376301288169
721.0,0.005651126329566268
722.0,0.0054238442605788195
723.0,0.005191236282686297
724.0,0.004950845422806311
725.0,0.004719237801433917
726.0,0.004497963903500744
727.0,0.0042820051488844345
728.0,0.00406165168915618
729.0,0.003839800590579416
730.0,0.003632836143922763
731.0,0.0034525843830717196
732.0,0.003299784754368837
733.0,0.003161561607517912
734.0,0.00303997443174656
735.0,0.0029416776553995495
736.0,0.002865842596762014
737.0,0.0028076955960009134
738.0,0.002765154329055963
739.0,0.0027352164932184855
740.0,0.0027122133979794304
741.0,0.00269342672949077
742.0,0.0026759267958962915
743.0,0.0026637147896764963
744.0,0.0026560462285248982
745.0,0.0026500861102189766
746.0,0.0026342148918533726
747.0,0.0026139675543185004
748.0,0.0026112489634226767
749.0,0.0026059072861320497
750.0,0.0025929426094034947
751.0,0.0025805218345984473
752.0,0.002567459494341876
753.0,0.0025558977581283844
754.0,0.0025449547912919147
755.0,0.0025360051389671824
756.0,0.0025251028805569594
757.0,0.0025117359896789744
758.0,0.002493789600697703
759.0,0.002466500243616781
760.0,0.0024257715267851066
761.0,0.0023935980743968375
762.0,0.002368530185281994
763.0,0.0023554003206112508
764.0,0.0023707425412330375
765.0,0.002388699712879805
766.0,0.0024057320137903493
767.0,0.0024243045943788738
768.0,0.0024375229652501963
769.0,0.002446481091616405
770.0,0.002452293366230153
771.0,0.002456708055580082
772.0,0.0024572653519639013
773.0,0.002460149655951324
774.0,0.002471122908599454
775.0,0.0024806998445935455
776.0,0.0024858981338054887
777.0,0.00248997138553212
778.0,0.002497059161218429
779.0,0.0025095098830113004
780.0,0.0025205852280961233
781.0,0.0025284202629008864
782.0,0.002537660232574141
783.0,0.0025446781822616458
784.0,0.0025542993596276192
785.0,0.002568062362368142
786.0,0.002582840669584042
787.0,0.002597525865495932
788.0,0.0026104688797816775
789.0,0.002626090633703289
790.0,0.0026403926903923124
791.0,0.002657863364056144
792.0,0.0026805155357889675
793.0,0.002696365659850697
794.0,0.00271000455648064
795.0,0.0027286831896830865
796.0,0.002748857946965283
797.0,0.0027665183438630126
798.0,0.002781894648898863
799.0,0.0027960280166324483
800.0,0.002807610612053687
801.0,0.002816709640135805
802.0,0.0028259038295274904
803.0,0.002837837047899835
804.0,0.002851336497635455
805.0,0.002858850439377068
806.0,0.0028575279260923156
807.0,0.002848357514311303
808.0,0.0028329617843307945
809.0,0.0028118603290328142
810.0,0.0027884328127059745
811.0,0.0027616100987029116
812.0,0.0027287380615645665
813.0,0.0026908830928999475
814.0,0.0026486032867066556
815.0,0.0026141491854222896
816.0,0.0025775754010867466
817.0,0.002553833997975382
818.0,0.0025239823365880965
819.0,0.0024766718876502772
820.0,0.002425324495388493
821.0,0.0023705632906077657
822.0,0.0023153982491754795
823.0,0.0022532035046987113
824.0,0.002180624894410383
825.0,0.002097095791192654
826.0,0.0020235364878652485
827.0,0.001960779681417081
828.0,0.001880820116285092
829.0,0.0017935084271907345
830.0,0.0017256210140600438
831.0,0.0016627668711336116
832.0,0.001613881709049245
833.0,0.0015799847892236838
834.0,0.001550637472474989
835.0,0.0015222820723327795
836.0,0.0014980103761833843
837.0,0.0014798865178889098
838.0,0.0014671223123505412
839.0,0.0014538648066708452
840.0,0.00144761961568642
841.0,0.0014343257093632096
842.0,0.001417096549430927
843.0,0.001399101005079321
844.0,0.0013866027610384664
845.0,0.0013797920065385873
846.0,0.0013719770275577425
847.0,0.0013635988587758871
848.0,0.0013489358658791252
849.0,0.0013157832011238247
850.0,0.0012996713231932908
851.0,0.001306391483981799
852.0,0.0013035119582592907
853.0,0.0012904373095190117
854.0,0.0012732929376735346
855.0,0.00125685463301541
856.0,0.0012410215708004925
857.0,0.0012313121083326046
858.0,0.0012194397638901982
859.0,0.0012035086050261508
860.0,0.001195297901352317
861.0,0.001190641632496096
862.0,0.001193673954757162
863.0,0.0011820122915561838
864.0,0.0011656572833556723
865.0,0.00116477175883641
866.0,0.0011544839285593808
867.0,0.001135530525833211
868.0,0.0011266080505651838
869.0,0.0011207995687353366
870.0,0.0011085928693398233
871.0,0.0010984389791946468
872.0,0.0010969116647712204
873.0,0.001088655443892751
874.0,0.0010720818614847912
875.0,0.001050708874872373
876.0,0.0010218126685551704
877.0,0.0010089271081809746
878.0,0.0010133928452861307
879.0,0.0010003516298844133
880.0,0.000986397509905965
881.0,0.0009857418181037718
882.0,0.0009598252466336516
883.0,0.0009195529565644838
884.0,0.0009329379466548636
885.0,0.0009434190412994271
886.0,0.0009293328653038979
887.0,0.0008973365137157855
888.0,0.0008700028876671607
889.0,0.0008740814727202471
890.0,0.0008489412739337962
891.0,0.0008016031126692455
892.0,0.0007717999336696065
893.0,0.0007568303330249584
894.0,0.0007728848862094061
895.0,0.0007679931808235316
896.0,0.0007626392768458683
897.0,0.0007586573343181874
898.0,0.0007251069146125518
899.0,0.000681796048852489
