/begin_header
/west_longitude=UNKNOWN
/south_latitude=NA
/north_latitude=UNKNOWN
/calibration_files=NA
/cruise=NA
/station=NA
/documents=NA
/data_type=NA
/affiliations=NOAA
/experiment=NA
/units=nm,dl
/start_date=2019-08-01
/end_date=NA
/missing=9999
/start_time=11:42:55
/data_file_name=NA
/cloud_percent=NA
/water_depth=NA
/data_status=NA
/east_longitude=NA
/wind_speed=NA
/secchi=NA
/measurement_depth=NA
/fields=wavelength,rrs
/delimiter=comma
/contact=NA
/end_time=NA
/wave_height=NA
/investigators=NA
/end_header@
325.0,0.01610196577154385
326.0,0.016221974879713878
327.0,0.01626346446062799
328.0,0.016165747252871062
329.0,0.016064216793003468
330.0,0.016028069911317687
331.0,0.01604150899304834
332.0,0.015972247031801313
333.0,0.015845451272649646
334.0,0.015802140277396987
335.0,0.01574271092595147
336.0,0.015658464668016688
337.0,0.015622685021349763
338.0,0.015554971330581004
339.0,0.015440304043406511
340.0,0.015358865596480933
341.0,0.015297767698752457
342.0,0.0152586112012025
343.0,0.01523472693147172
344.0,0.015191784896779656
345.0,0.0150557039998747
346.0,0.01493636855028389
347.0,0.014882249199673412
348.0,0.014816511797761615
349.0,0.014754121184193924
350.0,0.014684215219708608
351.0,0.01463745983183481
352.0,0.014596168234596616
353.0,0.014555329038846343
354.0,0.014487849523969218
355.0,0.014402181784118622
356.0,0.014371564114532035
357.0,0.014339901200530789
358.0,0.014276167225116982
359.0,0.01421236153830165
360.0,0.01414920777341587
361.0,0.014096594955873565
362.0,0.014057594291404324
363.0,0.014022962835604693
364.0,0.01396120015044337
365.0,0.013898182715701878
366.0,0.013848118666379527
367.0,0.0137948161232231
368.0,0.013749971251720372
369.0,0.013726037473878652
370.0,0.013689851177316506
371.0,0.01363175630396552
372.0,0.013577134807204502
373.0,0.013520751850538536
374.0,0.013456160035970496
375.0,0.013394706215127561
376.0,0.013337474393498014
377.0,0.013302217470926267
378.0,0.013254827665308977
379.0,0.013194981224827072
380.0,0.013168798304016202
381.0,0.013149601540661499
382.0,0.013124249419246526
383.0,0.013071010509372757
384.0,0.013017485632095222
385.0,0.01297367165453366
386.0,0.012930350288875306
387.0,0.012887924200976533
388.0,0.012835351497966812
389.0,0.01280059104385351
390.0,0.012782649948402659
391.0,0.01276136084715954
392.0,0.012723919563474092
393.0,0.012681969487128773
394.0,0.01263707600624237
395.0,0.012588423029451293
396.0,0.012535614960167297
397.0,0.01247939970522279
398.0,0.012424924384281494
399.0,0.012379747862116264
400.0,0.012326285414947439
401.0,0.012269041712840056
402.0,0.012219513955822067
403.0,0.01217770348889442
404.0,0.012142164523629257
405.0,0.012097480788431616
406.0,0.012037393119277665
407.0,0.011982338412299266
408.0,0.01192630709765962
409.0,0.011868204148614097
410.0,0.011809331774517871
411.0,0.011753167892447697
412.0,0.011711590083176416
413.0,0.011674882575212148
414.0,0.011627251379465065
415.0,0.011585385096067905
416.0,0.011547464759494313
417.0,0.011517762313309518
418.0,0.011486648049379416
419.0,0.011453639219929408
420.0,0.011428901856024198
421.0,0.011407453427987239
422.0,0.011384045207821927
423.0,0.011359616690178063
424.0,0.011334192819443709
425.0,0.011314918425937882
426.0,0.011295874419931184
427.0,0.011276149509316675
428.0,0.011256451023020553
429.0,0.011230626020961091
430.0,0.01119351283266252
431.0,0.011159004036559315
432.0,0.011124918940077198
433.0,0.011083481210119383
434.0,0.011052294137046824
435.0,0.011034132778525083
436.0,0.011017017511973346
437.0,0.011005750351684954
438.0,0.011006910594332727
439.0,0.011014381909571002
440.0,0.01102920456544183
441.0,0.01105512252297919
442.0,0.011088870170197383
443.0,0.011131312231582625
444.0,0.01118369973983423
445.0,0.011245829197847104
446.0,0.0113211216845389
447.0,0.011408484637426147
448.0,0.011499260392468704
449.0,0.011581674403713845
450.0,0.011663278964802796
451.0,0.011750214806846298
452.0,0.011839188133301088
453.0,0.01192281300369906
454.0,0.011996766279085056
455.0,0.012070988625954345
456.0,0.0121399806577084
457.0,0.01218874665767188
458.0,0.012235126180263033
459.0,0.012288568225045576
460.0,0.0123346965789234
461.0,0.012375186541991677
462.0,0.012412509916456172
463.0,0.012452505804386555
464.0,0.01249644772128971
465.0,0.012542639143835983
466.0,0.01259104946801492
467.0,0.012640419510853842
468.0,0.012690724011686985
469.0,0.012741002332827087
470.0,0.012787550922599266
471.0,0.012838542554641754
472.0,0.012894445628014228
473.0,0.012947052230279574
474.0,0.012995868708342457
475.0,0.013042891707598508
476.0,0.013093649251310287
477.0,0.013146827297139818
478.0,0.01319869440399737
479.0,0.013249726971188758
480.0,0.013300519417599955
481.0,0.013356845151739951
482.0,0.013410403406911103
483.0,0.013459284077879016
484.0,0.01351933564725897
485.0,0.013585803884958073
486.0,0.013646728261780433
487.0,0.013709320292567068
488.0,0.013775121903207985
489.0,0.01383446931599562
490.0,0.013897704367247233
491.0,0.013979156660045433
492.0,0.014067073790078414
493.0,0.014160412450558865
494.0,0.014266673731623061
495.0,0.014380384054947706
496.0,0.014502212236375118
497.0,0.014638563350340795
498.0,0.014790820815356157
499.0,0.014959841256486722
500.0,0.015147731962137274
501.0,0.015349592494600444
502.0,0.015555117270475089
503.0,0.01577153994955899
504.0,0.01599851861602868
505.0,0.01624074813103058
506.0,0.01649557199703576
507.0,0.016763683472256426
508.0,0.01704536410719357
509.0,0.0173368611890641
510.0,0.01763243656243262
511.0,0.017935367733620818
512.0,0.0182491380114449
513.0,0.01857319698012343
514.0,0.01891331870152822
515.0,0.019273418990873575
516.0,0.019647061112558584
517.0,0.020029967828061813
518.0,0.020419122988801726
519.0,0.02080649918893476
520.0,0.021180487872822076
521.0,0.02154836281851766
522.0,0.021918843625126937
523.0,0.02229070734338522
524.0,0.022672004799681792
525.0,0.023062275861607216
526.0,0.02345752351122667
527.0,0.023852418395638907
528.0,0.02423680495357595
529.0,0.024603628568821184
530.0,0.024957912727833906
531.0,0.025317908907165104
532.0,0.02568124512352956
533.0,0.02604055221964783
534.0,0.02639391536847583
535.0,0.02673588829398621
536.0,0.02706763935984672
537.0,0.02739397281191621
538.0,0.027720266769261825
539.0,0.02804196446382453
540.0,0.028353123741977383
541.0,0.028650427710689992
542.0,0.028938626134500482
543.0,0.029215895955795705
544.0,0.029477065422443372
545.0,0.02972491644056205
546.0,0.029964476338868812
547.0,0.030199458551955004
548.0,0.030426598989263885
549.0,0.030635614003225443
550.0,0.03083290993050918
551.0,0.031022484391383907
552.0,0.031202791048981215
553.0,0.03137070427268529
554.0,0.03152172132873127
555.0,0.03165813416649703
556.0,0.031779001848782726
557.0,0.03188495496374155
558.0,0.031974297645327845
559.0,0.03204427875156926
560.0,0.03209409605233983
561.0,0.032125362550585
562.0,0.032139474139546695
563.0,0.03213636243070231
564.0,0.0321157525501589
565.0,0.03208134292533647
566.0,0.03202918263702461
567.0,0.031955220130900006
568.0,0.031871750738800574
569.0,0.031781053422621094
570.0,0.03168024669095229
571.0,0.031570291379604556
572.0,0.03145134129450241
573.0,0.031322037382601656
574.0,0.031185630063258512
575.0,0.03104850484772853
576.0,0.030904269806961114
577.0,0.030750297852775388
578.0,0.030584528177680193
579.0,0.030412075198874105
580.0,0.03023316490811142
581.0,0.03004044083854109
582.0,0.029839710856666625
583.0,0.029637989464223996
584.0,0.02943190512947767
585.0,0.029220579399671282
586.0,0.029003416463357922
587.0,0.028785479177213785
588.0,0.02856951879610175
589.0,0.02834881437184502
590.0,0.02812591499654809
591.0,0.027909303563395754
592.0,0.02769327663776571
593.0,0.027465331680304166
594.0,0.027218819798196965
595.0,0.026943735984924132
596.0,0.026630235603761477
597.0,0.026281873934588473
598.0,0.025905747214560938
599.0,0.02551963802121516
600.0,0.0251422346903183
601.0,0.024794248775934138
602.0,0.024484743598393668
603.0,0.024216014191266805
604.0,0.02398655052833987
605.0,0.023775801374566245
606.0,0.023570946390926124
607.0,0.023368628628303204
608.0,0.02316738599288167
609.0,0.022968398148400487
610.0,0.02276432872995616
611.0,0.02255606729332816
612.0,0.02235048391746556
613.0,0.02214701140678808
614.0,0.021951176598532567
615.0,0.021765388201616116
616.0,0.02158958819236515
617.0,0.021422392432409273
618.0,0.02126648688838463
619.0,0.021124139538645587
620.0,0.021000545250429256
621.0,0.020892308225279252
622.0,0.020796648822404652
623.0,0.020713382132078705
624.0,0.02064046490799305
625.0,0.020578306613982626
626.0,0.02052546775963372
627.0,0.02047827471984946
628.0,0.020437648698411793
629.0,0.020405823223286976
630.0,0.02038487626957048
631.0,0.02037542152031311
632.0,0.020375997175782565
633.0,0.020385869402115665
634.0,0.020404955011519215
635.0,0.0204322771614362
636.0,0.02047036483965602
637.0,0.02051690452634799
638.0,0.020562909974606376
639.0,0.020617849377952455
640.0,0.020679749878467248
641.0,0.020724065675877062
642.0,0.020755964706686468
643.0,0.020785109348419744
644.0,0.020804943244091545
645.0,0.020811093238332953
646.0,0.020799893600474566
647.0,0.02077147397967788
648.0,0.020728561627005922
649.0,0.020663247082237886
650.0,0.02056249434264125
651.0,0.020415100253448164
652.0,0.020233005078051626
653.0,0.020019480123175427
654.0,0.019776193838428033
655.0,0.019455642425739137
656.0,0.01903185181587253
657.0,0.01850683493535819
658.0,0.017955366402825253
659.0,0.017419670703675123
660.0,0.016894252268486225
661.0,0.016383707004669505
662.0,0.01590036833484936
663.0,0.015439800303477894
664.0,0.014998345271955024
665.0,0.014600818272765137
666.0,0.014252841718137347
667.0,0.013942306026365637
668.0,0.013680122875103002
669.0,0.013472618671387358
670.0,0.013323392195744268
671.0,0.013220302287285653
672.0,0.013147909510658811
673.0,0.013106554690139657
674.0,0.013097036510288509
675.0,0.01311025111429017
676.0,0.01315306789079399
677.0,0.013233632152388822
678.0,0.013346041206813413
679.0,0.013495552632947175
680.0,0.013686156908922376
681.0,0.013932111878763665
682.0,0.014242011993799542
683.0,0.014613034742503004
684.0,0.015063826508288358
685.0,0.015644424661231632
686.0,0.016354459829531452
687.0,0.01714898030792509
688.0,0.017816087779909978
689.0,0.018428237779492432
690.0,0.019090227881696804
691.0,0.019795556765584955
692.0,0.020533790495406688
693.0,0.021284073154744648
694.0,0.022023561050266514
695.0,0.02271611847311903
696.0,0.023334511062655727
697.0,0.023874293234805853
698.0,0.024341775847008144
699.0,0.024715198183504154
700.0,0.024983529336086673
701.0,0.02515326486509315
702.0,0.025213801869489412
703.0,0.025168806406561262
704.0,0.025034912822680944
705.0,0.024816905479220962
706.0,0.024521618177121864
707.0,0.024144556754693264
708.0,0.0236892037484294
709.0,0.023163658013603157
710.0,0.022577862675725695
711.0,0.021935467108887757
712.0,0.021245624814201013
713.0,0.020527361219449265
714.0,0.01979305137729407
715.0,0.0190785084121129
716.0,0.01837552563371072
717.0,0.017676100430126785
718.0,0.01694298800947693
719.0,0.01620032693673526
720.0,0.015488998775225981
721.0,0.014844935198220697
722.0,0.014249819873553388
723.0,0.013665964452872085
724.0,0.013080350614567218
725.0,0.01248813613475879
726.0,0.011899103782047801
727.0,0.011302398580353682
728.0,0.010687827039306546
729.0,0.010068112178135576
730.0,0.009474691717709916
731.0,0.00891868758529007
732.0,0.008421557154197363
733.0,0.00800932520101474
734.0,0.007673586663878776
735.0,0.0073951655280545285
736.0,0.007177064033995255
737.0,0.007014775310007033
738.0,0.006885345584122436
739.0,0.006786114661861088
740.0,0.006711360177270585
741.0,0.0066546171948089605
742.0,0.006610953953661779
743.0,0.006578817796862502
744.0,0.006549397294443425
745.0,0.006520498254859175
746.0,0.006496905699836251
747.0,0.006475797231954532
748.0,0.006456101179554372
749.0,0.006438358237624514
750.0,0.0064183462866866684
751.0,0.006396599661207587
752.0,0.006373643526966526
753.0,0.0063537107623441
754.0,0.006335621005481605
755.0,0.006322887142487253
756.0,0.006315548886846163
757.0,0.006322743182349819
758.0,0.006349429714964662
759.0,0.006397502725453632
760.0,0.00644928707887364
761.0,0.006453411163440492
762.0,0.00641786573624214
763.0,0.006362065739678657
764.0,0.006320239718266707
765.0,0.006288656148179521
766.0,0.006267288393316301
767.0,0.00626058556136948
768.0,0.00626526851190007
769.0,0.0062736147870383185
770.0,0.0062835884715019205
771.0,0.006297723619509904
772.0,0.006317885051997577
773.0,0.0063363809326751576
774.0,0.006357464897419797
775.0,0.006379103435138802
776.0,0.006402661802997191
777.0,0.006426972674236847
778.0,0.006459094750456626
779.0,0.006496851674263336
780.0,0.0065336688332481
781.0,0.006571849831840275
782.0,0.006615947816203846
783.0,0.006661261738888651
784.0,0.006708514883674505
785.0,0.006762770556983112
786.0,0.006817061171716041
787.0,0.006868700109143829
788.0,0.006929475427958723
789.0,0.0069907032825646965
790.0,0.007051229714497476
791.0,0.007115783365779055
792.0,0.007181497541310505
793.0,0.007245084037967984
794.0,0.007310129459103051
795.0,0.007373268589212207
796.0,0.0074289858318435905
797.0,0.007483414549924627
798.0,0.007540177387455456
799.0,0.007596156487335878
800.0,0.007648927092076968
801.0,0.0076914966717383775
802.0,0.007732043515158954
803.0,0.007765076729885819
804.0,0.007782468539424716
805.0,0.007790323011423328
806.0,0.007794691746331689
807.0,0.007790924410308879
808.0,0.007774990103886145
809.0,0.007747865321530156
810.0,0.007707988545411167
811.0,0.007658162894633551
812.0,0.007598490107633233
813.0,0.007533180740262509
814.0,0.007470098059299751
815.0,0.00738889112177548
816.0,0.007291474749671128
817.0,0.007189417130976488
818.0,0.0070746684474769644
819.0,0.006945623209513545
820.0,0.006810022579839067
821.0,0.006661421672010251
822.0,0.006488453287496703
823.0,0.006286017703968988
824.0,0.006068610725549791
825.0,0.005861074993222096
826.0,0.0056358267834407515
827.0,0.005395347136889126
828.0,0.0051679156581232715
829.0,0.004955024098809707
830.0,0.004760308662824585
831.0,0.004583516507519129
832.0,0.004428565720362948
833.0,0.004313103506201307
834.0,0.004210687555036108
835.0,0.0041113533196715695
836.0,0.004054200633694201
837.0,0.00401962380180341
838.0,0.0039729422496263935
839.0,0.003927273949327885
840.0,0.003880345366580544
841.0,0.0038375625798957535
842.0,0.0038088455505313388
843.0,0.003795737276582653
844.0,0.003771829899581298
845.0,0.0037396665245065693
846.0,0.0037077758169005728
847.0,0.0036759797978079046
848.0,0.0036502116317661225
849.0,0.003637514328675042
850.0,0.0036120124483006223
851.0,0.0035673699801044055
852.0,0.0035381971956730874
853.0,0.003522612570709368
854.0,0.0035034750478208795
855.0,0.0034736398796733764
856.0,0.0034427810859763825
857.0,0.00342085876538976
858.0,0.003405794713113918
859.0,0.0033949362325014837
860.0,0.003367287021188263
861.0,0.003340179982166546
862.0,0.003332980834735244
863.0,0.0033119969215158356
864.0,0.0032817935403973847
865.0,0.0032453562390463223
866.0,0.003223657655509817
867.0,0.0032136745877504834
868.0,0.0031959825734520124
869.0,0.003173857917816043
870.0,0.0031531433749644984
871.0,0.003116285145211953
872.0,0.0030705335852462307
873.0,0.0030394736001226924
874.0,0.0030293549230635177
875.0,0.003028499025305519
876.0,0.0029838517294397448
877.0,0.0029437904292900037
878.0,0.0029224077306589597
879.0,0.002893653406885861
880.0,0.0028617573564163057
881.0,0.002827608212473171
882.0,0.0028025622208595587
883.0,0.002778732669899388
884.0,0.0027456620332972827
885.0,0.002712068483323333
886.0,0.0026752354920406085
887.0,0.002656614864233132
888.0,0.002640486327374565
889.0,0.0025998896202344786
890.0,0.002563878840800249
891.0,0.002542703320143164
892.0,0.0025165846251366925
893.0,0.002505058271712922
894.0,0.0025031544828439853
895.0,0.002476410294479854
896.0,0.0024394962250919383
897.0,0.0024340733883163874
898.0,0.0024007254795361047
899.0,0.002358146951153349
