/begin_header
/west_longitude=UNKNOWN
/south_latitude=NA
/north_latitude=UNKNOWN
/calibration_files=NA
/cruise=NA
/station=NA
/documents=NA
/data_type=NA
/affiliations=NOAA
/experiment=NA
/units=nm,dl
/start_date=2019-08-12
/end_date=NA
/missing=9999
/start_time=12:10:25
/data_file_name=NA
/cloud_percent=NA
/water_depth=NA
/data_status=NA
/east_longitude=NA
/wind_speed=NA
/secchi=NA
/measurement_depth=NA
/fields=wavelength,rrs
/delimiter=comma
/contact=NA
/end_time=NA
/wave_height=NA
/investigators=NA
/end_header@
325.0,0.009474762050881727
326.0,0.009438960475534091
327.0,0.009400520230308917
328.0,0.009376313603750928
329.0,0.00936839429776283
330.0,0.009383666704626134
331.0,0.009440356678069608
332.0,0.009479433472950593
333.0,0.009457123880573884
334.0,0.009359897936021055
335.0,0.009330687606302412
336.0,0.009357618354603723
337.0,0.009247510045860868
338.0,0.009164437247454322
339.0,0.009212281984179265
340.0,0.009218263296719294
341.0,0.009156093784406828
342.0,0.009068680701468986
343.0,0.009074624536137204
344.0,0.009105840803702643
345.0,0.009024966817700309
346.0,0.008932840149039039
347.0,0.008892599025249252
348.0,0.008888227306448494
349.0,0.00888110261848444
350.0,0.008837167702690876
351.0,0.008767757793962713
352.0,0.008713409653655201
353.0,0.00872138187060727
354.0,0.00872234829973455
355.0,0.008701849875860975
356.0,0.008657822479375802
357.0,0.008605896112679649
358.0,0.008580614329363924
359.0,0.00857357996548057
360.0,0.00856431118923026
361.0,0.008549932257178552
362.0,0.008511161614488026
363.0,0.00846565957942062
364.0,0.008457559193286668
365.0,0.008461698519982084
366.0,0.008449505308237872
367.0,0.008425093800759457
368.0,0.008398529513940772
369.0,0.008366966281202867
370.0,0.008354463176546145
371.0,0.008351566306183935
372.0,0.008309254595268793
373.0,0.008277468367485356
374.0,0.00828554668752628
375.0,0.008275413395272031
376.0,0.008258846575999986
377.0,0.0082481400761965
378.0,0.008225663860285701
379.0,0.008194861684593697
380.0,0.008177781082073326
381.0,0.008156908624971926
382.0,0.008143151091703868
383.0,0.00812702406173359
384.0,0.008113688866542576
385.0,0.008109268861215279
386.0,0.00810067481771735
387.0,0.008083200014807326
388.0,0.008049507650703284
389.0,0.008015662967715307
390.0,0.008017851767127925
391.0,0.008019629209095297
392.0,0.008010187339397427
393.0,0.008007017576404606
394.0,0.007990032193764075
395.0,0.00795765833997172
396.0,0.00791941877361018
397.0,0.007881640839848384
398.0,0.007857228850868517
399.0,0.007823802990559575
400.0,0.007791059874602485
401.0,0.007774938839085638
402.0,0.007750493713657497
403.0,0.0077239166338371424
404.0,0.0077171191988593315
405.0,0.0077047969318962016
406.0,0.00767502276310407
407.0,0.007650841814606973
408.0,0.007633753241393562
409.0,0.007618195063031938
410.0,0.0076021891897715636
411.0,0.007582044777956315
412.0,0.0075551797649876335
413.0,0.007535571478021879
414.0,0.007530211243582549
415.0,0.00752432301779403
416.0,0.007513452142859305
417.0,0.007503093320520647
418.0,0.007502371629300055
419.0,0.0075083706377887804
420.0,0.007510879897443652
421.0,0.007510243984096034
422.0,0.007508456594740092
423.0,0.007511349560661405
424.0,0.007518100278923069
425.0,0.007523719588510391
426.0,0.007531279406738577
427.0,0.007539711719703643
428.0,0.007540000040799096
429.0,0.007540698809899246
430.0,0.0075455166922828954
431.0,0.007544840180398135
432.0,0.007543045175384819
433.0,0.007551075096786662
434.0,0.007549612693109419
435.0,0.007541164011877728
436.0,0.007553633126004164
437.0,0.007574202723694185
438.0,0.007594739769700464
439.0,0.007618180825625732
440.0,0.007648243068851826
441.0,0.007689926139803199
442.0,0.007736639776058154
443.0,0.007787075082284656
444.0,0.007837531869820339
445.0,0.007892842630038924
446.0,0.007960639801984729
447.0,0.008032745397058994
448.0,0.008105789808437753
449.0,0.008179711817004137
450.0,0.008247874709105018
451.0,0.008311084672712785
452.0,0.008379124900612645
453.0,0.008449875746938364
454.0,0.008515444063454012
455.0,0.008579823709000827
456.0,0.008642065271192625
457.0,0.008697893101963828
458.0,0.008748478852618353
459.0,0.008795047802469673
460.0,0.008842125588922809
461.0,0.008891614070361384
462.0,0.008946387635611324
463.0,0.00899741455724737
464.0,0.009044822278370588
465.0,0.009098147179380333
466.0,0.00915539460080077
467.0,0.009218068976126157
468.0,0.009269610725785981
469.0,0.00931934875447456
470.0,0.009380196335504543
471.0,0.009439643242162885
472.0,0.009496476216422071
473.0,0.009549835004119342
474.0,0.009602372921690312
475.0,0.009659433813624736
476.0,0.009717521814420045
477.0,0.009775285511209092
478.0,0.009835864542334826
479.0,0.009893892242337566
480.0,0.009950011011275732
481.0,0.010012472758232421
482.0,0.010072644284227378
483.0,0.010128447817285243
484.0,0.010189913563249239
485.0,0.010256368328855164
486.0,0.010317375138257078
487.0,0.010379770102695127
488.0,0.010445916200734979
489.0,0.010501611724684185
490.0,0.01055916747568521
491.0,0.010631039869218544
492.0,0.01070604095656185
493.0,0.010787323638730906
494.0,0.010885263107897957
495.0,0.010988366612302982
496.0,0.011090747952321503
497.0,0.011206400105456996
498.0,0.011333187867712197
499.0,0.011461879571186247
500.0,0.011602531030044331
501.0,0.011754819741059314
502.0,0.011909754041795867
503.0,0.01207118570012519
504.0,0.012242257085405396
505.0,0.012418134901346916
506.0,0.012599268555776541
507.0,0.012789430975462599
508.0,0.012990328405231202
509.0,0.013196612260638563
510.0,0.013399408957611176
511.0,0.013605283142595643
512.0,0.01381470835712915
513.0,0.014033688455402546
514.0,0.014264633214753483
515.0,0.014497763057466608
516.0,0.014740632740799748
517.0,0.014992762276472874
518.0,0.015242146698784712
519.0,0.015485895944503822
520.0,0.015729026538228438
521.0,0.015961717573682453
522.0,0.016188605676930926
523.0,0.016418668061483573
524.0,0.01665339682551162
525.0,0.016890857691713508
526.0,0.017126677485764227
527.0,0.017361451496230824
528.0,0.017587128760044684
529.0,0.017805448927181593
530.0,0.018019079493409102
531.0,0.01823342904781093
532.0,0.01844788173406662
533.0,0.018658409821113386
534.0,0.0188642965882761
535.0,0.01906371355586398
536.0,0.01926347388651092
537.0,0.019456715410921623
538.0,0.019641610239018427
539.0,0.019827581691529376
540.0,0.0200088947952221
541.0,0.02018293836257453
542.0,0.020352142240185205
543.0,0.020515335250764054
544.0,0.020668314277072573
545.0,0.02081590757560359
546.0,0.020959739974127194
547.0,0.021095335339760535
548.0,0.0212271953815704
549.0,0.02136228917900929
550.0,0.021493264297463795
551.0,0.021620839556157474
552.0,0.0217490017344888
553.0,0.021876482269454177
554.0,0.022000059901333392
555.0,0.022120135039930156
556.0,0.022234543532192723
557.0,0.022339108248368524
558.0,0.02243535082520966
559.0,0.02252269667274913
560.0,0.02259652117902615
561.0,0.022659126980385736
562.0,0.02271507835590813
563.0,0.02275895077395795
564.0,0.02278872985604219
565.0,0.022810762256238303
566.0,0.022819952117956573
567.0,0.022811503711777256
568.0,0.022791448127371668
569.0,0.022760752182002623
570.0,0.02272221143108099
571.0,0.022671829132562982
572.0,0.02261040717766268
573.0,0.022539544266186817
574.0,0.022461853602000318
575.0,0.022375945691818923
576.0,0.022278641437442032
577.0,0.022168319475691797
578.0,0.022043859676926382
579.0,0.02190455605174804
580.0,0.021751915078117176
581.0,0.02158976489675093
582.0,0.02141627357711909
583.0,0.02122900776719236
584.0,0.021032271119652463
585.0,0.020827361316798663
586.0,0.020608174622874325
587.0,0.020378934064583677
588.0,0.020144821393014798
589.0,0.01989375526495992
590.0,0.01963178739298397
591.0,0.019379784746441843
592.0,0.019127229296097174
593.0,0.018854340151638393
594.0,0.018554954915368953
595.0,0.018225883769783686
596.0,0.01786657974197747
597.0,0.017473618086728492
598.0,0.017055437504715627
599.0,0.016635361037233804
600.0,0.0162457549497194
601.0,0.015913591663654646
602.0,0.015635889233224502
603.0,0.015412803010045023
604.0,0.015248218186505352
605.0,0.015112475671841666
606.0,0.014992575501217418
607.0,0.01488705069408205
608.0,0.014789197565764422
609.0,0.01468846507544303
610.0,0.014587161777203383
611.0,0.014485496630825545
612.0,0.014381036296150696
613.0,0.014276302083833256
614.0,0.014174709182157153
615.0,0.014080320401295168
616.0,0.013986335636427904
617.0,0.013888309842975514
618.0,0.01379864548050771
619.0,0.013721604881890651
620.0,0.013649704507581248
621.0,0.013581923458825283
622.0,0.01352050183184211
623.0,0.013467108252433621
624.0,0.01342072295353342
625.0,0.01337547185683941
626.0,0.013328752459561907
627.0,0.013286225479129901
628.0,0.01325741494390254
629.0,0.013238831545536067
630.0,0.013221563647662304
631.0,0.013209654614686503
632.0,0.013203311077677003
633.0,0.013197043561954924
634.0,0.013191892166071823
635.0,0.01318985087632274
636.0,0.01319153298104051
637.0,0.013197856723315516
638.0,0.013206701320900174
639.0,0.013210586381654602
640.0,0.013206655082951796
641.0,0.013196722709757195
642.0,0.013181930137967045
643.0,0.01316280752563993
644.0,0.013139032343747742
645.0,0.01310618862568585
646.0,0.013060444200424093
647.0,0.013015742198916314
648.0,0.012976543391674266
649.0,0.012919209196115878
650.0,0.012844960575410106
651.0,0.012752600505233688
652.0,0.012640544610725645
653.0,0.012506663886332725
654.0,0.012359365785838352
655.0,0.01216397601764434
656.0,0.011906221682469284
657.0,0.011613431891174706
658.0,0.01132645237384339
659.0,0.01106467637279297
660.0,0.010811354838781491
661.0,0.010567246498290493
662.0,0.010339813594854771
663.0,0.010121958412376187
664.0,0.009915841996639967
665.0,0.009723945989934164
666.0,0.00954935432337992
667.0,0.00940178272713144
668.0,0.009276055818072445
669.0,0.009167577196765933
670.0,0.009084680684152415
671.0,0.009025144522523641
672.0,0.008972789323318768
673.0,0.008940129132744794
674.0,0.008927832844222976
675.0,0.008913756996302518
676.0,0.008912286057224359
677.0,0.008941585284991147
678.0,0.008982664775686688
679.0,0.009036429399995721
680.0,0.009114850293186219
681.0,0.009221307356754627
682.0,0.00935828313196782
683.0,0.009519002716573204
684.0,0.009708010801762153
685.0,0.009945499448271182
686.0,0.010215051956343557
687.0,0.010484048082243682
688.0,0.010659387002609374
689.0,0.010787125535598947
690.0,0.010913767354961973
691.0,0.011032707874179006
692.0,0.011139732889542472
693.0,0.011216079874999025
694.0,0.011266074553723516
695.0,0.011286380132064264
696.0,0.011282931397437917
697.0,0.01124521091133646
698.0,0.011159651586355105
699.0,0.011050504629216373
700.0,0.010919855831484217
701.0,0.010760604397805231
702.0,0.010577367539289622
703.0,0.010373522894676133
704.0,0.010155276370057042
705.0,0.009919771005252414
706.0,0.009664812136564572
707.0,0.009399865276806644
708.0,0.009126738878309545
709.0,0.008837908850778389
710.0,0.008539646545585203
711.0,0.008228945663449762
712.0,0.007910844601605889
713.0,0.007593700996851095
714.0,0.007278796823466387
715.0,0.00698257190638113
716.0,0.0066922511876389024
717.0,0.006395985626213662
718.0,0.006090353496269273
719.0,0.005811942955924766
720.0,0.005548056590457501
721.0,0.005314149265129442
722.0,0.005114361372970467
723.0,0.0049069165692737105
724.0,0.0046771563462758335
725.0,0.004461724412385231
726.0,0.004260911626512402
727.0,0.004050979327443133
728.0,0.0038407766769694403
729.0,0.003635556830859111
730.0,0.003434957200889808
731.0,0.0032501407465711117
732.0,0.0030944897092076463
733.0,0.002967244065934318
734.0,0.0028601324611688384
735.0,0.002766532265785479
736.0,0.002692798072005901
737.0,0.002640899404585439
738.0,0.002599328338333902
739.0,0.002568041636382099
740.0,0.002551240250894082
741.0,0.002532982262080485
742.0,0.0025132488578389926
743.0,0.0024989827579725244
744.0,0.002489163904332255
745.0,0.002478021762588289
746.0,0.002465685735192303
747.0,0.002458672477372787
748.0,0.002455078192179745
749.0,0.002448638858172152
750.0,0.0024408619287174965
751.0,0.0024336617797718935
752.0,0.0024212576459198346
753.0,0.00240500468482954
754.0,0.002395119117931917
755.0,0.002390352680052375
756.0,0.0023880538067153805
757.0,0.0023853389280385127
758.0,0.0023793033419155524
759.0,0.0023782620535479464
760.0,0.0023604531155910348
761.0,0.002300908192629981
762.0,0.0022717014582150953
763.0,0.0022749224193573834
764.0,0.002273376753085968
765.0,0.002283655002371358
766.0,0.0023004799230894805
767.0,0.0023114635560114293
768.0,0.002318117779632395
769.0,0.0023205500647450216
770.0,0.0023269759169909617
771.0,0.00233807592924174
772.0,0.0023472421245256873
773.0,0.002352400253340749
774.0,0.0023520260594864168
775.0,0.0023537130772366788
776.0,0.0023571344306081176
777.0,0.0023658219190909797
778.0,0.0023775989390484196
779.0,0.002387791858129961
780.0,0.002396374948335631
781.0,0.002407857943849016
782.0,0.0024219303338316274
783.0,0.0024302890903516454
784.0,0.0024376179036156315
785.0,0.0024513005394999733
786.0,0.002463142521417519
787.0,0.0024748799367808544
788.0,0.0024929705570090584
789.0,0.0025129371405782927
790.0,0.002527265413103176
791.0,0.0025505721182790806
792.0,0.0025747434656065464
793.0,0.002584663521538905
794.0,0.0025959523477239494
795.0,0.0026135742665441514
796.0,0.002633287695420059
797.0,0.002653015091150966
798.0,0.0026734177292810036
799.0,0.0026860243919970307
800.0,0.0026916377079887416
801.0,0.002706577394148484
802.0,0.0027203243389057703
803.0,0.0027272823314814223
804.0,0.00273510863611133
805.0,0.002739841508776693
806.0,0.002742367110247313
807.0,0.0027419715378610827
808.0,0.0027352583189028494
809.0,0.002729851616265019
810.0,0.0027136843183607493
811.0,0.0026847778822882825
812.0,0.002655565220645137
813.0,0.002628304436315158
814.0,0.002597486193491789
815.0,0.0025604382775894627
816.0,0.0025222378961964444
817.0,0.0024939331191776905
818.0,0.002463768686230358
819.0,0.002428487132162523
820.0,0.0023840304107773215
821.0,0.0023310620368143953
822.0,0.0022708832237456934
823.0,0.0022076731761647953
824.0,0.002146456251403069
825.0,0.0020833240017093632
826.0,0.0020067813726137706
827.0,0.0019217667608127473
828.0,0.0018613672798463768
829.0,0.001800893893488612
830.0,0.0017221304975296985
831.0,0.001661235150357828
832.0,0.001620848097335066
833.0,0.0015804167252551897
834.0,0.0015488808465226325
835.0,0.001525836861500497
836.0,0.001497723994173227
837.0,0.0014716149034530218
838.0,0.0014595080081771508
839.0,0.0014500331948647974
840.0,0.0014484781518563623
841.0,0.0014427258040493331
842.0,0.001427085745351491
843.0,0.00139979258195647
844.0,0.0013858232570690295
845.0,0.0013819074237555894
846.0,0.0013840333039183965
847.0,0.0013831674257576661
848.0,0.0013714178560556788
849.0,0.0013576061540604971
850.0,0.0013423151766846046
851.0,0.0013229781845160104
852.0,0.0013028107218371226
853.0,0.001286239906401534
854.0,0.0012689500135279995
855.0,0.0012718902094738934
856.0,0.0012881696194662444
857.0,0.001274532723451845
858.0,0.0012526360353163342
859.0,0.0012381722887247263
860.0,0.0012385885986388669
861.0,0.0012304866309278636
862.0,0.0012059445670356789
863.0,0.0011997343637434772
864.0,0.0012031025866737876
865.0,0.0011902813294198595
866.0,0.001178312703023132
867.0,0.0011678568196050087
868.0,0.001161506385273518
869.0,0.0011592824421983677
870.0,0.0011418234439963143
871.0,0.001132210913478924
872.0,0.0011275501015275296
873.0,0.0011105850753315562
874.0,0.0010967555357189148
875.0,0.001088905036586078
876.0,0.001072382205945912
877.0,0.0010494942248999177
878.0,0.0010372942662129974
879.0,0.0010349915464994417
880.0,0.0010299660495124226
881.0,0.0010246935193357477
882.0,0.0010156848054466933
883.0,0.0010042083011844475
884.0,0.0009777336779491484
885.0,0.0009657818956268435
886.0,0.0009798896330595764
887.0,0.0009671361616926074
888.0,0.0009414349242507618
889.0,0.0009415403482189927
890.0,0.0009306554983965915
891.0,0.0009116818928803911
892.0,0.000906563400698115
893.0,0.0009043256414201924
894.0,0.0008870307041416302
895.0,0.0008558980706743806
896.0,0.0008216351647146793
897.0,0.0007959896944985728
898.0,0.0007812387375715244
899.0,0.0007703764618433703
