/begin_header
/west_longitude=UNKNOWN
/south_latitude=NA
/north_latitude=UNKNOWN
/calibration_files=NA
/cruise=NA
/station=NA
/documents=NA
/data_type=NA
/affiliations=NOAA
/experiment=NA
/units=nm,dl
/start_date=2019-08-07
/end_date=NA
/missing=9999
/start_time=11:35:42
/data_file_name=NA
/cloud_percent=NA
/water_depth=NA
/data_status=NA
/east_longitude=NA
/wind_speed=NA
/secchi=NA
/measurement_depth=NA
/fields=wavelength,rrs
/delimiter=comma
/contact=NA
/end_time=NA
/wave_height=NA
/investigators=NA
/end_header@
325.0,0.008712040782188825
326.0,0.008706780293175629
327.0,0.008643643634947603
328.0,0.008588619934891873
329.0,0.00865562902966937
330.0,0.008695756711764726
331.0,0.008602755880833788
332.0,0.008599521452880772
333.0,0.008647364450144811
334.0,0.00869634958522546
335.0,0.008717146715993922
336.0,0.008734096274247151
337.0,0.008738359814327431
338.0,0.008765883220977795
339.0,0.00880527947422608
340.0,0.008820733915302924
341.0,0.008872093665287514
342.0,0.008924650822180715
343.0,0.00895660434243749
344.0,0.00897120380213372
345.0,0.009038044443848125
346.0,0.009098711284253217
347.0,0.009142405914628528
348.0,0.009219189179101967
349.0,0.009298561639424248
350.0,0.009374354762479336
351.0,0.00941263189028275
352.0,0.00944024737985407
353.0,0.009526432382129102
354.0,0.009582859991205634
355.0,0.009613580751244782
356.0,0.009654757486217193
357.0,0.009702466098806668
358.0,0.00977341785889203
359.0,0.00978691486871662
360.0,0.009793751865731119
361.0,0.009832975523226456
362.0,0.009863561833905393
363.0,0.009871112957426516
364.0,0.009857273818318872
365.0,0.009865890660449496
366.0,0.00989895176543577
367.0,0.009894608737849976
368.0,0.009886307170419323
369.0,0.00993003377828402
370.0,0.009948657055858859
371.0,0.009936807467734083
372.0,0.00994144805032051
373.0,0.009947490178127356
374.0,0.009949572876933818
375.0,0.00994546752722038
376.0,0.009933865086784724
377.0,0.00994330662412488
378.0,0.009941342787221136
379.0,0.009929884869240999
380.0,0.009962208785856245
381.0,0.00997502372262644
382.0,0.009967358708387023
383.0,0.009981335821940607
384.0,0.01000400969620871
385.0,0.010019679009794101
386.0,0.010042283574862438
387.0,0.01006215641966825
388.0,0.010063234099822054
389.0,0.010068774573358894
390.0,0.010078685691465073
391.0,0.010080832219623883
392.0,0.010081618745943427
393.0,0.010108553497901393
394.0,0.010114694894258616
395.0,0.010098296872081951
396.0,0.010083424063195446
397.0,0.010054203864939345
398.0,0.01002336760402632
399.0,0.009993505901859396
400.0,0.009962564324464167
401.0,0.009936094681263882
402.0,0.009915607226321196
403.0,0.009894630707438231
404.0,0.009853735936110917
405.0,0.009815012834504198
406.0,0.00977917337772068
407.0,0.009744236151282424
408.0,0.009700576064973475
409.0,0.009647933894325158
410.0,0.009595989452598545
411.0,0.009547480536726374
412.0,0.009511725930583342
413.0,0.009483319092701933
414.0,0.009451806486545483
415.0,0.00942647625819572
416.0,0.009404020981855197
417.0,0.009381312594260057
418.0,0.00937415554476201
419.0,0.009375163739759006
420.0,0.009373395886864751
421.0,0.009368173941506228
422.0,0.00936006056994821
423.0,0.00935383567055161
424.0,0.009350902221548447
425.0,0.009359180758310446
426.0,0.009356594822354071
427.0,0.009342909801431178
428.0,0.009342497232945151
429.0,0.009336357436641945
430.0,0.009317005131847005
431.0,0.009294566898723707
432.0,0.00926539992040131
433.0,0.009232488301264222
434.0,0.009206991625420862
435.0,0.009191273750539363
436.0,0.00918656018222198
437.0,0.0091916305331351
438.0,0.009210689100558566
439.0,0.009243760148339993
440.0,0.009291659101739945
441.0,0.00934818379304686
442.0,0.009421001008005168
443.0,0.009510529195345643
444.0,0.009617653899751838
445.0,0.00974972001029074
446.0,0.009906638148777541
447.0,0.010075269794752434
448.0,0.01024748455723248
449.0,0.010421847154802325
450.0,0.010603907888616846
451.0,0.010792612387670047
452.0,0.01096816805066003
453.0,0.011142015837477575
454.0,0.011320409864085109
455.0,0.011479046036169546
456.0,0.01161677478989617
457.0,0.011749142642426342
458.0,0.011870403133864095
459.0,0.011982508083464816
460.0,0.012086244907467032
461.0,0.012180338164672126
462.0,0.012266740432627474
463.0,0.012357040597130988
464.0,0.01245158890713231
465.0,0.012539833923037407
466.0,0.012628416814353971
467.0,0.012723367888645707
468.0,0.01281451427731295
469.0,0.012901491575838978
470.0,0.012984103625499848
471.0,0.013061596071417806
472.0,0.013139495189706663
473.0,0.01322062131548735
474.0,0.013296494707235564
475.0,0.01336267702217748
476.0,0.01342747944641803
477.0,0.013493782396935244
478.0,0.013557649693752477
479.0,0.013617886266637135
480.0,0.013676535090956971
481.0,0.013735758703499797
482.0,0.013798375244198986
483.0,0.01386719754147244
484.0,0.013942229744323919
485.0,0.014019238975637088
486.0,0.014093240862385817
487.0,0.01417520327008685
488.0,0.01426325879243236
489.0,0.01434760521579902
490.0,0.014436084492097215
491.0,0.014538435101739388
492.0,0.014653522289460097
493.0,0.014783047407922797
494.0,0.014929379730469188
495.0,0.015082263494146967
496.0,0.015240021635688172
497.0,0.015416279136453784
498.0,0.01560646319453805
499.0,0.01581098965465675
500.0,0.016031385009908528
501.0,0.01626447989792356
502.0,0.01650272658588372
503.0,0.01674619846186964
504.0,0.016996216157356282
505.0,0.017242497656473316
506.0,0.017490865289056513
507.0,0.017744239632462064
508.0,0.01800361966242539
509.0,0.01826668046302025
510.0,0.01852138413806523
511.0,0.018774540739002664
512.0,0.019039770140069252
513.0,0.019319076085247862
514.0,0.0196182969771115
515.0,0.019940411684283187
516.0,0.020282731331612406
517.0,0.020645138425810956
518.0,0.021023226558573204
519.0,0.02140602348354666
520.0,0.02178739003387615
521.0,0.022184887864215522
522.0,0.02260505372996039
523.0,0.023037357173529574
524.0,0.023496634721123105
525.0,0.023984818463742907
526.0,0.0245015627969943
527.0,0.02503798333909586
528.0,0.025580737509782937
529.0,0.026124364984710317
530.0,0.026670157705177323
531.0,0.027233947243096586
532.0,0.027818079647219458
533.0,0.02841557136513579
534.0,0.029010269446171504
535.0,0.029590082178231232
536.0,0.030156998950217673
537.0,0.030714122770804587
538.0,0.03126550892119306
539.0,0.03180721978007224
540.0,0.032331846394897966
541.0,0.032830100316652434
542.0,0.03329305021945142
543.0,0.03371508737399077
544.0,0.034101638991150277
545.0,0.034448495658875596
546.0,0.034754960336853644
547.0,0.03502337951777096
548.0,0.03525280971892577
549.0,0.03544321502184326
550.0,0.035603803238149545
551.0,0.035742526152879255
552.0,0.03585410123307109
553.0,0.0359405536797456
554.0,0.03600263330067318
555.0,0.03603444169361737
556.0,0.036035349207353365
557.0,0.0360079602391634
558.0,0.035949183188151726
559.0,0.03585931291988157
560.0,0.0357423340397711
561.0,0.035596763338637843
562.0,0.035421296542883604
563.0,0.03522497656947574
564.0,0.03500666528971809
565.0,0.03475465761490131
566.0,0.0344769787470826
567.0,0.03417923137881281
568.0,0.03385274124386882
569.0,0.03349995664283906
570.0,0.033128785842346076
571.0,0.03274053321421362
572.0,0.03234236363480856
573.0,0.031935149035134
574.0,0.03152603231959138
575.0,0.031119488522578898
576.0,0.030700908737689724
577.0,0.030270954312864334
578.0,0.029827289983558897
579.0,0.029371488317052313
580.0,0.028909399047597713
581.0,0.028436044173673493
582.0,0.02795447323661775
583.0,0.027471955508748914
584.0,0.026979756164691438
585.0,0.02647705968769055
586.0,0.0259720550342959
587.0,0.025464630211754234
588.0,0.024951262387644033
589.0,0.024419264865033992
590.0,0.023876612884735054
591.0,0.023341865793024975
592.0,0.02281948249108029
593.0,0.02229025470507687
594.0,0.02173113420174979
595.0,0.021139535533790763
596.0,0.02051930655419141
597.0,0.019878396510727057
598.0,0.019226601841402978
599.0,0.018579421516859974
600.0,0.017980905649954967
601.0,0.017465321581023478
602.0,0.01702782971887045
603.0,0.016670143888179712
604.0,0.016392470140447226
605.0,0.01616276556079182
606.0,0.01596335380482698
607.0,0.015781375869581567
608.0,0.015607254273335189
609.0,0.015430045264904968
610.0,0.0152571767929111
611.0,0.01509183808211669
612.0,0.014929438255407842
613.0,0.014770552084259097
614.0,0.014620927407789714
615.0,0.014475119424188273
616.0,0.014334039568073137
617.0,0.014202539922398236
618.0,0.014077409578388596
619.0,0.013962003468383194
620.0,0.01385707033543808
621.0,0.013759935981474316
622.0,0.013677651588827704
623.0,0.013603586912888998
624.0,0.01353288042031896
625.0,0.013466119190887554
626.0,0.013407631471039594
627.0,0.013355873006347187
628.0,0.013315646673331216
629.0,0.013287760830126871
630.0,0.013272532662955982
631.0,0.013269618863398988
632.0,0.013274136286108443
633.0,0.013283396377381518
634.0,0.013306775984894676
635.0,0.013342253548066526
636.0,0.013374522881094286
637.0,0.013409008555196087
638.0,0.013458840853297635
639.0,0.013510296414682321
640.0,0.013558144452470066
641.0,0.013606876387163425
642.0,0.013644451352145242
643.0,0.013661016512202351
644.0,0.013675442364461707
645.0,0.013684854055394371
646.0,0.013670331441647665
647.0,0.013644255599147725
648.0,0.01360587409471339
649.0,0.013555080720161289
650.0,0.013482365150656683
651.0,0.0133683983311364
652.0,0.013228143516872588
653.0,0.013071438972378757
654.0,0.012908871439091358
655.0,0.012696007215339481
656.0,0.012412315986605223
657.0,0.012059529847766644
658.0,0.011699002152540865
659.0,0.01137776168533605
660.0,0.011064412164503065
661.0,0.010750527285278099
662.0,0.010445626015868762
663.0,0.010147390288829971
664.0,0.009857141410345046
665.0,0.009575211620392706
666.0,0.00930661953306206
667.0,0.009066269555002284
668.0,0.008851172392633317
669.0,0.008662426389120953
670.0,0.00850971446038452
671.0,0.0083790963389139
672.0,0.008257873356968022
673.0,0.00815703618725564
674.0,0.00807778846024371
675.0,0.008012599126820367
676.0,0.00796830270212718
677.0,0.0079486506272669
678.0,0.00794724312641954
679.0,0.007974573578511095
680.0,0.008045925026085457
681.0,0.008155259121264262
682.0,0.008296509372962273
683.0,0.008480042533522312
684.0,0.008706811707289963
685.0,0.008993424446118678
686.0,0.009335585497542483
687.0,0.00971957308827946
688.0,0.010062008714435012
689.0,0.010392974284534635
690.0,0.010762303061352441
691.0,0.011129069636175552
692.0,0.011493064665198078
693.0,0.0118515256438806
694.0,0.012207779252618343
695.0,0.01254109927661624
696.0,0.012814793909995122
697.0,0.013037072390701485
698.0,0.013225698519174347
699.0,0.01336394823084241
700.0,0.013453916437894953
701.0,0.013503482811500465
702.0,0.013505434858571457
703.0,0.013459294254853829
704.0,0.013367797773169246
705.0,0.013236963645497379
706.0,0.013071979731515965
707.0,0.01286689166913293
708.0,0.01262146982981561
709.0,0.01234646006586588
710.0,0.012046514286796582
711.0,0.011718583120143651
712.0,0.011357743678939079
713.0,0.01097776915394815
714.0,0.010588356443674543
715.0,0.010206196679141057
716.0,0.009821190192947554
717.0,0.009434555970248972
718.0,0.009036426483206388
719.0,0.008651698271002978
720.0,0.008293529196314672
721.0,0.00797170534596765
722.0,0.007668773118037283
723.0,0.007354682521114253
724.0,0.007019198471220836
725.0,0.006691622076809586
726.0,0.006373523852775996
727.0,0.006054065452414247
728.0,0.005726380160922849
729.0,0.005388708019690538
730.0,0.005053929475478776
731.0,0.00475593885032199
732.0,0.004507455343770856
733.0,0.004288969697508805
734.0,0.004099401014398643
735.0,0.003948378694822203
736.0,0.0038272541049269144
737.0,0.0037341411568069575
738.0,0.003669233298677699
739.0,0.0036244399706977528
740.0,0.0035827998539005278
741.0,0.0035555629372203495
742.0,0.003541040694133705
743.0,0.003517683431085993
744.0,0.0035004937699210136
745.0,0.003493585160427625
746.0,0.0034890832885368915
747.0,0.0034832403812256273
748.0,0.0034703647226208404
749.0,0.003460181999119824
750.0,0.0034534370123280845
751.0,0.0034485172325842287
752.0,0.0034385657906154344
753.0,0.0034208857381212788
754.0,0.003412241196995207
755.0,0.0034057676833027365
756.0,0.0033931203151078768
757.0,0.003381112292239102
758.0,0.003360932945608711
759.0,0.003317270799051025
760.0,0.003241284461565233
761.0,0.003170425984214042
762.0,0.003128187199987354
763.0,0.0031306410415381696
764.0,0.0031737179195703213
765.0,0.0032257435080639977
766.0,0.003270293028271765
767.0,0.0033078182703156376
768.0,0.003342927329040403
769.0,0.0033729304227655176
770.0,0.0033913957472638126
771.0,0.0034054874043955253
772.0,0.0034220175598065478
773.0,0.0034387230072972404
774.0,0.003456163204411502
775.0,0.0034685875578382873
776.0,0.003481525759274493
777.0,0.00350784246089144
778.0,0.0035346084539473214
779.0,0.003559050611830557
780.0,0.0035759821964567104
781.0,0.003600114941835108
782.0,0.0036310224259447645
783.0,0.003655487874415812
784.0,0.0036722632474908493
785.0,0.003697002474413717
786.0,0.003719867743772919
787.0,0.0037419910237836184
788.0,0.0037783577107501033
789.0,0.003815136823003628
790.0,0.003837848367904117
791.0,0.0038739750717406
792.0,0.003924926309180304
793.0,0.003966000013877528
794.0,0.004000697787178665
795.0,0.004035502801999824
796.0,0.0040683813609507435
797.0,0.004095709210251959
798.0,0.0041207005638512735
799.0,0.0041480071055737715
800.0,0.004178145579322947
801.0,0.0042016937298149475
802.0,0.004225172730293901
803.0,0.004252851159912534
804.0,0.0042773072577198794
805.0,0.004286228479076658
806.0,0.004274162312811634
807.0,0.004270184444002496
808.0,0.004269987364438744
809.0,0.004239494854591927
810.0,0.004198159080980984
811.0,0.004146602705874484
812.0,0.004082556454248444
813.0,0.004022997576628769
814.0,0.003971274591691334
815.0,0.0039132592524328495
816.0,0.0038599688492043406
817.0,0.003811975463635426
818.0,0.0037573161246983395
819.0,0.003685212926646192
820.0,0.003598162449684126
821.0,0.0034992075250765567
822.0,0.003399165109508656
823.0,0.003289260605286027
824.0,0.003175375187900423
825.0,0.003026534623609887
826.0,0.00288046947226839
827.0,0.002752937378773408
828.0,0.0026171842149720474
829.0,0.0024751950114846916
830.0,0.002343554492029338
831.0,0.002237738410369914
832.0,0.00214757682213874
833.0,0.002070125303049128
834.0,0.002009159739597239
835.0,0.0019670212780069514
836.0,0.0019316172126418812
837.0,0.00189505750740679
838.0,0.0018737794305045297
839.0,0.0018550087692132972
840.0,0.0018278419302346157
841.0,0.0018099211573219178
842.0,0.0017902629837947223
843.0,0.0017724816020419244
844.0,0.0017624249167590203
845.0,0.0017478645503628053
846.0,0.0017192583279940089
847.0,0.0016921249090278406
848.0,0.001669748568067484
849.0,0.00164859953215153
850.0,0.001640204519925911
851.0,0.0016322385479717895
852.0,0.0016134663353010903
853.0,0.0015837871798542783
854.0,0.0015581132803566089
855.0,0.0015408558336417798
856.0,0.0015275917365996214
857.0,0.0015174532200411183
858.0,0.0014981501278931557
859.0,0.001475113703251787
860.0,0.0014819137830599464
861.0,0.0014818005705460094
862.0,0.0014438017953741762
863.0,0.0014476837279084997
864.0,0.0014570197803331184
865.0,0.0014120442011100536
866.0,0.001372603551396913
867.0,0.0013567831821694337
868.0,0.0013438029290087782
869.0,0.001343065396652758
870.0,0.0013425681839335359
871.0,0.0013116421180757783
872.0,0.0012671657599625397
873.0,0.0012586518415095098
874.0,0.0012356369253829493
875.0,0.0011938104823746784
876.0,0.001173577743415341
877.0,0.001167262069505191
878.0,0.0011500339570499713
879.0,0.0011402815922601044
880.0,0.0011251527184429773
881.0,0.0010968995563491062
882.0,0.001076658370207292
883.0,0.0010520671712877085
884.0,0.0010261060783314229
885.0,0.0009956962081523644
886.0,0.0009779138949620844
887.0,0.0009705703947169143
888.0,0.0009565850473664081
889.0,0.0009141057539256194
890.0,0.0008823065755039121
891.0,0.0008681224141560664
892.0,0.0008563810265376235
893.0,0.0008236867521810261
894.0,0.0007765601421701004
895.0,0.0007705786422573799
896.0,0.000748864124415475
897.0,0.0006826644283246309
898.0,0.0006479406154969926
899.0,0.0006469349049748115
