/begin_header
/west_longitude=UNKNOWN
/south_latitude=NA
/north_latitude=UNKNOWN
/calibration_files=NA
/cruise=NA
/station=NA
/documents=NA
/data_type=NA
/affiliations=NOAA
/experiment=NA
/units=nm,dl
/start_date=2019-08-07
/end_date=NA
/missing=9999
/start_time=12:44:21
/data_file_name=NA
/cloud_percent=NA
/water_depth=NA
/data_status=NA
/east_longitude=NA
/wind_speed=NA
/secchi=NA
/measurement_depth=NA
/fields=wavelength,rrs
/delimiter=comma
/contact=NA
/end_time=NA
/wave_height=NA
/investigators=NA
/end_header@
325.0,0.004384974347781069
326.0,0.004448978004930048
327.0,0.004328509883378068
328.0,0.004153716151262889
329.0,0.004246698777208566
330.0,0.004350784180325559
331.0,0.004374222605682698
332.0,0.004327133261637852
333.0,0.004329163288312841
334.0,0.004433370401747892
335.0,0.00449883432968175
336.0,0.004516885249191679
337.0,0.004576174064365654
338.0,0.004614271727546029
339.0,0.004656458955634846
340.0,0.00466769100256864
341.0,0.004718538865816908
342.0,0.004837115124043775
343.0,0.00494638282374433
344.0,0.0050246180181240125
345.0,0.005117338034252928
346.0,0.005205491022202557
347.0,0.005272938618850523
348.0,0.005373490888715077
349.0,0.005479801387021407
350.0,0.00554900540022113
351.0,0.005646833053169732
352.0,0.005761481125895276
353.0,0.005829740583124324
354.0,0.005909672301952978
355.0,0.006020670362023254
356.0,0.006080672527750363
357.0,0.006128576595893201
358.0,0.006198495998847945
359.0,0.006265467661313322
360.0,0.006325026168727187
361.0,0.006372586006734349
362.0,0.006423574150807361
363.0,0.006479724946042413
364.0,0.006496883077812992
365.0,0.006505371183680858
366.0,0.006533821099447131
367.0,0.006564783847206529
368.0,0.0065968745259987905
369.0,0.006637711117603254
370.0,0.006665765649231471
371.0,0.006678618819215875
372.0,0.006689555615626267
373.0,0.006725009486847984
374.0,0.0067635945776977745
375.0,0.0067833706266571935
376.0,0.006793727174753489
377.0,0.006813775460494801
378.0,0.006831782001834234
379.0,0.006855379452018471
380.0,0.0068839151144566195
381.0,0.006916978462207779
382.0,0.0069519526644892205
383.0,0.006986715701597823
384.0,0.007020067583731629
385.0,0.007053861555996068
386.0,0.007076317483052904
387.0,0.007096510925588918
388.0,0.007133381278862443
389.0,0.007165273755418029
390.0,0.007186702165231823
391.0,0.007213756769859793
392.0,0.007239695427442692
393.0,0.007245073207767736
394.0,0.007251468475621333
395.0,0.007263651600405792
396.0,0.007280019882618003
397.0,0.00728330015431815
398.0,0.0072676167220641396
399.0,0.007247682768172852
400.0,0.007228025856711622
401.0,0.0072131332981540995
402.0,0.007199019788669997
403.0,0.0071831557865357455
404.0,0.0071521451860126675
405.0,0.007122910545909115
406.0,0.007100868420267451
407.0,0.007071992780050618
408.0,0.007034782526589831
409.0,0.007004988250674587
410.0,0.006973525013738967
411.0,0.006938164769923029
412.0,0.006907913765417389
413.0,0.006888082148319192
414.0,0.00687332734432264
415.0,0.006859707639119574
416.0,0.006849604757773105
417.0,0.006849787874942938
418.0,0.006855878226281267
419.0,0.006863429289048814
420.0,0.00686699532438341
421.0,0.00687364772412883
422.0,0.00688435113467778
423.0,0.0068948561377392
424.0,0.006903621241075674
425.0,0.006916983124713685
426.0,0.006926751106879595
427.0,0.006930026200996147
428.0,0.0069410769337780774
429.0,0.0069414349320844546
430.0,0.006926175527118111
431.0,0.006915437566412222
432.0,0.006905137100081925
433.0,0.006891592923797815
434.0,0.006884377556740278
435.0,0.006886273375710886
436.0,0.006897686771952277
437.0,0.006914652864434967
438.0,0.006939216995829704
439.0,0.006981403166224387
440.0,0.007041575917406352
441.0,0.007112597869904834
442.0,0.0071900837634692166
443.0,0.007279008989620127
444.0,0.007395176401770469
445.0,0.007527479000260401
446.0,0.0076729017678666715
447.0,0.007832462347524327
448.0,0.008000544859383812
449.0,0.008166128172763288
450.0,0.008334789442572859
451.0,0.008506645016474858
452.0,0.008677770084084345
453.0,0.008841360950793908
454.0,0.008995221704713416
455.0,0.00914283832125689
456.0,0.009282546785048027
457.0,0.009408559430903237
458.0,0.009520663650983122
459.0,0.009622062437547742
460.0,0.009717869888666594
461.0,0.009811206651584544
462.0,0.009902954697725543
463.0,0.009996646314126325
464.0,0.0100910914849226
465.0,0.010183111053519104
466.0,0.010276891385407588
467.0,0.010373949392750732
468.0,0.010477191473247997
469.0,0.010578311246372265
470.0,0.01066667357363443
471.0,0.010756570282128276
472.0,0.010850677838811976
473.0,0.010935410915634148
474.0,0.011018341701594972
475.0,0.011103272425114007
476.0,0.011183095992399033
477.0,0.011256711740733403
478.0,0.011321799730028805
479.0,0.011389177240785236
480.0,0.011460715851878276
481.0,0.011527106227641394
482.0,0.011591739283997152
483.0,0.01166302071164152
484.0,0.01173671365328444
485.0,0.011812304030220152
486.0,0.011887271351837713
487.0,0.011966372886462377
488.0,0.012047871434238897
489.0,0.01213239030872994
490.0,0.012218170155998217
491.0,0.012311755143856618
492.0,0.012424916887382556
493.0,0.012555884004026815
494.0,0.012686053572913808
495.0,0.012824713214596866
496.0,0.01298043706151728
497.0,0.013152018871717852
498.0,0.013336432038378051
499.0,0.013541448285356436
500.0,0.013756779654522058
501.0,0.013978666088715213
502.0,0.014215018340314087
503.0,0.014459652294492443
504.0,0.014706437994683907
505.0,0.014957084998196129
506.0,0.015212561211512762
507.0,0.015471825746349824
508.0,0.01573206934480839
509.0,0.01599271419332933
510.0,0.016254776872077593
511.0,0.016519837493095855
512.0,0.016790323576343618
513.0,0.01706760695501849
514.0,0.017361278483675
515.0,0.017681436873102814
516.0,0.018020870880042776
517.0,0.018372561996055307
518.0,0.018736178180377212
519.0,0.01909913140931365
520.0,0.019448821747892413
521.0,0.019815466443072235
522.0,0.020206932235312218
523.0,0.020603743183724675
524.0,0.021025273898695858
525.0,0.021476426899142368
526.0,0.021941405467257993
527.0,0.022423155123466217
528.0,0.022920549668471246
529.0,0.023410700314911208
530.0,0.02389637569772908
531.0,0.02441227378069856
532.0,0.02494783517323692
533.0,0.025488032761145817
534.0,0.026027999758449837
535.0,0.026556165032361034
536.0,0.0270704911804165
537.0,0.027583374399117504
538.0,0.028101186306251864
539.0,0.02859944972176871
540.0,0.029082224482680885
541.0,0.029554244775985068
542.0,0.029990481958657382
543.0,0.030382441239983952
544.0,0.03074236808146647
545.0,0.03107027894431564
546.0,0.03136428506657367
547.0,0.031626641932190926
548.0,0.03185335053064122
549.0,0.032036838726696805
550.0,0.03219551575472052
551.0,0.032338564953930796
552.0,0.03245713504073416
553.0,0.03255095436493601
554.0,0.03262123722510676
555.0,0.03266374308683803
556.0,0.032677914265613235
557.0,0.03266680188523973
558.0,0.032624467998639516
559.0,0.03255271400604125
560.0,0.03246142668124404
561.0,0.03235178055195631
562.0,0.0322212074176729
563.0,0.03207381118380721
564.0,0.03190774877577094
565.0,0.03171439276482515
566.0,0.031499396076417704
567.0,0.03127047677968513
568.0,0.03101847373680739
569.0,0.030744717313568988
570.0,0.03046164534609701
571.0,0.03016380689986737
572.0,0.029859016472384335
573.0,0.029559651698139327
574.0,0.029259764436126167
575.0,0.028956695269252024
576.0,0.028652163748014735
577.0,0.028341901999836678
578.0,0.02801255234838872
579.0,0.027676657773673553
580.0,0.02734142565366795
581.0,0.02698698443787894
582.0,0.02661716948204166
583.0,0.02624004208661787
584.0,0.025847084995316787
585.0,0.025440116765545612
586.0,0.0250361494103244
587.0,0.024626460267023607
588.0,0.02419574196535849
589.0,0.023744345668533225
590.0,0.023281642205124152
591.0,0.022822931050774924
592.0,0.02236028938394049
593.0,0.02187405791876726
594.0,0.02135867533126038
595.0,0.020810834126817335
596.0,0.020236323463952925
597.0,0.019624687021553986
598.0,0.01898797939947633
599.0,0.018374155792447427
600.0,0.017809994690003557
601.0,0.017316638207242642
602.0,0.016905575036618554
603.0,0.016574347342284936
604.0,0.016305934171366148
605.0,0.01608105488253083
606.0,0.015883768940766627
607.0,0.015704077806812808
608.0,0.015532057902289412
609.0,0.015365069815138951
610.0,0.015196800858651086
611.0,0.01502864026816876
612.0,0.014869805214604754
613.0,0.014714116853278891
614.0,0.014559731677262686
615.0,0.014407717478536966
616.0,0.014259961170419166
617.0,0.014117878527556835
618.0,0.013992265764425305
619.0,0.013883128315380685
620.0,0.013775914847322513
621.0,0.013682080297021485
622.0,0.013606773910372402
623.0,0.013531055469466322
624.0,0.013457581198651111
625.0,0.013394646986964187
626.0,0.013339441874883954
627.0,0.013292674248680131
628.0,0.013263045631704903
629.0,0.013242615080729808
630.0,0.013229779663137828
631.0,0.013224058554623011
632.0,0.013228388316507227
633.0,0.013247409955544793
634.0,0.01327384464591912
635.0,0.013304911088139405
636.0,0.01333853438856191
637.0,0.013377629891087123
638.0,0.01342369545013409
639.0,0.013472951450874932
640.0,0.013519928219857175
641.0,0.013556850432730727
642.0,0.013582665811394506
643.0,0.013598079254219051
644.0,0.01360312920272436
645.0,0.013596432597543898
646.0,0.013574533250972496
647.0,0.013534713450854923
648.0,0.013481321427241807
649.0,0.013407798672862658
650.0,0.013305435779816369
651.0,0.013167278421014266
652.0,0.012999532326383382
653.0,0.012806713291684165
654.0,0.012610728206323363
655.0,0.012355207357299993
656.0,0.012000950615512974
657.0,0.01160795146399227
658.0,0.011223205467645577
659.0,0.010846013427922897
660.0,0.01048217515504255
661.0,0.010136073010885118
662.0,0.009800048887272733
663.0,0.009471691844821741
664.0,0.009147424266536499
665.0,0.008843373961510196
666.0,0.008564342378234422
667.0,0.008304020027646223
668.0,0.008076188018598596
669.0,0.007892698432218887
670.0,0.007730787280546415
671.0,0.007589934772715988
672.0,0.007480666661169364
673.0,0.0073926406615431334
674.0,0.007321773463892527
675.0,0.007267704501644145
676.0,0.007235123194139162
677.0,0.007229630567228998
678.0,0.007244813519246893
679.0,0.0072861270152889245
680.0,0.007366301117800402
681.0,0.00748446147882636
682.0,0.0076401155319673385
683.0,0.007843268544082623
684.0,0.008091365003824983
685.0,0.008396320105789109
686.0,0.008762603993204995
687.0,0.009167949011063443
688.0,0.009516063223843196
689.0,0.009840323466805372
690.0,0.010193512784467949
691.0,0.010561916460554868
692.0,0.010940152072534204
693.0,0.011320100309321172
694.0,0.011688883743330221
695.0,0.01202921112585607
696.0,0.012332427841718303
697.0,0.012602770666041388
698.0,0.01285452495417829
699.0,0.01306671961996354
700.0,0.013231626803727234
701.0,0.013352754256165052
702.0,0.013424569102250945
703.0,0.013444644223584773
704.0,0.013424513825211665
705.0,0.013367489425047254
706.0,0.013268380365323008
707.0,0.013118331693962638
708.0,0.012923600369086735
709.0,0.012704218609824226
710.0,0.01244561055194952
711.0,0.012145271217686032
712.0,0.01182501353012266
713.0,0.011489290284135499
714.0,0.011139251703329066
715.0,0.010792052635086763
716.0,0.010442951036169414
717.0,0.010090302928824504
718.0,0.009707898283150574
719.0,0.009309129918142778
720.0,0.008931957616075315
721.0,0.008594546924606485
722.0,0.008277704036539164
723.0,0.007951267099869845
724.0,0.007610621036484691
725.0,0.007261054870217038
726.0,0.006910812563469081
727.0,0.006552169583168466
728.0,0.006181545124146857
729.0,0.005802086927250361
730.0,0.005427378114858515
731.0,0.005078653119903268
732.0,0.004772011388665383
733.0,0.004513528126318722
734.0,0.004299241137471182
735.0,0.0041230937849133405
736.0,0.003979393988796152
737.0,0.0038672463299838054
738.0,0.0037943491990585303
739.0,0.003741229786153847
740.0,0.0036943782910427553
741.0,0.0036613013355218877
742.0,0.003638148815377508
743.0,0.003616892603022877
744.0,0.003600949296532814
745.0,0.0035902130983313323
746.0,0.0035776846776794623
747.0,0.003567056976020922
748.0,0.0035553611190757444
749.0,0.0035460062917659894
750.0,0.0035387049493598834
751.0,0.0035386956130359997
752.0,0.00353126347668239
753.0,0.0035195462694590333
754.0,0.0035119128232122083
755.0,0.0035067069811967173
756.0,0.003504281114580695
757.0,0.0035039366673979763
758.0,0.0035081723633276093
759.0,0.0035105615092510755
760.0,0.00351582539833509
761.0,0.0035164527728922547
762.0,0.003498570652171845
763.0,0.0034777869146671624
764.0,0.003464647208751782
765.0,0.0034706240421098246
766.0,0.003491635408486728
767.0,0.003496157895276416
768.0,0.003498457589324616
769.0,0.0035191632118491316
770.0,0.0035334584446506667
771.0,0.0035427687483981637
772.0,0.003554862765345419
773.0,0.0035682936232929903
774.0,0.0035888644471750537
775.0,0.0036152888459356955
776.0,0.0036366210946877425
777.0,0.0036574915366498996
778.0,0.003679581483183054
779.0,0.0037078136777246836
780.0,0.0037478047818920216
781.0,0.0037831438250151396
782.0,0.003809038600921863
783.0,0.0038403130021272503
784.0,0.003874365020114993
785.0,0.003906284437725236
786.0,0.003946363594942962
787.0,0.003989331110178717
788.0,0.004019115718003096
789.0,0.004058028234509008
790.0,0.004111986627299658
791.0,0.004154850068676466
792.0,0.004197416658782623
793.0,0.0042411617845249305
794.0,0.004284034804470064
795.0,0.004328938377711652
796.0,0.004369203529539375
797.0,0.004410404533712832
798.0,0.004452002179247418
799.0,0.004489371850513386
800.0,0.004520534467773117
801.0,0.004549940010443816
802.0,0.0045691082851879155
803.0,0.004582320406599985
804.0,0.004607646663532357
805.0,0.004626857144768275
806.0,0.0046266784910844365
807.0,0.0046165323689113715
808.0,0.004603855468680042
809.0,0.0045825108886514716
810.0,0.004555214981536716
811.0,0.0045248194283309725
812.0,0.004479681491545208
813.0,0.004426506585165866
814.0,0.004369278037735761
815.0,0.004315680075012947
816.0,0.004255307465729821
817.0,0.004175840426636894
818.0,0.004098730897632061
819.0,0.004021344479752981
820.0,0.003919754541565654
821.0,0.0038081350382631676
822.0,0.0036929784748176127
823.0,0.0035578408826102623
824.0,0.003406222697515179
825.0,0.00324296972665977
826.0,0.003075724948722938
827.0,0.002911440006712827
828.0,0.002752442076520748
829.0,0.002593601143676733
830.0,0.0024336407523569076
831.0,0.0022965829088229008
832.0,0.0021893086085533952
833.0,0.0021015353806748084
834.0,0.002034861478108095
835.0,0.00197922818197475
836.0,0.0019202661360425018
837.0,0.001867538201018382
838.0,0.0018384926367250904
839.0,0.001815682849749051
840.0,0.0017881373181814625
841.0,0.0017464377385308597
842.0,0.001723605567984075
843.0,0.0017215269277500612
844.0,0.0017054741318932132
845.0,0.0016727703460850062
846.0,0.0016324787215103841
847.0,0.0016139040283313032
848.0,0.0016085126416310598
849.0,0.0015828647506946
850.0,0.0015590777794357866
851.0,0.0015462732547885118
852.0,0.00151397816167361
853.0,0.0014938882670524054
854.0,0.001498100816536169
855.0,0.001484679624141815
856.0,0.0014484262533810762
857.0,0.0014098612292528438
858.0,0.0013905053529648932
859.0,0.001393433662846853
860.0,0.0013860665650278399
861.0,0.0013635765961095214
862.0,0.0013435433745345028
863.0,0.001327152125733282
864.0,0.0013036077863567623
865.0,0.0012801079729322664
866.0,0.001260951306557685
867.0,0.001243575491383753
868.0,0.0012184122248014091
869.0,0.0012026955511481425
870.0,0.0011917610275499614
871.0,0.0011639564922188712
872.0,0.0011352204898523676
873.0,0.0011174057339584389
874.0,0.0011064490366901355
875.0,0.0010948378360651184
876.0,0.0010558796561172363
877.0,0.0010255129180629639
878.0,0.0010040142827540813
879.0,0.0009718207887102287
880.0,0.0009420917743178526
881.0,0.0009392122038440148
882.0,0.000909201310509003
883.0,0.0008536750315989326
884.0,0.0008444598574894344
885.0,0.0008253662136934523
886.0,0.0007910650720294764
887.0,0.0007674155077551909
888.0,0.0007405570680724565
889.0,0.0007313081297857049
890.0,0.0007216458541752777
891.0,0.0007101003892035575
892.0,0.000661497175034454
893.0,0.0006339467420678005
894.0,0.0006347828271015996
895.0,0.0005861716353689144
896.0,0.0005444804965483724
897.0,0.0005392358411781498
898.0,0.0005192320997559465
899.0,0.0004916841336604302
