/begin_header
/west_longitude=UNKNOWN
/south_latitude=NA
/north_latitude=UNKNOWN
/calibration_files=NA
/cruise=NA
/station=NA
/documents=NA
/data_type=NA
/affiliations=NOAA
/experiment=NA
/units=nm,dl
/start_date=2019-08-12
/end_date=NA
/missing=9999
/start_time=14:57:01
/data_file_name=NA
/cloud_percent=NA
/water_depth=NA
/data_status=NA
/east_longitude=NA
/wind_speed=NA
/secchi=NA
/measurement_depth=NA
/fields=wavelength,rrs
/delimiter=comma
/contact=NA
/end_time=NA
/wave_height=NA
/investigators=NA
/end_header@
325.0,0.012375422888661532
326.0,0.012355137868763742
327.0,0.012336714999566182
328.0,0.012289177712834914
329.0,0.01214992859888341
330.0,0.011979589072510835
331.0,0.011940322622537653
332.0,0.01192825506715529
333.0,0.011874289548275343
334.0,0.011762791516063196
335.0,0.011778119120804096
336.0,0.011837133892929952
337.0,0.011706500583537324
338.0,0.011581973669125063
339.0,0.011551627992843608
340.0,0.01145628386327362
341.0,0.01134983886755928
342.0,0.01130558892209503
343.0,0.011291375103600962
344.0,0.011256488251014558
345.0,0.01115436409176326
346.0,0.011083894619129255
347.0,0.011040127579312383
348.0,0.0109973543126085
349.0,0.010962191303055719
350.0,0.010863913934898686
351.0,0.010803319436692181
352.0,0.010785121763151212
353.0,0.010735046572270222
354.0,0.010686356513784818
355.0,0.010652535524057963
356.0,0.010566611892070012
357.0,0.010497184673111105
358.0,0.010497742125317129
359.0,0.010479677836086903
360.0,0.010436295059791562
361.0,0.010358839225701463
362.0,0.01028751086808191
363.0,0.01023985291833399
364.0,0.010210202609842038
365.0,0.010178628875170351
366.0,0.01013848292477813
367.0,0.010110359948824772
368.0,0.010079072752408458
369.0,0.010039063717468108
370.0,0.01001874847187904
371.0,0.01000350125930764
372.0,0.009933923896454129
373.0,0.00987642199867239
374.0,0.00985223401618528
375.0,0.009820682228190665
376.0,0.009784505685060632
377.0,0.009759027071401662
378.0,0.009720695730865984
379.0,0.009681779217216357
380.0,0.009682832604114447
381.0,0.009659226317426793
382.0,0.009591275972205762
383.0,0.009574713728583716
384.0,0.009570101129375327
385.0,0.009519989565275487
386.0,0.00948917207537101
387.0,0.00947642062284864
388.0,0.009431513496073626
389.0,0.009379669176811729
390.0,0.009346937821861526
391.0,0.009317551431125053
392.0,0.009290072985619504
393.0,0.009260833116933227
394.0,0.009233008421268854
395.0,0.0092027033624268
396.0,0.009147990210067543
397.0,0.009085200878043403
398.0,0.009027857954179697
399.0,0.009001148907916841
400.0,0.0089748411638287
401.0,0.00892449694673076
402.0,0.008882688006139654
403.0,0.008847291533184674
404.0,0.008807069340706856
405.0,0.008766572427996968
406.0,0.008726360720767375
407.0,0.00868188754666463
408.0,0.00863651396218908
409.0,0.008596428681438468
410.0,0.008556732331674043
411.0,0.008520333043729436
412.0,0.00848824953874187
413.0,0.008455777817244001
414.0,0.0084283542947893
415.0,0.008405811141504887
416.0,0.00838798222255858
417.0,0.008373959348309371
418.0,0.008350111126301683
419.0,0.008324917167051474
420.0,0.008322679526453691
421.0,0.00831913820656642
422.0,0.00831180927444806
423.0,0.008308756494425584
424.0,0.008306434850945774
425.0,0.008305462315547806
426.0,0.008306156073860815
427.0,0.008304536138131945
428.0,0.008299654471540305
429.0,0.008295141385183882
430.0,0.0082858556315689
431.0,0.008274134421614832
432.0,0.008265166479090931
433.0,0.008261060791235035
434.0,0.008254782627110263
435.0,0.008246833266382378
436.0,0.008251800443325824
437.0,0.008265978617017371
438.0,0.008281365674514755
439.0,0.008306081127108768
440.0,0.008336327151157192
441.0,0.008366388453563179
442.0,0.008405307630213504
443.0,0.008454077414573652
444.0,0.008507081508809085
445.0,0.008563418059958734
446.0,0.00862683757278539
447.0,0.008697351981094515
448.0,0.008771087752037434
449.0,0.008840646409961475
450.0,0.008908852092255972
451.0,0.008980439291338274
452.0,0.009056360093790693
453.0,0.009125901228413716
454.0,0.009183168027301215
455.0,0.009247048157975961
456.0,0.00931572759164257
457.0,0.009368467412234124
458.0,0.009414882757595958
459.0,0.009461181072504814
460.0,0.009506810287729768
461.0,0.00955456135959706
462.0,0.009606508167944564
463.0,0.009657544015915256
464.0,0.009706351518671868
465.0,0.009758096471503124
466.0,0.009811783993028313
467.0,0.009870753357553585
468.0,0.009925326183108527
469.0,0.00997544204678035
470.0,0.010023857200703786
471.0,0.010078323213137164
472.0,0.010136158854727514
473.0,0.01019231776777638
474.0,0.01024598038040038
475.0,0.010293145379452806
476.0,0.010343843313550406
477.0,0.010396129525592317
478.0,0.010445527156309272
479.0,0.010495935849004361
480.0,0.010550454142778155
481.0,0.010606640926250856
482.0,0.010658679334727101
483.0,0.010709178006158542
484.0,0.010766114118922383
485.0,0.01082849001756513
486.0,0.010890876646301714
487.0,0.010950458117495567
488.0,0.011010659711680242
489.0,0.011071668290207387
490.0,0.0111324918899779
491.0,0.011201401403663975
492.0,0.011276469701896873
493.0,0.011357747993212482
494.0,0.011444516677828125
495.0,0.011538280683437555
496.0,0.011643690180563365
497.0,0.011762222402298383
498.0,0.011891252859105902
499.0,0.01202388256371501
500.0,0.01216884463255563
501.0,0.012323395020880638
502.0,0.01247841882704007
503.0,0.012639603372518304
504.0,0.012809524847251074
505.0,0.012984226109878847
506.0,0.013162319010417159
507.0,0.013349452758431768
508.0,0.013546144351897216
509.0,0.013749954339004602
510.0,0.013951395543118634
511.0,0.014154906585637412
512.0,0.014365072203921848
513.0,0.01458133063946399
514.0,0.014806384151940535
515.0,0.015043714339969145
516.0,0.01529076550180774
517.0,0.015545623764491315
518.0,0.015789860455510625
519.0,0.016026615963009506
520.0,0.01626200166081475
521.0,0.016490273155803502
522.0,0.01671664177515565
523.0,0.0169503708407939
524.0,0.017184605592170034
525.0,0.017415570207662538
526.0,0.017652273445672464
527.0,0.017889814440569078
528.0,0.018113553765952077
529.0,0.018328182568358248
530.0,0.018537411614728685
531.0,0.018748134113049344
532.0,0.018956476264987813
533.0,0.019158375661305346
534.0,0.01936079407707433
535.0,0.019559236330735745
536.0,0.01974949581458795
537.0,0.019936670793987227
538.0,0.02012192169522727
539.0,0.020302321936983697
540.0,0.020475673053577628
541.0,0.020640520116285605
542.0,0.020799097901690204
543.0,0.02095330160871463
544.0,0.02110103863277688
545.0,0.021244708746313953
546.0,0.021385201049393527
547.0,0.021514575274640284
548.0,0.0216350025729481
549.0,0.02175460719393339
550.0,0.021872874416098233
551.0,0.021991054753744597
552.0,0.022111540981485968
553.0,0.02222942588268764
554.0,0.02233886278060352
555.0,0.022445512104070788
556.0,0.02254803882956067
557.0,0.02264322766254929
558.0,0.022727142421368404
559.0,0.022800519887631987
560.0,0.022863092595641978
561.0,0.022914592921940174
562.0,0.022956249636541158
563.0,0.02298702148947456
564.0,0.023005537731362345
565.0,0.02301659379172379
566.0,0.023015819600051404
567.0,0.0229999918602212
568.0,0.022971752235985084
569.0,0.02293336862291135
570.0,0.022885094765439058
571.0,0.02282689176067281
572.0,0.022758167214595247
573.0,0.022679716573858776
574.0,0.022595146173358706
575.0,0.022505491787251277
576.0,0.02240303331052864
577.0,0.02228703219408873
578.0,0.022161375073139106
579.0,0.022019012467122696
580.0,0.021861877575443594
581.0,0.021694348802829454
582.0,0.02151655768360319
583.0,0.02132880056935
584.0,0.02113158808333192
585.0,0.020925458851916025
586.0,0.02070941659847651
587.0,0.020487565105627326
588.0,0.02025785361000989
589.0,0.02001483448842227
590.0,0.01976428363027937
591.0,0.0195153416744283
592.0,0.019264323770722288
593.0,0.018994846604891997
594.0,0.018693368360488558
595.0,0.018361097552443768
596.0,0.018002429049606722
597.0,0.017609274509095572
598.0,0.01719341131292538
599.0,0.016782663173701706
600.0,0.016402293300490093
601.0,0.016075813886582947
602.0,0.0158053187380405
603.0,0.015590895675031155
604.0,0.015431471912613685
605.0,0.015304048998374651
606.0,0.015193762010279907
607.0,0.01509067995961473
608.0,0.014991080198725951
609.0,0.01489174291075605
610.0,0.014793737474544549
611.0,0.014697892878467757
612.0,0.014596539463722791
613.0,0.014498587262931151
614.0,0.014405007373587833
615.0,0.014303288678280724
616.0,0.014203326428228557
617.0,0.014113508838997646
618.0,0.014031598792793632
619.0,0.013957217841562902
620.0,0.013888047895556347
621.0,0.013824554548631523
622.0,0.013770143863265624
623.0,0.01372016333725459
624.0,0.013671410775570037
625.0,0.013624165819197906
626.0,0.013581490920732594
627.0,0.013542026381719918
628.0,0.013515676023439064
629.0,0.013501758121351806
630.0,0.01348812435686872
631.0,0.013472905849754538
632.0,0.013458797178653831
633.0,0.013455533793295569
634.0,0.013453759461304874
635.0,0.013448221538266348
636.0,0.013444226754473465
637.0,0.013444311175281156
638.0,0.013449341365993964
639.0,0.013456138709712361
640.0,0.013458525945737857
641.0,0.013447785557492768
642.0,0.013427364541255118
643.0,0.01339915315954695
644.0,0.01336838251132702
645.0,0.013333652785614183
646.0,0.013293415397694028
647.0,0.013252399121694482
648.0,0.013203328142701259
649.0,0.013143828613959524
650.0,0.013073729024467295
651.0,0.012979472032836356
652.0,0.012861961673798586
653.0,0.01272467303938577
654.0,0.012582656075409862
655.0,0.012397578325208984
656.0,0.01214107140540017
657.0,0.011857099796557864
658.0,0.011582682766939674
659.0,0.0113236261068775
660.0,0.011072311961836865
661.0,0.010832833590670918
662.0,0.010614392177418908
663.0,0.01040832416360872
664.0,0.010208920596498255
665.0,0.010026219780178286
666.0,0.0098633401395451
667.0,0.009723585230892385
668.0,0.009600007690603232
669.0,0.009493289346280308
670.0,0.009410249374467328
671.0,0.009349184765152608
672.0,0.009307723316030695
673.0,0.009279571076825154
674.0,0.009264447277984818
675.0,0.009260827251001597
676.0,0.00926844354834645
677.0,0.00929041106669279
678.0,0.009332245966127172
679.0,0.009396180293967635
680.0,0.009485290889433494
681.0,0.009597431691373212
682.0,0.009733522480154992
683.0,0.0098905718572547
684.0,0.010084119715534249
685.0,0.010335602010207194
686.0,0.010608980710309286
687.0,0.010865619855645017
688.0,0.011017722619331507
689.0,0.01111545032608785
690.0,0.011215600023952338
691.0,0.011307144113441803
692.0,0.011389413067389744
693.0,0.011453233755974
694.0,0.011492871087651397
695.0,0.011504515113333247
696.0,0.011477521896980989
697.0,0.011420300619706994
698.0,0.011343683688905166
699.0,0.011241941251170808
700.0,0.011110991523920605
701.0,0.010948283284355879
702.0,0.010759838110863338
703.0,0.01054705571141112
704.0,0.010327758895567004
705.0,0.010097922046635146
706.0,0.009845760961724211
707.0,0.009581044167868235
708.0,0.009305083663011124
709.0,0.00900685364028168
710.0,0.008702281787746055
711.0,0.008398520711537946
712.0,0.00808143847609607
713.0,0.0077617401499504145
714.0,0.007447147840920612
715.0,0.007153843208882587
716.0,0.006872284138549916
717.0,0.006592990457278243
718.0,0.006300181979951446
719.0,0.006008076108869919
720.0,0.005736188117011715
721.0,0.005496798530632369
722.0,0.005283760322719944
723.0,0.005072312841918553
724.0,0.004857152307200294
725.0,0.004637821446550035
726.0,0.004421853605123512
727.0,0.004208228307724904
728.0,0.003989680638499829
729.0,0.003767736891156301
730.0,0.003557159339496218
731.0,0.003362835353479772
732.0,0.0031934106712033167
733.0,0.003050585463999052
734.0,0.002930476967580949
735.0,0.0028330129121795283
736.0,0.002757293011723801
737.0,0.0027007027375819696
738.0,0.0026595897208279377
739.0,0.0026248481389156524
740.0,0.0025880399490720374
741.0,0.002563964668263385
742.0,0.0025524021135062158
743.0,0.002536404198208886
744.0,0.0025223593114039678
745.0,0.0025131165746183964
746.0,0.0025057132507374535
747.0,0.002497602167794602
748.0,0.0024831089183390952
749.0,0.0024716625062701095
750.0,0.00246365866756005
751.0,0.0024507874785695415
752.0,0.002441800884697019
753.0,0.002433157871597104
754.0,0.0024226140312238677
755.0,0.0024100237285580926
756.0,0.002403282316105979
757.0,0.0024076673870094866
758.0,0.002423002547023011
759.0,0.0024272794544033796
760.0,0.0024285919096230704
761.0,0.0024273393937119746
762.0,0.00239069646386966
763.0,0.002346090207653791
764.0,0.0023475770581653705
765.0,0.002350380737912689
766.0,0.002344286503273603
767.0,0.0023381470982729003
768.0,0.0023381644359538305
769.0,0.0023445131275806924
770.0,0.0023480856455311994
771.0,0.0023461406801661435
772.0,0.002345698823825251
773.0,0.002351361033169138
774.0,0.0023611249412523044
775.0,0.002372233103485511
776.0,0.002384455046332063
777.0,0.0023907930347691815
778.0,0.0023990088709621177
779.0,0.002410076754975396
780.0,0.0024178671041902486
781.0,0.0024260122869622404
782.0,0.0024335343151643016
783.0,0.002447499320735275
784.0,0.002463001839676034
785.0,0.0024776808408462666
786.0,0.0024968470728860145
787.0,0.00251537364585081
788.0,0.0025189408355096735
789.0,0.0025311250715953646
790.0,0.0025597603303289863
791.0,0.0025828635870374017
792.0,0.002604264688536273
793.0,0.0026245954471104407
794.0,0.0026403497415757853
795.0,0.002654477761825807
796.0,0.002668559165439044
797.0,0.0026907900625222107
798.0,0.002718524162578993
799.0,0.002735313156210846
800.0,0.002746511929536173
801.0,0.002752776512460494
802.0,0.0027594711070553475
803.0,0.002768099738299294
804.0,0.0027803849611775077
805.0,0.0027908338032414026
806.0,0.0027918849684797284
807.0,0.002787465221816988
808.0,0.00278244660110972
809.0,0.0027648260147365134
810.0,0.002750478055500695
811.0,0.0027423175390571654
812.0,0.0027209638571953783
813.0,0.002692613299211909
814.0,0.0026636295725835585
815.0,0.0026284602671141693
816.0,0.0025907060955730793
817.0,0.002560018939373453
818.0,0.0025213362896931535
819.0,0.00246870275342491
820.0,0.0024246326109661994
821.0,0.002383684316585646
822.0,0.002338192295333788
823.0,0.0022654005830100164
824.0,0.002179478164873177
825.0,0.002127034442576431
826.0,0.0020549792827440757
827.0,0.0019585856875333997
828.0,0.0018931504985388744
829.0,0.0018281043950374252
830.0,0.001746479154082688
831.0,0.0016779549241796826
832.0,0.0016149071275286223
833.0,0.0015687754000845654
834.0,0.0015445579470792187
835.0,0.0015287238601086129
836.0,0.0015018143167059026
837.0,0.0014737402383387056
838.0,0.001463393470530451
839.0,0.0014513479776797314
840.0,0.0014331702407968101
841.0,0.0014201079249986884
842.0,0.001404310535286031
843.0,0.0013883011513066649
844.0,0.001381105027075818
845.0,0.0013768696969424052
846.0,0.0013685015520039491
847.0,0.0013518812368737494
848.0,0.0013340388316868998
849.0,0.0013373613720151858
850.0,0.001326622631577062
851.0,0.0012945188379019897
852.0,0.0012913072986365964
853.0,0.0012961888444095165
854.0,0.0012834280297704648
855.0,0.0012560847718340034
856.0,0.001238682144670314
857.0,0.0012522251981516934
858.0,0.0012503462314100145
859.0,0.0012283619933877502
860.0,0.0012195820196069917
861.0,0.0012076540544598158
862.0,0.001198744469422215
863.0,0.0011957116491220158
864.0,0.0011891304911746292
865.0,0.0011719205035114577
866.0,0.0011595151881127438
867.0,0.0011567710575908561
868.0,0.0011403892128793243
869.0,0.001132032581507862
870.0,0.001134239210748609
871.0,0.0011188329360487654
872.0,0.0010920009293784961
873.0,0.0010744285713176725
874.0,0.001068355361470357
875.0,0.0010655858502877477
876.0,0.0010522001002279105
877.0,0.001032488320029471
878.0,0.0010083251769050455
879.0,0.0009990771369117312
880.0,0.0009926445444724604
881.0,0.0009901320307353525
882.0,0.0009797382465245674
883.0,0.0009637128143381508
884.0,0.0009605334914073362
885.0,0.0009597216196029157
886.0,0.0009584593996139837
887.0,0.0009231200147447251
888.0,0.0008992778988930694
889.0,0.0009180344071577694
890.0,0.0009199899321109368
891.0,0.0008945971801457709
892.0,0.0008916475076727797
893.0,0.0008832001321796262
894.0,0.0008642684935549228
895.0,0.0008290106863303427
896.0,0.0008171074826428959
897.0,0.0008147035496276475
898.0,0.000824793883474419
899.0,0.0008142451291649185
