/begin_header
/west_longitude=UNKNOWN
/south_latitude=NA
/north_latitude=UNKNOWN
/calibration_files=NA
/cruise=NA
/station=NA
/documents=NA
/data_type=NA
/affiliations=NOAA
/experiment=NA
/units=nm,dl
/start_date=2019-08-15
/end_date=NA
/missing=9999
/start_time=11:38:34
/data_file_name=NA
/cloud_percent=NA
/water_depth=NA
/data_status=NA
/east_longitude=NA
/wind_speed=NA
/secchi=NA
/measurement_depth=NA
/fields=wavelength,rrs
/delimiter=comma
/contact=NA
/end_time=NA
/wave_height=NA
/investigators=NA
/end_header@
325.0,0.011271752634816922
326.0,0.011328634914511707
327.0,0.011289270702220657
328.0,0.011120349201609
329.0,0.011029701647194103
330.0,0.010990205102470682
331.0,0.0109552546691645
332.0,0.010898701793378415
333.0,0.010871394588013367
334.0,0.010866016603717997
335.0,0.010819572387078808
336.0,0.01074677418322321
337.0,0.010675727768449394
338.0,0.010617951781255386
339.0,0.010602559762444067
340.0,0.010502311257717679
341.0,0.010376604347646276
342.0,0.010321271458892391
343.0,0.010265158408776823
344.0,0.010211704744619668
345.0,0.010180536609459494
346.0,0.010111375763317079
347.0,0.010032851304861532
348.0,0.010008769670638334
349.0,0.009991345550704933
350.0,0.009934768091523946
351.0,0.009891733014012591
352.0,0.00985570942664316
353.0,0.009777184488598078
354.0,0.009717901137980243
355.0,0.009677470674050757
356.0,0.009628600790298127
357.0,0.009593609245275084
358.0,0.009560484840463934
359.0,0.009547606465197499
360.0,0.009518168979350044
361.0,0.009439352023520933
362.0,0.009378161916531924
363.0,0.009344809238414326
364.0,0.009320429344464923
365.0,0.009294225149289643
366.0,0.009253302718421962
367.0,0.009219813629898238
368.0,0.009188468479157833
369.0,0.009158200380149296
370.0,0.009132828893312423
371.0,0.00911422362673257
372.0,0.009086015661209677
373.0,0.009044119229833603
374.0,0.009013007296228087
375.0,0.00898996049480913
376.0,0.008957158687076817
377.0,0.008931330639300423
378.0,0.008900944378232911
379.0,0.00886865708010574
380.0,0.008856132792160538
381.0,0.008837900500317892
382.0,0.008819213174580193
383.0,0.008798361014365628
384.0,0.008783839120805645
385.0,0.00876622468404992
386.0,0.008738029548355135
387.0,0.008714364523543048
388.0,0.008693470243115274
389.0,0.008676576925368627
390.0,0.008668829144399483
391.0,0.008642147424930373
392.0,0.008623067986020696
393.0,0.008618313908584623
394.0,0.008611898956649761
395.0,0.008591839067827577
396.0,0.008565261834365744
397.0,0.008527041222813864
398.0,0.008492567079672754
399.0,0.008471740493324118
400.0,0.00845614246812398
401.0,0.008438600472869113
402.0,0.008424338741268876
403.0,0.008412484660109663
404.0,0.008400703490051991
405.0,0.008392540081912755
406.0,0.008381880506381993
407.0,0.008361122448863745
408.0,0.008345036579015811
409.0,0.00833437515080785
410.0,0.008324138833582535
411.0,0.008314344723462073
412.0,0.00831205319464851
413.0,0.008308012648699464
414.0,0.008293768074243119
415.0,0.00828421272181197
416.0,0.008283215290186012
417.0,0.00828887200458606
418.0,0.008293434969594869
419.0,0.008293413764666208
420.0,0.008291255222174975
421.0,0.008291321866508859
422.0,0.00830287485657549
423.0,0.008313012996515934
424.0,0.00831708214999255
425.0,0.008316844660238685
426.0,0.008327005272138999
427.0,0.008346079394272324
428.0,0.008365190122005504
429.0,0.00837683586830962
430.0,0.008381300895586714
431.0,0.00838944619371071
432.0,0.008394836549994997
433.0,0.00839370132555647
434.0,0.008400315040083978
435.0,0.008415951205887628
436.0,0.008427189740155046
437.0,0.008441687567392112
438.0,0.00846444657503394
439.0,0.008487128731749397
440.0,0.008509225516564833
441.0,0.008538790633525712
442.0,0.008571932667054808
443.0,0.008605749099994859
444.0,0.008644447418446768
445.0,0.008689750802556717
446.0,0.008735719183222971
447.0,0.008782016225407722
448.0,0.008828405093758132
449.0,0.00887758777609289
450.0,0.008926861026784461
451.0,0.008976586340432507
452.0,0.009024772813143438
453.0,0.009071371108846652
454.0,0.00911888211365237
455.0,0.009166849582960766
456.0,0.009214137603486822
457.0,0.009264359911448262
458.0,0.00930727733643039
459.0,0.009343324497961051
460.0,0.009385835770885642
461.0,0.009431846271531059
462.0,0.009471060413954336
463.0,0.009513631116885652
464.0,0.009560537323668935
465.0,0.009606144980355027
466.0,0.009654741149347341
467.0,0.00970734149934566
468.0,0.009755958003691327
469.0,0.00980359145194982
470.0,0.009855096364104306
471.0,0.009905267307689754
472.0,0.009952648526018305
473.0,0.009997276441150917
474.0,0.010037201638309175
475.0,0.010079785047827883
476.0,0.010127679509969742
477.0,0.01017288297879578
478.0,0.010208516879123162
479.0,0.010247012310310919
480.0,0.010289812320633716
481.0,0.010331254869812921
482.0,0.010370024015650642
483.0,0.010409814499628956
484.0,0.010455596585004105
485.0,0.01050362986208372
486.0,0.010550354952910939
487.0,0.01059686664032232
488.0,0.010642942702519535
489.0,0.010675012023336797
490.0,0.010709660351974473
491.0,0.010760250220055622
492.0,0.010813552624411037
493.0,0.010865803315754041
494.0,0.010920364880425571
495.0,0.010981336697160423
496.0,0.011045384472347364
497.0,0.011111905859402403
498.0,0.011182735544890663
499.0,0.011258460388477859
500.0,0.01133929003895302
501.0,0.011422066270755307
502.0,0.011510798443221195
503.0,0.011594179643782492
504.0,0.011670378638979274
505.0,0.011751204191793225
506.0,0.011832847428772764
507.0,0.011909246293300358
508.0,0.011982162325975683
509.0,0.012052106063591033
510.0,0.012113352117946891
511.0,0.012171840177187412
512.0,0.012241171972440115
513.0,0.012319484276879433
514.0,0.012408204886649685
515.0,0.012508982425002858
516.0,0.012616844185338313
517.0,0.012729368099368431
518.0,0.012852055901866607
519.0,0.01297338716387501
520.0,0.013082165569184396
521.0,0.013192670494707681
522.0,0.013306308686300842
523.0,0.013422755715346546
524.0,0.013538440582174993
525.0,0.01365199250778
526.0,0.01376998999395187
527.0,0.013890449161560566
528.0,0.014014198337862046
529.0,0.014126290359851176
530.0,0.014226365279413702
531.0,0.01433256330861695
532.0,0.014440845694762897
533.0,0.014544450229379658
534.0,0.014646296995922339
535.0,0.01474564442260902
536.0,0.014842555839588512
537.0,0.014935695264981388
538.0,0.015024038464092709
539.0,0.015110353022712747
540.0,0.01519499615988788
541.0,0.015271114245209046
542.0,0.015338239632495846
543.0,0.01539712904646714
544.0,0.015453478438931129
545.0,0.015500167557732415
546.0,0.015535593687546794
547.0,0.01556390631762151
548.0,0.015587832802193627
549.0,0.015613921886228139
550.0,0.015641420963222557
551.0,0.01567109427357323
552.0,0.015704711723409835
553.0,0.015743101958881317
554.0,0.015787723775865785
555.0,0.015833026024636744
556.0,0.015877326909534875
557.0,0.01591931705288273
558.0,0.015955123687113125
559.0,0.015981208792589827
560.0,0.01599972110020447
561.0,0.016009059116975664
562.0,0.01601404227942451
563.0,0.016013724678576324
564.0,0.016006778127808048
565.0,0.015990953568405936
566.0,0.015966516890623703
567.0,0.015937085001457248
568.0,0.01589790214906766
569.0,0.015846801249331514
570.0,0.015780505866825556
571.0,0.015707722109462453
572.0,0.015630251259303018
573.0,0.015538409607211761
574.0,0.015430967815053112
575.0,0.015308562521992319
576.0,0.015168628098906614
577.0,0.0150106481620468
578.0,0.014833262944244679
579.0,0.014634700720323463
580.0,0.014416841084781268
581.0,0.014178505442877557
582.0,0.013922844705371973
583.0,0.013662930176024254
584.0,0.013394581694361318
585.0,0.013118798786473127
586.0,0.012845207172541073
587.0,0.01257242396804319
588.0,0.012287967129142523
589.0,0.011995833412034659
590.0,0.011699791647875058
591.0,0.011399450310823156
592.0,0.011102003802418327
593.0,0.010794688568066394
594.0,0.01046922483735295
595.0,0.010120372059623066
596.0,0.009746125724889903
597.0,0.009362025161050213
598.0,0.008979696668447812
599.0,0.008613121494899557
600.0,0.00828595794215678
601.0,0.008018628675590158
602.0,0.007804981955175394
603.0,0.007643532908744857
604.0,0.007531809781195766
605.0,0.007451590958634268
606.0,0.007388322308943049
607.0,0.007335979325897196
608.0,0.00729009876908304
609.0,0.007249409572052277
610.0,0.007207461917237557
611.0,0.00716401298253407
612.0,0.007122190878412321
613.0,0.007080171103219424
614.0,0.0070408182147662065
615.0,0.0069969662822260085
616.0,0.00694912100907819
617.0,0.006904989032662246
618.0,0.00686022862637053
619.0,0.006813696775423437
620.0,0.006769702825890229
621.0,0.006729637650521014
622.0,0.006693061365222979
623.0,0.0066599871365893865
624.0,0.006624457811964413
625.0,0.006580132440277162
626.0,0.006539012272798665
627.0,0.006503880052834046
628.0,0.006470784812572678
629.0,0.006437988205765036
630.0,0.006403351000375705
631.0,0.006369984180513548
632.0,0.006339986702240956
633.0,0.0063122036811054496
634.0,0.006284591739773122
635.0,0.006253862123054316
636.0,0.006217569918102533
637.0,0.006181670304989282
638.0,0.006154596917885372
639.0,0.006127917271444051
640.0,0.006098419195134284
641.0,0.006065585162073972
642.0,0.006026158653558214
643.0,0.005984948447614605
644.0,0.005942937487029816
645.0,0.0059021137120266725
646.0,0.00586339422301232
647.0,0.005820962677450062
648.0,0.005775796273602853
649.0,0.005724658533363307
650.0,0.005668142129116538
651.0,0.005604901896768191
652.0,0.005530588754848327
653.0,0.005447218510664648
654.0,0.005362357396748353
655.0,0.005267410892410293
656.0,0.005156535978832271
657.0,0.005039165286111993
658.0,0.004935094191017537
659.0,0.004852610644916705
660.0,0.004775732351389632
661.0,0.004705271214839352
662.0,0.004644605316164101
663.0,0.0045954326673729624
664.0,0.004558473130919324
665.0,0.004520773158418995
666.0,0.004481561303576444
667.0,0.004450085303240168
668.0,0.0044188448688184095
669.0,0.004388296277279707
670.0,0.004366591383680232
671.0,0.004349427893872833
672.0,0.00432294443868168
673.0,0.004299593079439975
674.0,0.004280600394898408
675.0,0.004269406860146258
676.0,0.0042617252085411445
677.0,0.0042461002778501735
678.0,0.004229917524118847
679.0,0.004216181902236994
680.0,0.004207461224940387
681.0,0.004198919517834624
682.0,0.004187271153578259
683.0,0.004175584669558607
684.0,0.004168468060480407
685.0,0.004164788345792272
686.0,0.004153778681256395
687.0,0.004130031910493497
688.0,0.0040929607157221375
689.0,0.004047328328445758
690.0,0.003996324764452614
691.0,0.003934692078011634
692.0,0.0038669238306318623
693.0,0.0038084954925770693
694.0,0.00374375422068296
695.0,0.0036708506055958324
696.0,0.0036008417123225374
697.0,0.0035274810189008534
698.0,0.0034424614740441077
699.0,0.0033619647032781573
700.0,0.0032883003577636747
701.0,0.003207190610127876
702.0,0.003121703980205314
703.0,0.0030377441239382635
704.0,0.00295680988420582
705.0,0.002870168811242759
706.0,0.002779837214446625
707.0,0.002694706189056156
708.0,0.002615707791291061
709.0,0.0025337044536228896
710.0,0.00244242421131084
711.0,0.0023439963697526505
712.0,0.0022532493951062417
713.0,0.002169988781147751
714.0,0.002078058827615434
715.0,0.001986588551376265
716.0,0.0018979140808387366
717.0,0.0018127763334296106
718.0,0.0017267341642583027
719.0,0.0016495161982763094
720.0,0.0015809404533023038
721.0,0.0015217335105984938
722.0,0.0014664892954810165
723.0,0.0014064823213055272
724.0,0.0013421962288353944
725.0,0.0012770876137340038
726.0,0.0012148722735448128
727.0,0.0011514421951854801
728.0,0.0010964828194021555
729.0,0.0010506042234878106
730.0,0.0009951973989055691
731.0,0.0009405983505432428
732.0,0.0008960983484150927
733.0,0.0008552794508724787
734.0,0.0008191437568733825
735.0,0.0008014575825225342
736.0,0.0007821385616612484
737.0,0.0007602368884045919
738.0,0.000744982978109675
739.0,0.0007348270380470585
740.0,0.0007264227049328146
741.0,0.0007210675668837639
742.0,0.0007164442649151818
743.0,0.0007146278762361633
744.0,0.000713058770136519
745.0,0.0007115532575156746
746.0,0.0007012214300196965
747.0,0.0006927953140151849
748.0,0.0006916509458929571
749.0,0.0006876386398050148
750.0,0.0006809624795400101
751.0,0.0006829960626062775
752.0,0.0006809618654949035
753.0,0.0006714795415003527
754.0,0.0006685516097679693
755.0,0.0006688219421474318
756.0,0.0006612772553503934
757.0,0.000651988695835864
758.0,0.0006419371584401804
759.0,0.0006278295060020443
760.0,0.0006100105148683252
761.0,0.0005989229685809758
762.0,0.00058003322255742
763.0,0.0005725620503276885
764.0,0.000604771416802453
765.0,0.0006180702394525939
766.0,0.0006109272924027862
767.0,0.0006180624677013495
768.0,0.0006228152505841101
769.0,0.0006267142544670386
770.0,0.0006295316221965084
771.0,0.0006299306715015563
772.0,0.0006267631469768057
773.0,0.000621624667635344
774.0,0.0006238246683031133
775.0,0.0006264473654408045
776.0,0.0006265333585885119
777.0,0.0006322947466837145
778.0,0.0006376884053806637
779.0,0.0006397770202516578
780.0,0.0006431426082625737
781.0,0.0006441706082054332
782.0,0.0006430454461437615
783.0,0.0006420503756661318
784.0,0.0006398877649049044
785.0,0.0006349051388127318
786.0,0.000635929603341252
787.0,0.0006446421876449262
788.0,0.000650476762917514
789.0,0.0006492660969170397
790.0,0.0006478114860293568
791.0,0.0006534581862454094
792.0,0.0006641270806479586
793.0,0.0006732954964893243
794.0,0.0006738975804473123
795.0,0.0006704542649876064
796.0,0.0006814442746294157
797.0,0.0006895898596686349
798.0,0.0006892144850206165
799.0,0.0006887734235469597
800.0,0.0006892389890337979
801.0,0.000688725512140312
802.0,0.0006890344707274981
803.0,0.0006908101449685759
804.0,0.0006937417382928197
805.0,0.0006951022460559757
806.0,0.0006941973348095635
807.0,0.0006914343636094079
808.0,0.0006909032791551712
809.0,0.0006900222524880142
810.0,0.000680293698192231
811.0,0.0006649818430626269
812.0,0.0006569013955664184
813.0,0.0006479576066415335
814.0,0.0006378578975833576
815.0,0.0006293949050175877
816.0,0.0006205728811753212
817.0,0.0006150013350353801
818.0,0.0006035410461982245
819.0,0.0005882752399210456
820.0,0.0005810299862637034
821.0,0.0005687990509779172
822.0,0.0005513668108867482
823.0,0.0005286726493966402
824.0,0.000509022583307309
825.0,0.000498325511535833
826.0,0.00048241776548484176
827.0,0.00045652268447968734
828.0,0.000428466815747854
829.0,0.00040575033435449046
830.0,0.00038531420973729485
831.0,0.00037579696844463744
832.0,0.00037465951354542434
833.0,0.0003568331746784736
834.0,0.00034264958169925896
835.0,0.000337295195691639
836.0,0.0003315839260290983
837.0,0.00031754847303770803
838.0,0.00030854288635698854
839.0,0.00030679397897130173
840.0,0.0003129096215403409
841.0,0.0003136282228941413
842.0,0.00030755177206515615
843.0,0.00029464449754890143
844.0,0.00028949453201218003
845.0,0.0002913562724536704
846.0,0.0002835493506251615
847.0,0.0002659326069060326
848.0,0.00025573440650607194
849.0,0.00027332158253816585
850.0,0.00027633617971363874
851.0,0.0002638609496129538
852.0,0.000265819039607565
853.0,0.0002624977133576888
854.0,0.00025151499863551965
855.0,0.00023821584623243616
856.0,0.00022951249457429262
857.0,0.0002478887735086899
858.0,0.00025288343068081504
859.0,0.00023544269786950406
860.0,0.00022536016999503424
861.0,0.00022511032610286036
862.0,0.00022225053323446752
863.0,0.00023042391512387018
864.0,0.00023983576699054829
865.0,0.00021825154840482484
866.0,0.00020228592873223713
867.0,0.00020070686377811567
868.0,0.00021602914921359795
869.0,0.0002140829348986628
870.0,0.00019201556526422667
871.0,0.00018863984937865716
872.0,0.00020414623604714238
873.0,0.00019686403650142243
874.0,0.00018941915326183096
875.0,0.00019210753486440842
876.0,0.0001886327419475666
877.0,0.00017098293566774787
878.0,0.0001518541130258511
879.0,0.0001617582693440169
880.0,0.00017395789025635917
881.0,0.00015262449505055122
882.0,0.000151368347209394
883.0,0.00016995986626727348
884.0,0.00015677957368431813
885.0,0.00013921974073819018
886.0,0.00012121916758821611
887.0,0.00012120404393002608
888.0,0.00012187956548072632
889.0,0.00011599438782439985
890.0,0.00012044609423420721
891.0,0.00012849909775406132
892.0,0.00012614944790560598
893.0,0.00010863106215417491
894.0,7.655294372881487e-05
895.0,7.401923754853965e-05
896.0,8.690060722117875e-05
897.0,9.058985122321484e-05
898.0,7.402889020667334e-05
899.0,5.103329398360562e-05
