/begin_header
/west_longitude=UNKNOWN
/south_latitude=NA
/north_latitude=UNKNOWN
/calibration_files=NA
/cruise=NA
/station=NA
/documents=NA
/data_type=NA
/affiliations=NOAA
/experiment=NA
/units=nm,dl
/start_date=2019-08-12
/end_date=NA
/missing=9999
/start_time=11:28:14
/data_file_name=NA
/cloud_percent=NA
/water_depth=NA
/data_status=NA
/east_longitude=NA
/wind_speed=NA
/secchi=NA
/measurement_depth=NA
/fields=wavelength,rrs
/delimiter=comma
/contact=NA
/end_time=NA
/wave_height=NA
/investigators=NA
/end_header@
325.0,0.013467507523694666
326.0,0.01342572306642884
327.0,0.013370897964825093
328.0,0.013326696551963594
329.0,0.013204678307400911
330.0,0.013164533172025622
331.0,0.0131817595500742
332.0,0.013017074599097659
333.0,0.012839324922861948
334.0,0.012817077651390087
335.0,0.012773241230987739
336.0,0.012666609745193014
337.0,0.012583544706048371
338.0,0.012485418967880706
339.0,0.01241467862653319
340.0,0.012381205981910556
341.0,0.01229404869764692
342.0,0.012208379608709364
343.0,0.012131448293556186
344.0,0.012060841084866759
345.0,0.01200810724582194
346.0,0.011939660103773772
347.0,0.011830257667743534
348.0,0.011744829818131488
349.0,0.01168602575571062
350.0,0.011633863218302874
351.0,0.011574687574563678
352.0,0.011497484772519807
353.0,0.011441413293696178
354.0,0.011374562834475714
355.0,0.011293377217144959
356.0,0.011261977895909159
357.0,0.011225932393329393
358.0,0.01115252779339693
359.0,0.011072995642545056
360.0,0.011002855562462811
361.0,0.01093768114804654
362.0,0.010871741231211365
363.0,0.010815861825620525
364.0,0.010802490450786156
365.0,0.010763731287884036
366.0,0.010679089171058309
367.0,0.010590229701722367
368.0,0.010542329159518275
369.0,0.010539154132817797
370.0,0.010521926417874574
371.0,0.010478303299903392
372.0,0.010395521175505632
373.0,0.010308268078519266
374.0,0.010249964620476117
375.0,0.010212685220183673
376.0,0.010183999271047758
377.0,0.010134465789321033
378.0,0.010105818745536548
379.0,0.010095853727409104
380.0,0.010027316305305659
381.0,0.009960022707491908
382.0,0.009931823984043037
383.0,0.009899474819580163
384.0,0.00985516561600578
385.0,0.009814423249089415
386.0,0.009764889454774984
387.0,0.009711899992433418
388.0,0.009662491340085894
389.0,0.00962041625651174
390.0,0.009587770627647658
391.0,0.009566744522940773
392.0,0.009532464203653637
393.0,0.009474758778480537
394.0,0.009423559840105355
395.0,0.009377786929411994
396.0,0.009313169293382923
397.0,0.009248021923270911
398.0,0.009190411344021519
399.0,0.009130389572198576
400.0,0.009075383951286023
401.0,0.009029008975477596
402.0,0.008994075893570824
403.0,0.008961322684013128
404.0,0.008927713350897589
405.0,0.008894144870760052
406.0,0.008851507547817689
407.0,0.008809224537197189
408.0,0.008763482932542744
409.0,0.008707845042365912
410.0,0.008670429520379466
411.0,0.008646266527676107
412.0,0.008606632041658535
413.0,0.00857460446950166
414.0,0.008552272019053267
415.0,0.00852538012444006
416.0,0.008502097119149203
417.0,0.008491566965439654
418.0,0.008478061280857778
419.0,0.008461572991253429
420.0,0.00844709347624249
421.0,0.008435737274879075
422.0,0.008424599139122895
423.0,0.008424731879996603
424.0,0.008426027974691105
425.0,0.008417338395408185
426.0,0.00841459649374778
427.0,0.008418610719026989
428.0,0.008402249750040518
429.0,0.008391633728566827
430.0,0.008399702456349873
431.0,0.008391975819993895
432.0,0.008374527297805962
433.0,0.008369622768353076
434.0,0.008364468800250211
435.0,0.008359991594083169
436.0,0.00836353795211357
437.0,0.008367204435675051
438.0,0.008370272068717256
439.0,0.00839341996035395
440.0,0.008425372585693874
441.0,0.008447540177240328
442.0,0.008479905728590361
443.0,0.008525423708503612
444.0,0.008569564482333345
445.0,0.008617824710521176
446.0,0.00867736351262006
447.0,0.008739535580628028
448.0,0.008806187976910384
449.0,0.00887370494246275
450.0,0.008937316880466888
451.0,0.00899852020517173
452.0,0.009063851348492509
453.0,0.009127841468889678
454.0,0.009188696689355229
455.0,0.009243924623545816
456.0,0.00929506259391666
457.0,0.00934305189237751
458.0,0.009389161858198878
459.0,0.009433225224130252
460.0,0.009472392827356011
461.0,0.009514235748893174
462.0,0.009566032400113632
463.0,0.009612926287115053
464.0,0.009655710596809624
465.0,0.009707327459677412
466.0,0.009757293745253071
467.0,0.009804983426305047
468.0,0.009858528001229454
469.0,0.00991558014693994
470.0,0.009968501611532638
471.0,0.010023613337340007
472.0,0.010078141460269216
473.0,0.010124230687708308
474.0,0.010174354531334097
475.0,0.010234755488675761
476.0,0.0102921912581008
477.0,0.010348757857857814
478.0,0.010410755461175992
479.0,0.01046883488775155
480.0,0.01052097492035122
481.0,0.010580128067131576
482.0,0.010640512597024199
483.0,0.010693319396915158
484.0,0.010753385763340007
485.0,0.010816103171808386
486.0,0.01087025698577614
487.0,0.010922604567419501
488.0,0.010978083525736615
489.0,0.011035373128938838
490.0,0.011093933840767766
491.0,0.011157437224996571
492.0,0.011224684707430137
493.0,0.011298972059481696
494.0,0.011384816316639193
495.0,0.01147593066207083
496.0,0.01157157932509292
497.0,0.011677414581381908
498.0,0.011794097864336101
499.0,0.011917756771993165
500.0,0.012053787927657251
501.0,0.012201660606530893
502.0,0.012347929859028451
503.0,0.01249963393583578
504.0,0.012663419062082728
505.0,0.012829511670886773
506.0,0.013003545008702374
507.0,0.013192947944358088
508.0,0.013386625474160382
509.0,0.013581258976998634
510.0,0.013776516063031211
511.0,0.013971894598311035
512.0,0.014174756680535994
513.0,0.01438442250109787
514.0,0.01460292800049701
515.0,0.014827936633070967
516.0,0.015063999940903442
517.0,0.015310806225527399
518.0,0.015548081126894408
519.0,0.01577399156548901
520.0,0.015997558638458205
521.0,0.016213600144031247
522.0,0.01642537715478122
523.0,0.016642058547074866
524.0,0.01686327668513232
525.0,0.017084526946289497
526.0,0.017303004791694394
527.0,0.017519236602866965
528.0,0.017726737468272948
529.0,0.017929405754471935
530.0,0.018129610239148768
531.0,0.018325739644746
532.0,0.01852042954968544
533.0,0.01871938572455803
534.0,0.018911821879848044
535.0,0.019094322712943396
536.0,0.019274554056907887
537.0,0.019450922519559526
538.0,0.019624517686638955
539.0,0.01979635643736193
540.0,0.01996239675992971
541.0,0.020117450734761046
542.0,0.020272735835469666
543.0,0.020427429488929234
544.0,0.020574033703359924
545.0,0.02071756028671603
546.0,0.02085710566142419
547.0,0.020989065801289262
548.0,0.02111689270331778
549.0,0.02124346064673096
550.0,0.02136800869493961
551.0,0.021491891369070516
552.0,0.021616620670107205
553.0,0.021743726440573617
554.0,0.021871294772715377
555.0,0.02199422684762522
556.0,0.02211088382673395
557.0,0.02222643971960849
558.0,0.022333807970429075
559.0,0.022428302026042412
560.0,0.02251250899544794
561.0,0.02258588221790169
562.0,0.02265285642534562
563.0,0.022705000885762532
564.0,0.022742390804557255
565.0,0.022777062484362932
566.0,0.02280127358772947
567.0,0.022809629437639433
568.0,0.022805209265011984
569.0,0.022789897125658994
570.0,0.022766192769186726
571.0,0.02273398536636415
572.0,0.022695365816747606
573.0,0.02264797440748426
574.0,0.02259186396480258
575.0,0.022526125881443395
576.0,0.022448281508013056
577.0,0.022359177610524045
578.0,0.022257315238259336
579.0,0.022142839737929302
580.0,0.022018306113382936
581.0,0.02188608750725156
582.0,0.02174131198292534
583.0,0.021577724322073253
584.0,0.02140188920753287
585.0,0.021214668403124824
586.0,0.02101910545394865
587.0,0.02081558039717034
588.0,0.020597735444167868
589.0,0.02036537285574988
590.0,0.020124787090022404
591.0,0.019891686123822288
592.0,0.01965662857897959
593.0,0.019406470067475978
594.0,0.01913381693995762
595.0,0.018826984699156522
596.0,0.0184772670904229
597.0,0.018101610331590818
598.0,0.017709087000480662
599.0,0.017309330793325518
600.0,0.01693214444225515
601.0,0.01660219595130038
602.0,0.0163275762256387
603.0,0.016110351541490327
604.0,0.015949767439973745
605.0,0.0158187441969111
606.0,0.01569836211967473
607.0,0.015592767571059832
608.0,0.015494501388630049
609.0,0.015389396415017301
610.0,0.015288031810924332
611.0,0.015190000611572241
612.0,0.015082826425956236
613.0,0.01497802874122656
614.0,0.014881692606706284
615.0,0.014781136466521632
616.0,0.014679013998325871
617.0,0.014586196412117105
618.0,0.014496641142998886
619.0,0.014413008388644021
620.0,0.014341499211017497
621.0,0.014275707378790728
622.0,0.01421239987400133
623.0,0.014155175536189104
624.0,0.014103941511602519
625.0,0.014053695642041019
626.0,0.014004792604550523
627.0,0.01396365026483469
628.0,0.013930523158186398
629.0,0.01390406547536302
630.0,0.013883236995512738
631.0,0.013865745957119369
632.0,0.013853337630301017
633.0,0.013853042596354137
634.0,0.013855115929617417
635.0,0.013851149811464783
636.0,0.013845389362724198
637.0,0.01383881453551077
638.0,0.013842738805514709
639.0,0.013848386981645491
640.0,0.013848228746421703
641.0,0.01383875147053729
642.0,0.013826141291713372
643.0,0.013812494163871017
644.0,0.013784359855427758
645.0,0.013742191723944197
646.0,0.013698398448696025
647.0,0.013652732603698389
648.0,0.013601278086862973
649.0,0.013543502072682494
650.0,0.013467352093419909
651.0,0.013363675888037895
652.0,0.013249373637011544
653.0,0.013122731670180552
654.0,0.012973485350535812
655.0,0.01277268002539709
656.0,0.012505443175082263
657.0,0.012202856016459368
658.0,0.011905855257271475
659.0,0.011628134805929346
660.0,0.01136010636840403
661.0,0.011102015541364316
662.0,0.010869313993376858
663.0,0.01064879491882879
664.0,0.010433614104315887
665.0,0.010235512438207767
666.0,0.01006080141537262
667.0,0.00990701159493344
668.0,0.009780507246926036
669.0,0.009688243700443189
670.0,0.009612926573090555
671.0,0.009552107846529462
672.0,0.009511036878947433
673.0,0.00948742242177979
674.0,0.009480659271257536
675.0,0.009481922019652034
676.0,0.009494450604076797
677.0,0.009529148723597681
678.0,0.009584149111605829
679.0,0.009661437260141922
680.0,0.009756835889948731
681.0,0.009877091945671842
682.0,0.010029153714789251
683.0,0.010198715259000787
684.0,0.010404277384275103
685.0,0.010675053685940041
686.0,0.01097985793215682
687.0,0.011281732958510819
688.0,0.011470010615368523
689.0,0.011598887214092524
690.0,0.01173173277419965
691.0,0.011853354500936605
692.0,0.011962910886690523
693.0,0.012064055233698627
694.0,0.012134733473526152
695.0,0.012161226012815513
696.0,0.012147497698716203
697.0,0.012104035263006142
698.0,0.012036557615879242
699.0,0.011935395885845341
700.0,0.011800636643109623
701.0,0.011640240395846648
702.0,0.011453316258398608
703.0,0.011237477806922228
704.0,0.011003485802696914
705.0,0.010752739242534037
706.0,0.010490695141275468
707.0,0.01021678894722183
708.0,0.009928785041804404
709.0,0.009618877538918316
710.0,0.009296386804705459
711.0,0.00896866597766564
712.0,0.008626181524647374
713.0,0.008285573351135628
714.0,0.007962917228113587
715.0,0.00765224977752507
716.0,0.007338273851336616
717.0,0.007046759451177912
718.0,0.006744192992029839
719.0,0.006425407865662994
720.0,0.006121248441468787
721.0,0.0058582652598801015
722.0,0.005634314632181832
723.0,0.005413211528924852
724.0,0.005177669110131815
725.0,0.004939815979058006
726.0,0.0047132340643347434
727.0,0.0044950114817761955
728.0,0.004264581746524739
729.0,0.0040221470984172294
730.0,0.0038011558589761763
731.0,0.0035944111937544444
732.0,0.0034067653227506196
733.0,0.00325678677790244
734.0,0.0031323528077583157
735.0,0.003028513955537557
736.0,0.002945612323303798
737.0,0.0028837863166570254
738.0,0.0028319008826988338
739.0,0.002795897883329357
740.0,0.0027776752464302593
741.0,0.0027597562450326226
742.0,0.002738747663590934
743.0,0.0027270679184364603
744.0,0.002708647286516868
745.0,0.002684510552359732
746.0,0.002675520651204073
747.0,0.002667772599553313
748.0,0.0026527415706456463
749.0,0.0026430591830922967
750.0,0.002639174511259392
751.0,0.0026267675357552673
752.0,0.0026123613888689506
753.0,0.002600415277038432
754.0,0.0025926461461728495
755.0,0.002586154477896749
756.0,0.002578920169667984
757.0,0.002577751163183125
758.0,0.0025843205476045908
759.0,0.002600288649491303
760.0,0.00261035055952708
761.0,0.0025821752430828446
762.0,0.0025441523747100005
763.0,0.002512590540263899
764.0,0.002497756022601722
765.0,0.0024976283070746366
766.0,0.0025066610082311288
767.0,0.002503524877516464
768.0,0.002498279125819379
769.0,0.0025091586715522063
770.0,0.002516419462436476
771.0,0.002518239903249112
772.0,0.002522242944044855
773.0,0.0025249964804704376
774.0,0.0025284877840572057
775.0,0.002535590472123337
776.0,0.002543910203865833
777.0,0.002549657365820511
778.0,0.002562188006453304
779.0,0.002578101305007766
780.0,0.0025849499900162374
781.0,0.002595720835037307
782.0,0.0026107172075502338
783.0,0.0026265441148992127
784.0,0.002638714201650853
785.0,0.002649312210634018
786.0,0.002659718189739487
787.0,0.0026715976086685456
788.0,0.0026904345022829594
789.0,0.002715752416696276
790.0,0.002737583022613988
791.0,0.0027563660230156373
792.0,0.0027721457614302983
793.0,0.0027938497150766487
794.0,0.0028228240326595893
795.0,0.0028515430137711823
796.0,0.002870440499732199
797.0,0.0028809843953492825
798.0,0.0028887871870669365
799.0,0.002906054003536452
800.0,0.002931509853006371
801.0,0.0029544016305542995
802.0,0.002964327152832467
803.0,0.0029611677501166474
804.0,0.002971258732231736
805.0,0.0029810288724574623
806.0,0.0029819513552019113
807.0,0.002986786085798231
808.0,0.002985481559362607
809.0,0.0029723673398165244
810.0,0.0029589576639370866
811.0,0.0029469840186757044
812.0,0.002917074563137857
813.0,0.0028800481617903746
814.0,0.0028524167636516337
815.0,0.002820180471439243
816.0,0.002788652048969521
817.0,0.002749766458107813
818.0,0.002705602437757605
819.0,0.0026632725776388525
820.0,0.00262787318873533
821.0,0.0025788774044034016
822.0,0.002500042864137722
823.0,0.002429788423501897
824.0,0.0023578823575090458
825.0,0.002283381053654631
826.0,0.002199166276856452
827.0,0.0021031757123073
828.0,0.0020283297064632782
829.0,0.001961020536222963
830.0,0.0018841334024005097
831.0,0.0018101876511842092
832.0,0.0017476571957328112
833.0,0.0016986911450378637
834.0,0.0016619906031364027
835.0,0.0016429584420954515
836.0,0.0016300126779494324
837.0,0.0016147773567037563
838.0,0.0015869840364995391
839.0,0.0015576742293791543
840.0,0.0015295616491255363
841.0,0.0015235879504026202
842.0,0.0015220747659204941
843.0,0.0015115845483395932
844.0,0.0014975616756160667
845.0,0.0014888201078386407
846.0,0.0014872652150515898
847.0,0.0014727240215647104
848.0,0.00145329406061903
849.0,0.0014347343990469043
850.0,0.0014155924965362592
851.0,0.0014007695891582466
852.0,0.0014028850162516985
853.0,0.0013965674584517761
854.0,0.0013759671070355279
855.0,0.001370476128962201
856.0,0.0013683684463252203
857.0,0.001342877901250743
858.0,0.0013356501938467527
859.0,0.0013494207397626652
860.0,0.0013361260610267986
861.0,0.001319922139571532
862.0,0.0013090984788224351
863.0,0.0012844661755627624
864.0,0.0012612915801539781
865.0,0.001268264728780058
866.0,0.0012802593791884896
867.0,0.0012804577228234437
868.0,0.0012556464973112926
869.0,0.0012200111053038312
870.0,0.001208012654900185
871.0,0.0012145061989576162
872.0,0.0012147750604541148
873.0,0.0011991480509518505
874.0,0.001176606937451009
875.0,0.0011553267834324352
876.0,0.0011576295675923766
877.0,0.0011544668470185634
878.0,0.0011245126275904297
879.0,0.00110035532533884
880.0,0.0010949587039837784
881.0,0.0010962454575390262
882.0,0.0010906485349848935
883.0,0.0010756851340338227
884.0,0.0010777573237554705
885.0,0.001066741041043276
886.0,0.001025275011471332
887.0,0.0010195390965203565
888.0,0.00101978169580704
889.0,0.0009934313961386674
890.0,0.0009715505884472031
891.0,0.0009554076715209301
892.0,0.0009559158175654819
893.0,0.0009546034901873517
894.0,0.000937200459021057
895.0,0.0009052948331606494
896.0,0.0009045441987915193
897.0,0.0009336984330045308
898.0,0.0009066632613666922
899.0,0.0008558723038189209
