/begin_header
/west_longitude=UNKNOWN
/south_latitude=NA
/north_latitude=UNKNOWN
/calibration_files=NA
/cruise=NA
/station=NA
/documents=NA
/data_type=NA
/affiliations=NOAA
/experiment=NA
/units=nm,dl
/start_date=2019-10-08
/end_date=NA
/missing=9999
/start_time=12:44:28
/data_file_name=NA
/cloud_percent=NA
/water_depth=NA
/data_status=NA
/east_longitude=NA
/wind_speed=NA
/secchi=NA
/measurement_depth=NA
/fields=wavelength,rrs
/delimiter=comma
/contact=NA
/end_time=NA
/wave_height=NA
/investigators=NA
/end_header@
325.0,0.008949118273151063
326.0,0.008713489743177132
327.0,0.008484430036245888
328.0,0.008425989023998073
329.0,0.008459011668498816
330.0,0.008411928829923488
331.0,0.008196234060837035
332.0,0.008262873529787631
333.0,0.008412884274253307
334.0,0.008294090512582378
335.0,0.008241077620441285
336.0,0.008251717294302607
337.0,0.008131636644200708
338.0,0.008041157126409107
339.0,0.008049021607928744
340.0,0.008054705038824172
341.0,0.008078836136440355
342.0,0.008094435124775496
343.0,0.008052964514229518
344.0,0.007988595413058621
345.0,0.008010824576765423
346.0,0.00803891326763043
347.0,0.00801490698187944
348.0,0.008002782178223566
349.0,0.007986166726650302
350.0,0.007993779040118717
351.0,0.007996913537949091
352.0,0.0079872768446806
353.0,0.007968669162063517
354.0,0.00793740639641389
355.0,0.007906475360475269
356.0,0.007910097477108304
357.0,0.007914270941975218
358.0,0.007874506499790858
359.0,0.007883566375256914
360.0,0.007905280819419018
361.0,0.007872851582008827
362.0,0.007821569006225226
363.0,0.007776766943085061
364.0,0.007794470141606022
365.0,0.007814693674335429
366.0,0.007794889021975758
367.0,0.007764319342323929
368.0,0.0077518085209615575
369.0,0.007757700791565898
370.0,0.007737731863952942
371.0,0.007693964342688366
372.0,0.007684789443816899
373.0,0.0076829218098697595
374.0,0.007644586322931242
375.0,0.007591207703990853
376.0,0.007563397131267652
377.0,0.007586543417751409
378.0,0.007581687522801711
379.0,0.007542967974659372
380.0,0.007545506229129445
381.0,0.007540892778844022
382.0,0.0075149519142066
383.0,0.007494355934801895
384.0,0.007487636299208953
385.0,0.007466619573249475
386.0,0.007439538191479493
387.0,0.007421066619665943
388.0,0.007445878535354207
389.0,0.007434262175526686
390.0,0.007378602487418909
391.0,0.007369811437164133
392.0,0.007390738503708553
393.0,0.0073783877793214365
394.0,0.007333937049055458
395.0,0.007282585944279869
396.0,0.007277100706503751
397.0,0.007271183384582253
398.0,0.007238273392913471
399.0,0.0072093958716807184
400.0,0.007181315389489178
401.0,0.007144119314767751
402.0,0.007119903774899937
403.0,0.007102576834315229
404.0,0.007066284367825397
405.0,0.007038246089302961
406.0,0.0070252335786242116
407.0,0.00699724733879956
408.0,0.0069695215348648
409.0,0.006941510012068812
410.0,0.006912146518357159
411.0,0.0068900615816910715
412.0,0.006863428267347341
413.0,0.006850352186689811
414.0,0.006852880572400295
415.0,0.006856099346243568
416.0,0.006857472317779832
417.0,0.006851263678622795
418.0,0.006847940180956491
419.0,0.006848302652014878
420.0,0.006851377971620864
421.0,0.006858220753563654
422.0,0.006862422573545459
423.0,0.006865913156992601
424.0,0.006870401308383571
425.0,0.006881251240949239
426.0,0.00688747705979154
427.0,0.006885119820525888
428.0,0.00688653648945785
429.0,0.006890310874435023
430.0,0.006891448573298915
431.0,0.0069027954287624455
432.0,0.00691080336225957
433.0,0.006895541306879946
434.0,0.006885547056226733
435.0,0.0068904540845814545
436.0,0.006911809881277743
437.0,0.00692965050407471
438.0,0.006940193311187531
439.0,0.006973793697151259
440.0,0.00701937319436483
441.0,0.007056565828539148
442.0,0.007107856458215198
443.0,0.007175185186874757
444.0,0.007228946942736794
445.0,0.0072928306012617185
446.0,0.007381449908322869
447.0,0.007463129458244391
448.0,0.0075345718990160685
449.0,0.007614859703694928
450.0,0.007696145902460719
451.0,0.007777122552966953
452.0,0.007860109129145282
453.0,0.007938526101334666
454.0,0.008017720753931768
455.0,0.008086319147788337
456.0,0.008145927924149744
457.0,0.008199327942169788
458.0,0.008251684636651723
459.0,0.008313688262650698
460.0,0.008368075582835028
461.0,0.008419753982317608
462.0,0.008469906875233576
463.0,0.0085209997431538
464.0,0.00857922787797936
465.0,0.008643712920381245
466.0,0.008707093342599458
467.0,0.008766114373445249
468.0,0.00883579803463337
469.0,0.008910296462821047
470.0,0.008982888539975264
471.0,0.00906131073376746
472.0,0.00914693883912895
473.0,0.009227510470028259
474.0,0.009304323318329354
475.0,0.00938789100746813
476.0,0.009471631935609907
477.0,0.009550761191632614
478.0,0.009616842039573262
479.0,0.0096809604188071
480.0,0.009748202188548535
481.0,0.009810192645354697
482.0,0.009866010650603493
483.0,0.00991705928463594
484.0,0.00998103587428038
485.0,0.010045459588573688
486.0,0.010084265706312793
487.0,0.010124373170981815
488.0,0.01017525023046825
489.0,0.01021105416608326
490.0,0.010248296902875504
491.0,0.010311393909046559
492.0,0.010375100520591438
493.0,0.010437842823130252
494.0,0.010508438973042683
495.0,0.010593324030671482
496.0,0.010687940301990169
497.0,0.010792049118469113
498.0,0.01090973995802009
499.0,0.011046580459195644
500.0,0.011192628131479743
501.0,0.011345183554940626
502.0,0.011505808050246496
503.0,0.011680993715978697
504.0,0.011867142967564064
505.0,0.012057183380284529
506.0,0.012254286066701817
507.0,0.012466098011658025
508.0,0.012678373412778391
509.0,0.012889952820112011
510.0,0.0131201165604519
511.0,0.01335763008983477
512.0,0.013593711906390546
513.0,0.013841612650537414
514.0,0.0141010783985033
515.0,0.014366512024205746
516.0,0.014644356669557154
517.0,0.01493211145938558
518.0,0.015208758391398352
519.0,0.015474938460407858
520.0,0.015731848454782784
521.0,0.015982490391970382
522.0,0.016231025654787744
523.0,0.01648194231804976
524.0,0.016728033594197198
525.0,0.016960013754023513
526.0,0.017198681481074524
527.0,0.017442611941532224
528.0,0.017665823089890186
529.0,0.017877697841921916
530.0,0.01808436666717205
531.0,0.01829283337666574
532.0,0.018498905052547962
533.0,0.018700369532684502
534.0,0.01890772952208263
535.0,0.019110827815469446
536.0,0.019293145138872255
537.0,0.019476042873579943
538.0,0.019663835430574837
539.0,0.019849803707492442
540.0,0.020034082625078553
541.0,0.02021312322941317
542.0,0.0203845741372028
543.0,0.02054730972763389
544.0,0.020705692433632183
545.0,0.02085939927323099
546.0,0.021009573103245683
547.0,0.02116383040189838
548.0,0.02131673402471282
549.0,0.02146100756861356
550.0,0.02159878977175912
551.0,0.02173407573357788
552.0,0.02187908737442462
553.0,0.022021704873020343
554.0,0.022151500438331962
555.0,0.022279417352284996
556.0,0.0224042095093851
557.0,0.022510817080007593
558.0,0.022608385442330646
559.0,0.022698856456888048
560.0,0.022778792467175277
561.0,0.022846859709042107
562.0,0.02290435899406218
563.0,0.022950061537569105
564.0,0.022984431103997578
565.0,0.02301122123236297
566.0,0.023026966031993196
567.0,0.02303309208925245
568.0,0.023031056782845432
569.0,0.023019074438067437
570.0,0.02298590030801882
571.0,0.022944842115085143
572.0,0.02290272346220378
573.0,0.02285545553610913
574.0,0.022797019201450185
575.0,0.022730234860427547
576.0,0.022651071379708128
577.0,0.022559174336369316
578.0,0.022447535144826874
579.0,0.02232652502917041
580.0,0.022200315375750887
581.0,0.02205242341667517
582.0,0.02189089860983068
583.0,0.021734286982572452
584.0,0.02156946990967159
585.0,0.02139814264274717
586.0,0.02122671282308327
587.0,0.021056738453324262
588.0,0.020883515696859884
589.0,0.020697045609765846
590.0,0.020498068239880776
591.0,0.0202942879146446
592.0,0.020088827208454015
593.0,0.019868991832260128
594.0,0.019620871550611797
595.0,0.019335250761999205
596.0,0.0190115166487737
597.0,0.01864168554886935
598.0,0.01823512737440216
599.0,0.01782757267334674
600.0,0.017438347451429186
601.0,0.017092063043403362
602.0,0.016789449073690555
603.0,0.01653986483492791
604.0,0.016347375433866503
605.0,0.01617882200638937
606.0,0.01601964633794217
607.0,0.015876525138690346
608.0,0.01573781989966486
609.0,0.015595651302545593
610.0,0.015455245748531538
611.0,0.015317193767935375
612.0,0.015172032607557553
613.0,0.015029762806133723
614.0,0.014902127803461332
615.0,0.01477741666884209
616.0,0.014654375477287934
617.0,0.014537991018673707
618.0,0.014427702946214307
619.0,0.01432539905532013
620.0,0.014242012094582613
621.0,0.014175448194509766
622.0,0.014113168946935586
623.0,0.014052656708840363
624.0,0.013992309091912888
625.0,0.01394195929607434
626.0,0.013894549473694687
627.0,0.013841710888050803
628.0,0.013791721368160448
629.0,0.013743807315166275
630.0,0.01369551009400059
631.0,0.013653657230398453
632.0,0.013615778078622793
633.0,0.01358034769093706
634.0,0.013554900222917549
635.0,0.013543460625531559
636.0,0.01352412342818638
637.0,0.013502472338709218
638.0,0.013489724067889652
639.0,0.013477660152638992
640.0,0.013458779453258771
641.0,0.013426391904084192
642.0,0.013386974739204296
643.0,0.013331681523743675
644.0,0.01326758033921346
645.0,0.01319528214994157
646.0,0.013105271283379155
647.0,0.01300183954519847
648.0,0.012877153376574666
649.0,0.012728292556027986
650.0,0.012560297406599951
651.0,0.012358446789342399
652.0,0.012131283664056915
653.0,0.011884844662236474
654.0,0.011626201417979432
655.0,0.011322625563027919
656.0,0.010964892690992883
657.0,0.010571256132162806
658.0,0.010191210849758823
659.0,0.00984194029071762
660.0,0.009519121581283426
661.0,0.009220812455351567
662.0,0.008940549489794291
663.0,0.008687821426861465
664.0,0.008479465985528439
665.0,0.008304266006628326
666.0,0.008159722574318507
667.0,0.008049897770792586
668.0,0.007985922892538314
669.0,0.007965257479575803
670.0,0.007988806174321081
671.0,0.008047280579122079
672.0,0.008112549661304477
673.0,0.008209665057726731
674.0,0.008338101348210353
675.0,0.008466085720957058
676.0,0.008606797010217894
677.0,0.008763363983016866
678.0,0.008936667647176506
679.0,0.009127199348998022
680.0,0.009324492680183188
681.0,0.009538566318788133
682.0,0.009778311833605044
683.0,0.010011401220684227
684.0,0.010293208217156445
685.0,0.010711509548775408
686.0,0.011190978810571184
687.0,0.011645104974581152
688.0,0.01183038965721047
689.0,0.011908722801784297
690.0,0.012029929775824563
691.0,0.012164412409696058
692.0,0.012311696941406937
693.0,0.012469644947153588
694.0,0.012602013857500791
695.0,0.012692343682219304
696.0,0.012763232319295473
697.0,0.012814204472591462
698.0,0.01284756719707203
699.0,0.01283919077107396
700.0,0.012786554406958833
701.0,0.012706334321183657
702.0,0.012573571568559446
703.0,0.012391937342625527
704.0,0.012201291130301368
705.0,0.011990291481857382
706.0,0.011750104662123274
707.0,0.011490137125672205
708.0,0.011213827026163978
709.0,0.010912073302718718
710.0,0.010590117708340497
711.0,0.010246099109853541
712.0,0.00988507318212287
713.0,0.009525949565134048
714.0,0.009184309390801244
715.0,0.008868004258082148
716.0,0.00856218929420921
717.0,0.008269009940628876
718.0,0.007947721530919261
719.0,0.00759523802409008
720.0,0.007232523388921672
721.0,0.006900076834588832
722.0,0.006638532736437071
723.0,0.006385506640423234
724.0,0.006110160591258416
725.0,0.005831512543195882
726.0,0.005563383597882077
727.0,0.005299616295485978
728.0,0.005018919539221316
729.0,0.0047247793699107515
730.0,0.004450920801551237
731.0,0.004195103729600786
732.0,0.003969076702612356
733.0,0.003767367939687219
734.0,0.003596411991683403
735.0,0.003469427268424991
736.0,0.0033746954813310497
737.0,0.0033009805158020233
738.0,0.003237104058055942
739.0,0.0031844487560031267
740.0,0.0031438269583616853
741.0,0.0031145123959055456
742.0,0.003091258886204886
743.0,0.003060452819996488
744.0,0.0030376426607155228
745.0,0.0030236697383763836
746.0,0.0030030510056264963
747.0,0.002982454974714587
748.0,0.0029657199076678605
749.0,0.0029497632553888314
750.0,0.002933256027318492
751.0,0.002919680099359455
752.0,0.0029018109866995887
753.0,0.0028786254257980527
754.0,0.0028668602324963518
755.0,0.00286441410584356
756.0,0.0028555474917614067
757.0,0.0028640078118068015
758.0,0.0028963409874165763
759.0,0.0029482042163807625
760.0,0.0030197991392236514
761.0,0.0030324299103514775
762.0,0.002994495571721808
763.0,0.002926987398409745
764.0,0.002858242653712362
765.0,0.0028044281672572717
766.0,0.002766098838874274
767.0,0.0027426023935482437
768.0,0.0027303649053147085
769.0,0.0027303118361837546
770.0,0.002732516992238062
771.0,0.002736186389481101
772.0,0.002735068928677911
773.0,0.0027333372360408225
774.0,0.0027365857022896593
775.0,0.0027375283254976335
776.0,0.002739791648853111
777.0,0.002752675225245684
778.0,0.0027605093560920477
779.0,0.0027670337546807566
780.0,0.002786472301837319
781.0,0.002802780145809863
782.0,0.0028162464819261727
783.0,0.0028284123280951728
784.0,0.0028464863292974674
785.0,0.0028696628231803284
786.0,0.0028968267091748173
787.0,0.0029233888742077998
788.0,0.002935462255108903
789.0,0.002955688220178546
790.0,0.0029908773524463766
791.0,0.003012575087859958
792.0,0.0030198918673457744
793.0,0.0030276166747023187
794.0,0.00305775937205935
795.0,0.003100942291992493
796.0,0.003115323844896112
797.0,0.0031333556029987065
798.0,0.0031690626249079945
799.0,0.0031993288620745805
800.0,0.00321445910759861
801.0,0.003233661207537433
802.0,0.003245925691969002
803.0,0.0032509205610480665
804.0,0.00326953574892696
805.0,0.0032829238460292814
806.0,0.0032801583230415423
807.0,0.0032683621214668196
808.0,0.0032598700992753056
809.0,0.003271461399766516
810.0,0.003268830092600497
811.0,0.0032438015336256785
812.0,0.0032192553891166645
813.0,0.0032021657706808536
814.0,0.003182508384289718
815.0,0.0031482950703968144
816.0,0.003105380923969436
817.0,0.0030706761017348727
818.0,0.0030274986529410662
819.0,0.0029768031130822372
820.0,0.002902715526927799
821.0,0.0028271427442097393
822.0,0.002766405178407883
823.0,0.0026883140334564145
824.0,0.0025874995501550995
825.0,0.002506722879131195
826.0,0.002415700780914682
827.0,0.0023058852876211735
828.0,0.002208962543485092
829.0,0.002118029769734652
830.0,0.002023507204276297
831.0,0.0019354095947410656
832.0,0.0018663267005011694
833.0,0.001821048360728551
834.0,0.0017905621066450477
835.0,0.0017727580087621663
836.0,0.0017296892406569557
837.0,0.0016875920448229573
838.0,0.0016916703341056955
839.0,0.0016728192522579629
840.0,0.0016377747668524564
841.0,0.0016216585112916557
842.0,0.0016036135031440742
843.0,0.0015725746795423874
844.0,0.0015609630792098937
845.0,0.0015505400057232621
846.0,0.0015291998749003984
847.0,0.0015229459485900118
848.0,0.0015314334397701006
849.0,0.001519341634141334
850.0,0.0014911248709079976
851.0,0.001463076062532887
852.0,0.0014762352804957351
853.0,0.001481942973838553
854.0,0.0014564641262490743
855.0,0.0014262092949565912
856.0,0.0014082976399089127
857.0,0.001371614587653018
858.0,0.0013603122480074083
859.0,0.0013711628610661585
860.0,0.0013560293048262594
861.0,0.0013496092119732576
862.0,0.0013584697589995478
863.0,0.0013448968507933892
864.0,0.0013140797350875912
865.0,0.00128140410689353
866.0,0.0012740995521244186
867.0,0.0012961603853858022
868.0,0.0012884375575662747
869.0,0.0012520771511474054
870.0,0.0012349835526039442
871.0,0.0012245365702765818
872.0,0.0012204597497712884
873.0,0.0012202065839562342
874.0,0.0012026809830760874
875.0,0.0011720329012360193
876.0,0.0011593250038592997
877.0,0.0011497817599380393
878.0,0.0011295616622044409
879.0,0.001130837932557178
880.0,0.0011295445588222672
881.0,0.001099173138396799
882.0,0.001083708276949163
883.0,0.0010766399531605892
884.0,0.001032408560209599
885.0,0.0010295923570200019
886.0,0.0010771086529787158
887.0,0.001054186057809086
888.0,0.000998728051788541
889.0,0.0010164521405459188
890.0,0.0010312660287738282
891.0,0.001010572891303044
892.0,0.000970892958344928
893.0,0.000950402130926907
894.0,0.0009543040599661959
895.0,0.0009484275204697113
896.0,0.0009167720757787023
897.0,0.0008574762715997303
898.0,0.0008541198484030895
899.0,0.0008793505720342043
