/begin_header
/west_longitude=UNKNOWN
/south_latitude=NA
/north_latitude=UNKNOWN
/calibration_files=NA
/cruise=NA
/station=NA
/documents=NA
/data_type=NA
/affiliations=NOAA
/experiment=NA
/units=nm,dl
/start_date=2019-08-12
/end_date=NA
/missing=9999
/start_time=10:46:33
/data_file_name=NA
/cloud_percent=NA
/water_depth=NA
/data_status=NA
/east_longitude=NA
/wind_speed=NA
/secchi=NA
/measurement_depth=NA
/fields=wavelength,rrs
/delimiter=comma
/contact=NA
/end_time=NA
/wave_height=NA
/investigators=NA
/end_header@
325.0,0.017426630389983554
326.0,0.017363287263518285
327.0,0.01730233693671457
328.0,0.017260112766176318
329.0,0.017242568819808936
330.0,0.01722962826830839
331.0,0.017208687993324652
332.0,0.017116345374624847
333.0,0.0169797070567585
334.0,0.01699842113645544
335.0,0.01684933174924689
336.0,0.016580044036674943
337.0,0.016463794048580803
338.0,0.016342118716388392
339.0,0.01615877035343587
340.0,0.01601949636930935
341.0,0.01594462807911489
342.0,0.015820684834226224
343.0,0.015696457253197633
344.0,0.015556668933343228
345.0,0.015469194690219571
346.0,0.01539435482066035
347.0,0.01527865059649031
348.0,0.01518682485599879
349.0,0.015070020631799418
350.0,0.014949848128932916
351.0,0.014830963315839931
352.0,0.014729926727859697
353.0,0.014676351635151325
354.0,0.014587554793227103
355.0,0.014439483638940437
356.0,0.014319378666602234
357.0,0.014241328611986816
358.0,0.014185199646883714
359.0,0.014122495080495661
360.0,0.014023653664539998
361.0,0.013966187790077179
362.0,0.013849322409425028
363.0,0.01370746097591467
364.0,0.013659353259051469
365.0,0.013587447790375712
366.0,0.013461614955658027
367.0,0.01336403328058736
368.0,0.013295651331091096
369.0,0.013234330932151955
370.0,0.013175159582474788
371.0,0.013089660556750407
372.0,0.012969782077340513
373.0,0.0128914895474628
374.0,0.012845701128250656
375.0,0.01276284487522339
376.0,0.012660884237953094
377.0,0.01256019726853308
378.0,0.012500537209898951
379.0,0.012459829246944923
380.0,0.012335698828040887
381.0,0.012191319330948133
382.0,0.012092093662148917
383.0,0.012056415450573836
384.0,0.012033991852194103
385.0,0.011974380177906028
386.0,0.01185918935673281
387.0,0.011709395993765827
388.0,0.011649053248337713
389.0,0.01162283118604059
390.0,0.011571519983829687
391.0,0.011473715389953296
392.0,0.011394633505463419
393.0,0.011365652970290935
394.0,0.011276592026799977
395.0,0.011132298684483514
396.0,0.011025281348429696
397.0,0.010930661028480919
398.0,0.010826131414666025
399.0,0.010727757023749809
400.0,0.010661598464758235
401.0,0.010594000551013656
402.0,0.010508958434482834
403.0,0.010424951972362434
404.0,0.010374660670978666
405.0,0.010318515359946668
406.0,0.010241584210894696
407.0,0.01016608864234494
408.0,0.010091861937771469
409.0,0.010006625268354396
410.0,0.00994096462065128
411.0,0.009893747213517635
412.0,0.009845000448087695
413.0,0.009783786640735901
414.0,0.009729884906702898
415.0,0.009685126456257593
416.0,0.009637781100712024
417.0,0.009603442345191154
418.0,0.009568980302304936
419.0,0.009533298278324425
420.0,0.009513630217508581
421.0,0.009494511062710174
422.0,0.009461528296158279
423.0,0.009437067815490035
424.0,0.009419253938220027
425.0,0.009400712492866248
426.0,0.009377869850793088
427.0,0.009356081691405439
428.0,0.009346257764665411
429.0,0.0093291193292904
430.0,0.009308574419502544
431.0,0.00927246124495609
432.0,0.009235966554565624
433.0,0.009222838521122625
434.0,0.009206418951880012
435.0,0.009184659870508748
436.0,0.00917805143436723
437.0,0.00917417974922273
438.0,0.009162307150413222
439.0,0.0091564736457269
440.0,0.009158088954438898
441.0,0.009180078458790274
442.0,0.009203111381218893
443.0,0.009223363263551382
444.0,0.009251832912951929
445.0,0.009288966415538011
446.0,0.009340745492733022
447.0,0.00938778030514767
448.0,0.009431836111963302
449.0,0.009488463070249566
450.0,0.009542073234593185
451.0,0.009587840983150485
452.0,0.009634208297805496
453.0,0.009684197634115637
454.0,0.009730371115193918
455.0,0.009772345856104174
456.0,0.009815876678600809
457.0,0.009854858962948427
458.0,0.0098865234096502
459.0,0.009919355180593531
460.0,0.009945726850880191
461.0,0.009966870985974851
462.0,0.010004833297462327
463.0,0.010042900380633534
464.0,0.010072822909934765
465.0,0.010107792846953996
466.0,0.01014102691210918
467.0,0.01017413203957756
468.0,0.010223218258432431
469.0,0.010274569970103165
470.0,0.010304362534575368
471.0,0.010334999643344805
472.0,0.010377349852940015
473.0,0.010423705883092174
474.0,0.01047447309275603
475.0,0.010523917572432026
476.0,0.010559642719732332
477.0,0.010589097778084708
478.0,0.010636503979973063
479.0,0.010678978028562098
480.0,0.010715373942404327
481.0,0.010764427958577745
482.0,0.010812549081953124
483.0,0.010858858101094531
484.0,0.01090920247350741
485.0,0.010962536332540329
486.0,0.011009791794785503
487.0,0.011053981993407059
488.0,0.011093613106585604
489.0,0.011138279536646404
490.0,0.011183398393836459
491.0,0.011234485844030652
492.0,0.011289256146235662
493.0,0.011349499271891633
494.0,0.011429036629347104
495.0,0.011513463832585136
496.0,0.01158965008263739
497.0,0.011679454093988571
498.0,0.011775363005566645
499.0,0.011880396940617054
500.0,0.012006811669051634
501.0,0.01214375482944791
502.0,0.01226449358996923
503.0,0.012392343914336395
504.0,0.012532396622758776
505.0,0.012681037299529527
506.0,0.012840296195324664
507.0,0.013018310293924838
508.0,0.013186331366918085
509.0,0.01334156036980988
510.0,0.013518797114646732
511.0,0.013703989300561442
512.0,0.013882039618765418
513.0,0.0140684975066265
514.0,0.014267216689519135
515.0,0.014470910015090719
516.0,0.014684103312882352
517.0,0.0149042259844437
518.0,0.015118903973678747
519.0,0.015330231326143699
520.0,0.015532921547185349
521.0,0.01573647440377359
522.0,0.015939912846920035
523.0,0.0161355901366806
524.0,0.016328643289165626
525.0,0.01652856694761643
526.0,0.01672583390416924
527.0,0.016922119095078684
528.0,0.01711086939102747
529.0,0.017297025595477918
530.0,0.017478950604636202
531.0,0.017649061618551964
532.0,0.017822025996558
533.0,0.018004567932419845
534.0,0.018175313786892952
535.0,0.018333832004443586
536.0,0.01850156678243531
537.0,0.018666669591500634
538.0,0.01882126981029528
539.0,0.018969020391195072
540.0,0.019111474839393953
541.0,0.01926561124228519
542.0,0.01941451602156066
543.0,0.019548664714466972
544.0,0.01966804443977867
545.0,0.019790392124357677
546.0,0.01991687449795533
547.0,0.020033481280454186
548.0,0.020146385739546396
549.0,0.02025653245989937
550.0,0.02036637136351978
551.0,0.02047709163425312
552.0,0.02058450683525104
553.0,0.020691978724757636
554.0,0.02079964590038206
555.0,0.020903691243566596
556.0,0.021003496818022764
557.0,0.021099734923119187
558.0,0.021191771682721086
559.0,0.02127093099878987
560.0,0.02133278695373598
561.0,0.021385969990240568
562.0,0.021447781615255176
563.0,0.021491549775538504
564.0,0.021514585720033473
565.0,0.0215434477456283
566.0,0.02156520421700276
567.0,0.021567117994262357
568.0,0.021559605321501675
569.0,0.021542096304291037
570.0,0.0215131602716919
571.0,0.02147346180677763
572.0,0.021423174422454658
573.0,0.021368812173071395
574.0,0.021308858325290263
575.0,0.02124802441989087
576.0,0.02117145255716787
577.0,0.021080702178922977
578.0,0.020985496035035894
579.0,0.020883985240371848
580.0,0.02076768176509722
581.0,0.02063441352693619
582.0,0.020486360293682733
583.0,0.020329442169648403
584.0,0.02016661485381031
585.0,0.019994248794585896
586.0,0.019809179147048186
587.0,0.01961477344040675
588.0,0.019413827585640347
589.0,0.019192121736236946
590.0,0.01895921958156114
591.0,0.01874828449759202
592.0,0.01852733973225381
593.0,0.018282331133038947
594.0,0.018023007874715884
595.0,0.017735098341851583
596.0,0.01741191399478998
597.0,0.01706404538471199
598.0,0.016698247130386625
599.0,0.016324308545679546
600.0,0.01596654572253315
601.0,0.015649844211459936
602.0,0.015391804345127607
603.0,0.015191977807743376
604.0,0.015022970843017092
605.0,0.014886274441818632
606.0,0.014772819719729824
607.0,0.01467275588581004
608.0,0.014580957295490197
609.0,0.014482199386436781
610.0,0.014378726756288276
611.0,0.014276114961630637
612.0,0.014181824732212665
613.0,0.014089807542810657
614.0,0.013993733844558029
615.0,0.013891872119477719
616.0,0.013788892082112841
617.0,0.013699072646956514
618.0,0.013618414728188716
619.0,0.013543969731705203
620.0,0.01347113654021904
621.0,0.013408311320129674
622.0,0.013348817432439508
623.0,0.013288391512246912
624.0,0.01323439387998147
625.0,0.013183976300704822
626.0,0.013141545810848759
627.0,0.013110807977685263
628.0,0.013067833442524482
629.0,0.0130323004936771
630.0,0.013024949591526922
631.0,0.013016232912711659
632.0,0.01300000116431188
633.0,0.012992528633217659
634.0,0.012986027707291731
635.0,0.012978783089333742
636.0,0.01298274129868882
637.0,0.012993083579948378
638.0,0.012983112168326857
639.0,0.012978435488679602
640.0,0.012984793614844583
641.0,0.0129745373977616
642.0,0.012958903970599827
643.0,0.012949364531594634
644.0,0.012925976995119392
645.0,0.012891254415559855
646.0,0.012868505951940484
647.0,0.01283245029850361
648.0,0.012784572415681919
649.0,0.012732002569123041
650.0,0.01266503515366818
651.0,0.012589448051223653
652.0,0.012487602619252126
653.0,0.012356022264294528
654.0,0.012219560210060574
655.0,0.012046360560566767
656.0,0.011826653467274673
657.0,0.011548027602400618
658.0,0.011255568988231619
659.0,0.01099784672236778
660.0,0.01075503146061909
661.0,0.010514746165252484
662.0,0.01029799189290533
663.0,0.010087131821007084
664.0,0.009876979236740423
665.0,0.009691596553812774
666.0,0.009530159472041857
667.0,0.009379916938102547
668.0,0.009255556142380729
669.0,0.00917290062497608
670.0,0.009092492988819608
671.0,0.009016497869045495
672.0,0.008979017103170246
673.0,0.008952265047070578
674.0,0.008932708495281865
675.0,0.00893976667751375
676.0,0.008963229915292527
677.0,0.008991411326724737
678.0,0.009031017309719062
679.0,0.009087397463372476
680.0,0.009164946711668816
681.0,0.009275084023641732
682.0,0.009414350801132638
683.0,0.009569841449412652
684.0,0.00975094778434846
685.0,0.009978982793679323
686.0,0.010253645141875682
687.0,0.010544195723120073
688.0,0.010724982471457868
689.0,0.010847964819451763
690.0,0.010962938116045064
691.0,0.011067876084916632
692.0,0.011162000345335767
693.0,0.011236367843121042
694.0,0.011293098982150026
695.0,0.011328572803282316
696.0,0.01132196868808787
697.0,0.011275436957400041
698.0,0.011202388056030545
699.0,0.011116215767393505
700.0,0.011009513654507783
701.0,0.01086193482651808
702.0,0.010686436950543346
703.0,0.010491591333312773
704.0,0.0102777048486482
705.0,0.01004502604851321
706.0,0.009794015078065313
707.0,0.009545635107428872
708.0,0.009297583106713567
709.0,0.009004953892481769
710.0,0.008696631887285478
711.0,0.0083900113146853
712.0,0.008086401914736103
713.0,0.007780252146301347
714.0,0.007458268906276061
715.0,0.007151675985592511
716.0,0.0068601552807890055
717.0,0.006583963583888274
718.0,0.00630153580768862
719.0,0.006011326883543395
720.0,0.005736891315633931
721.0,0.005498387448615406
722.0,0.005280416301079693
723.0,0.005067390410784817
724.0,0.004845394163334643
725.0,0.004634457406606399
726.0,0.004428969567392831
727.0,0.004214806743932659
728.0,0.003992150584277489
729.0,0.003773917862780083
730.0,0.003559404958663525
731.0,0.0033587212083463205
732.0,0.0031914966317210464
733.0,0.0030638907365681295
734.0,0.0029539972029946513
735.0,0.002845802183028847
736.0,0.0027572441388155366
737.0,0.002691559695921659
738.0,0.0026486970696432176
739.0,0.002624416543808769
740.0,0.0025959982764168976
741.0,0.0025736133954495
742.0,0.0025598063213027613
743.0,0.0025512360371386347
744.0,0.0025379361341822206
745.0,0.002518262072077825
746.0,0.0025017248977824962
747.0,0.002492710128939408
748.0,0.002481229587618314
749.0,0.0024802128021442
750.0,0.0024821892204755286
751.0,0.002463160570362339
752.0,0.0024340066939919423
753.0,0.00241441807528239
754.0,0.0023990555716109823
755.0,0.002385974606767381
756.0,0.0023920876071419133
757.0,0.0024017031226762813
758.0,0.0024012929691822208
759.0,0.0024069341860955707
760.0,0.002394433307320542
761.0,0.0023397224430445336
762.0,0.0023184216667210327
763.0,0.002311685296413049
764.0,0.0022978986426840176
765.0,0.0023003944607912536
766.0,0.002311821965381267
767.0,0.002315865969399676
768.0,0.0023197485474750873
769.0,0.0023218573264837824
770.0,0.0023258172890589643
771.0,0.0023303756236711464
772.0,0.0023338477338726007
773.0,0.002333125211775218
774.0,0.002336721172871935
775.0,0.002339688542477401
776.0,0.002350177285126416
777.0,0.0023671923474276936
778.0,0.0023732035911103863
779.0,0.002368679308638047
780.0,0.0023657658894002684
781.0,0.0023757498457723835
782.0,0.002394756104302581
783.0,0.0024081434593042073
784.0,0.0024126013537658303
785.0,0.0024213532832559315
786.0,0.0024233876836146583
787.0,0.0024233754397247295
788.0,0.002460603117897667
789.0,0.002495486586965604
790.0,0.0024993067356540756
791.0,0.002518057391623834
792.0,0.0025479013056749567
793.0,0.002555728533819259
794.0,0.002568314576122558
795.0,0.00259769465435022
796.0,0.002621213348421008
797.0,0.002636321803079616
798.0,0.002647175759811772
799.0,0.0026621247352116373
800.0,0.0026810461631657026
801.0,0.0026840365084625614
802.0,0.0026834220541823886
803.0,0.0026822988546812932
804.0,0.0027011680066470686
805.0,0.002728163253044059
806.0,0.0027333884639512674
807.0,0.0027246323332023674
808.0,0.0027103537401390516
809.0,0.0027035246767671338
810.0,0.0026873958496773454
811.0,0.0026641436727728876
812.0,0.00264036886437017
813.0,0.002602028864885815
814.0,0.002557777065891362
815.0,0.002544571765218805
816.0,0.0025420680345599926
817.0,0.002492651503680216
818.0,0.0024438898172454027
819.0,0.0024093959691573906
820.0,0.0023670224166678112
821.0,0.002313360831273
822.0,0.0022533290866526
823.0,0.00220325109962572
824.0,0.0021703772325096958
825.0,0.0020854337653210776
826.0,0.001982014212148584
827.0,0.0018867294331687628
828.0,0.0018179449854310661
829.0,0.0017556413397332806
830.0,0.0016863668230215078
831.0,0.0016254801818351206
832.0,0.0015817732012689532
833.0,0.0015333586859476779
834.0,0.0014856535857693013
835.0,0.0014574949248145489
836.0,0.0014481241158918671
837.0,0.0014434291355763878
838.0,0.0014203306110890251
839.0,0.0014030389480953914
840.0,0.0013876472914976612
841.0,0.0013851841786503114
842.0,0.0013723571954562753
843.0,0.0013459603444321605
844.0,0.0013011590841525103
845.0,0.0012747047996311905
846.0,0.0013152300898828036
847.0,0.0013233573112956705
848.0,0.001291372406516397
849.0,0.0012764052629316111
850.0,0.0012484479123826768
851.0,0.0012046468825163243
852.0,0.0012195149163534565
853.0,0.0012265882044686057
854.0,0.0011920534895170586
855.0,0.0012107954958452197
856.0,0.0012414228611855585
857.0,0.001190564775293297
858.0,0.0011676649033354669
859.0,0.001172815052329879
860.0,0.0011570426521017292
861.0,0.0011298016284427793
862.0,0.001111768583509894
863.0,0.0010910340534884507
864.0,0.0010823613277285607
865.0,0.0011157025056299603
866.0,0.0011101985550002213
867.0,0.0010742415848955813
868.0,0.001085047165727103
869.0,0.0010830042263626058
870.0,0.0010451313443604604
871.0,0.0010425789757596779
872.0,0.0010572055258200608
873.0,0.0010175155063118497
874.0,0.0009869453710162027
875.0,0.0009892494541365818
876.0,0.0009644233166470272
877.0,0.0009551013960045227
878.0,0.0009840308567626655
879.0,0.0009800224646114271
880.0,0.0009271366137816459
881.0,0.0008941766674916482
882.0,0.0008871311234535904
883.0,0.0009041381242550229
884.0,0.0008940018500578721
885.0,0.0008695543200299665
886.0,0.000850427799487956
887.0,0.0008213956093615245
888.0,0.0008107807401884018
889.0,0.0008454376496081368
890.0,0.0008455291013841129
891.0,0.0008359431761882586
892.0,0.0008457188855653915
893.0,0.0008109933037618626
894.0,0.0007302257053149796
895.0,0.0007058668308267844
896.0,0.0007250835182778824
897.0,0.0007182363584479848
898.0,0.0007209700820781652
899.0,0.0007036285317110996
