/begin_header
/west_longitude=UNKNOWN
/south_latitude=NA
/north_latitude=UNKNOWN
/calibration_files=NA
/cruise=NA
/station=NA
/documents=NA
/data_type=NA
/affiliations=NOAA
/experiment=NA
/units=nm,dl
/start_date=2019-08-12
/end_date=NA
/missing=9999
/start_time=13:28:32
/data_file_name=NA
/cloud_percent=NA
/water_depth=NA
/data_status=NA
/east_longitude=NA
/wind_speed=NA
/secchi=NA
/measurement_depth=NA
/fields=wavelength,rrs
/delimiter=comma
/contact=NA
/end_time=NA
/wave_height=NA
/investigators=NA
/end_header@
325.0,0.015234166237525035
326.0,0.01530685441140343
327.0,0.015247771991798215
328.0,0.015101394278246093
329.0,0.015003128184192149
330.0,0.014966546107089973
331.0,0.01496964354520508
332.0,0.014895085404824898
333.0,0.014739854650514117
334.0,0.014573431098656133
335.0,0.01448062329875106
336.0,0.014413948111583743
337.0,0.014253422434618418
338.0,0.014150472184742977
339.0,0.014156730500222422
340.0,0.014051942166049125
341.0,0.013910632150771693
342.0,0.01383657384677223
343.0,0.013760648131542392
344.0,0.013664439298941605
345.0,0.013602373117139294
346.0,0.013533847247666916
347.0,0.013427143374977343
348.0,0.01332390246244138
349.0,0.01323683214000978
350.0,0.013147507851809796
351.0,0.01309332423881605
352.0,0.013047053552754406
353.0,0.012943702420431169
354.0,0.012855533323272989
355.0,0.012805587076976533
356.0,0.012754682726084746
357.0,0.012684694322368678
358.0,0.012596490266091645
359.0,0.012532942721922851
360.0,0.012470473862338311
361.0,0.012393393037562369
362.0,0.012327940629062263
363.0,0.012267004783392614
364.0,0.012185049967731352
365.0,0.01211915449511906
366.0,0.012070863253439371
367.0,0.01201435380233732
368.0,0.011946906563285464
369.0,0.011897572218788269
370.0,0.011866877334305059
371.0,0.01183912285021122
372.0,0.011767457687660174
373.0,0.011700227682928704
374.0,0.011643271754712489
375.0,0.011572509405674562
376.0,0.011497111662848036
377.0,0.011446761728951963
378.0,0.01140619435946216
379.0,0.011367248307038707
380.0,0.011332082342844675
381.0,0.01129139436451369
382.0,0.011223638851062104
383.0,0.011157275219637308
384.0,0.011118488687311944
385.0,0.011104748022403046
386.0,0.011058166320828493
387.0,0.010986808010038696
388.0,0.010935976060588529
389.0,0.010893930392375293
390.0,0.010849204232552128
391.0,0.01082446557826995
392.0,0.01080257291329136
393.0,0.010752437491629904
394.0,0.010699696164485652
395.0,0.010645856379912269
396.0,0.010593765517620564
397.0,0.010542312899749079
398.0,0.010482780455795463
399.0,0.010424023301412812
400.0,0.010380230238560195
401.0,0.010347973402788696
402.0,0.01030090066420154
403.0,0.010250047482449554
404.0,0.010210009082548396
405.0,0.010174977089659396
406.0,0.0101366342274112
407.0,0.01009423917495611
408.0,0.01004942649194734
409.0,0.010004852754141891
410.0,0.009959107452589011
411.0,0.009913581102743488
412.0,0.009881871448614342
413.0,0.009852079225949162
414.0,0.009824143355445795
415.0,0.009794173939648942
416.0,0.009766129994606491
417.0,0.009739629589334215
418.0,0.00971732926513421
419.0,0.009698987256847398
420.0,0.009687352242114092
421.0,0.009673975561870113
422.0,0.009661887478203847
423.0,0.009648430872401201
424.0,0.009635563430047123
425.0,0.009623750174161411
426.0,0.00961830191899751
427.0,0.009618232251202999
428.0,0.009610914840341643
429.0,0.009595429597397658
430.0,0.009571477441001359
431.0,0.009558512652203954
432.0,0.00954886878398023
433.0,0.00953215065625048
434.0,0.009520774450382798
435.0,0.009514255952747791
436.0,0.00950564124151203
437.0,0.009504016796463031
438.0,0.009515345168800272
439.0,0.009529929809669848
440.0,0.009546934076803713
441.0,0.009573161105214615
442.0,0.009606403200832569
443.0,0.0096430788403339
444.0,0.009687408571093452
445.0,0.009739529569873558
446.0,0.009801473024383393
447.0,0.009866590665541866
448.0,0.009929374215728834
449.0,0.009989777072051459
450.0,0.010055121092409563
451.0,0.010127398026658473
452.0,0.010192534110004375
453.0,0.010255118229716392
454.0,0.010316465156600056
455.0,0.010374055195269566
456.0,0.010427129750992897
457.0,0.010474396662667328
458.0,0.01052251138471357
459.0,0.010571769974209017
460.0,0.010612638479809837
461.0,0.010652568829986806
462.0,0.010696507550587337
463.0,0.010743920222791881
464.0,0.010790497775547067
465.0,0.010838063258206375
466.0,0.010885815098796181
467.0,0.010935483017081063
468.0,0.010982845873803061
469.0,0.011028957191008059
470.0,0.011083472942583671
471.0,0.01113686156905241
472.0,0.011186350058053851
473.0,0.011237714427831893
474.0,0.011286089518743407
475.0,0.011331237693731571
476.0,0.011381453220070385
477.0,0.011435415996747664
478.0,0.011488002754986706
479.0,0.01153594854041336
480.0,0.011579301640554191
481.0,0.011626979252687988
482.0,0.011676535733428427
483.0,0.011726758963484466
484.0,0.011783712161520441
485.0,0.01184393892360456
486.0,0.011902386322350928
487.0,0.011963226807334573
488.0,0.012024332404352984
489.0,0.012078806007456876
490.0,0.012135664945715132
491.0,0.012194455159665567
492.0,0.012267161668583545
493.0,0.012354736727134297
494.0,0.01244271888406261
495.0,0.012533876795656013
496.0,0.01262858299104962
497.0,0.012735616395589785
498.0,0.012859637830432041
499.0,0.012995220871182387
500.0,0.01313499788152965
501.0,0.013277676974408358
502.0,0.013425498963528982
503.0,0.013582140158422452
504.0,0.013748759290246246
505.0,0.0139167641552231
506.0,0.01408864068730288
507.0,0.014272805119660897
508.0,0.014463053226522093
509.0,0.014656381880759798
510.0,0.01484813459490166
511.0,0.015044658720487662
512.0,0.01525183147872991
513.0,0.015462093547688979
514.0,0.015679391003344
515.0,0.015906090171463404
516.0,0.016144777615553302
517.0,0.016392016463696115
518.0,0.01663471805127218
519.0,0.016870885732282764
520.0,0.01710323028416063
521.0,0.01732736646211618
522.0,0.017548914527214535
523.0,0.017781447256599674
524.0,0.018016948789392313
525.0,0.01824466207781883
526.0,0.018477274393050643
527.0,0.018711026649412297
528.0,0.018939027670552225
529.0,0.019156735844896525
530.0,0.019366776507735065
531.0,0.019579179062362652
532.0,0.0197958353779008
533.0,0.02001282470183253
534.0,0.020220910938522893
535.0,0.02041840313072818
536.0,0.020612455920421664
537.0,0.020803502977137418
538.0,0.020994297411681084
539.0,0.02118135110850927
540.0,0.021365747629483407
541.0,0.02154550777246046
542.0,0.021717334298113834
543.0,0.021880022519255013
544.0,0.0220346570481394
545.0,0.02218358154498123
546.0,0.022326217777521733
547.0,0.022462286534201088
548.0,0.022594023260203225
549.0,0.02272268778470532
550.0,0.022847214485072025
551.0,0.02296935653313788
552.0,0.023097190200424954
553.0,0.023226607480278633
554.0,0.02335057105073732
555.0,0.023468900492200913
556.0,0.02358266556914006
557.0,0.023692497365067955
558.0,0.023791290342658748
559.0,0.02387532704574571
560.0,0.023948225710746084
561.0,0.02400880002908731
562.0,0.024060090237573297
563.0,0.024101506150790035
564.0,0.024131833870521008
565.0,0.024152043007379376
566.0,0.024156883466435866
567.0,0.024139943232576226
568.0,0.02411597533881086
569.0,0.02408454002184173
570.0,0.02403681174581174
571.0,0.023976904128488234
572.0,0.02390694009325104
573.0,0.023826233092488956
574.0,0.023736012010863092
575.0,0.02363967024331624
576.0,0.023533025528392683
577.0,0.023413847847864423
578.0,0.023273778329767236
579.0,0.02312406908126919
580.0,0.02296918472042673
581.0,0.02279066063990543
582.0,0.022594239087919094
583.0,0.022385426534571276
584.0,0.022169006791365846
585.0,0.02194677712604281
586.0,0.021712085000909723
587.0,0.021467356459209826
588.0,0.02121371084194408
589.0,0.020950016946360193
590.0,0.020681786659645512
591.0,0.020419114146074804
592.0,0.020143128078157532
593.0,0.019837951315762332
594.0,0.01950893134987449
595.0,0.019148568617734125
596.0,0.01875287611232206
597.0,0.018329744261436846
598.0,0.017888451490748795
599.0,0.017448831028367005
600.0,0.017038529828268055
601.0,0.01668518872534926
602.0,0.01639919363711533
603.0,0.016180196895241326
604.0,0.016008189599336534
605.0,0.01587056261449659
606.0,0.015754613498019116
607.0,0.01564523106626404
608.0,0.01554417266737507
609.0,0.015449550408642316
610.0,0.015353397745827033
611.0,0.015252638427016605
612.0,0.01514596726122828
613.0,0.015042226006772925
614.0,0.014942161045877722
615.0,0.014844387039949034
616.0,0.014749916782285164
617.0,0.014658423631441982
618.0,0.01456926085253774
619.0,0.014484200426869764
620.0,0.01440599070594561
621.0,0.014339266784371344
622.0,0.014281155102755247
623.0,0.014223817231735453
624.0,0.014166779209104734
625.0,0.014112104195505135
626.0,0.014063565663842582
627.0,0.014020680860362724
628.0,0.013989870411215225
629.0,0.013967928346923956
630.0,0.013949272893478179
631.0,0.013934427523527587
632.0,0.013923436695791973
633.0,0.013919867104628359
634.0,0.013918267711796486
635.0,0.013913906183762315
636.0,0.013915916213107424
637.0,0.013917141796172056
638.0,0.013917312349861294
639.0,0.013916618252477333
640.0,0.013912536519895272
641.0,0.013903608243424037
642.0,0.013887613721812969
643.0,0.013860551889662658
644.0,0.013830785456255263
645.0,0.013798354860956919
646.0,0.013755768062873559
647.0,0.013708188824661289
648.0,0.013657714275398422
649.0,0.0135894610943974
650.0,0.013504841553343559
651.0,0.013407296299751511
652.0,0.013282396421590842
653.0,0.013128395162570592
654.0,0.012971840450586936
655.0,0.01277680747399369
656.0,0.01252120364246711
657.0,0.012231115138115044
658.0,0.011943865074307438
659.0,0.011677896905531641
660.0,0.011424964016031932
661.0,0.01117904761977834
662.0,0.010952167691726949
663.0,0.010737981351529004
664.0,0.010536610228866638
665.0,0.010347419704040923
666.0,0.010172523823216432
667.0,0.010025046622155144
668.0,0.009893437021000607
669.0,0.009776962359153853
670.0,0.00969440963572105
671.0,0.009637848955817535
672.0,0.009586120126764203
673.0,0.009548941970466107
674.0,0.00952618844515302
675.0,0.009512576694326317
676.0,0.00950905780570568
677.0,0.009518687753448295
678.0,0.00954919660127233
679.0,0.009603643392920812
680.0,0.009680377512991244
681.0,0.009780671264713239
682.0,0.009901518865315335
683.0,0.010048212392548498
684.0,0.01022403569065981
685.0,0.010444307790401296
686.0,0.010689751263531593
687.0,0.01092832193580738
688.0,0.011089562075241694
689.0,0.011201764100218397
690.0,0.01130120127280489
691.0,0.011386154599897847
692.0,0.01145673594054837
693.0,0.011511238626194614
694.0,0.01154201815383079
695.0,0.011543012599854819
696.0,0.011500266287209593
697.0,0.011425546245883421
698.0,0.01132890200339993
699.0,0.011199106876960374
700.0,0.011039784981383959
701.0,0.010870939933290165
702.0,0.010677388924613587
703.0,0.010454944616420247
704.0,0.010221532077834312
705.0,0.00997873050003347
706.0,0.00972575569772319
707.0,0.009455927528831093
708.0,0.009169343208652727
709.0,0.008865919647436748
710.0,0.008554793980954902
711.0,0.008252661152893477
712.0,0.00793502142334778
713.0,0.0076098256341491175
714.0,0.007293423980535377
715.0,0.006990232404133061
716.0,0.006692648072340111
717.0,0.006405450083068674
718.0,0.00611377662802516
719.0,0.005836164861114912
720.0,0.00558144685801773
721.0,0.005355045057100453
722.0,0.005138718402121427
723.0,0.004921418273817925
724.0,0.004701977005802593
725.0,0.004489344161437603
726.0,0.004284192698796604
727.0,0.00407536234811254
728.0,0.0038602037245374643
729.0,0.003647492140995111
730.0,0.0034477532945364946
731.0,0.0032643458327848264
732.0,0.00310149225821355
733.0,0.002971692258272242
734.0,0.002864277885914382
735.0,0.0027722858017032357
736.0,0.0027013634436620394
737.0,0.002651851103807712
738.0,0.0026129220684409445
739.0,0.00257924810195467
740.0,0.0025506316842498497
741.0,0.0025293418733224955
742.0,0.0025152389017531257
743.0,0.0025043030858481704
744.0,0.0024898740931501152
745.0,0.0024718158010738622
746.0,0.002460547034183477
747.0,0.00245163971639319
748.0,0.0024470622211993447
749.0,0.0024387803463539665
750.0,0.0024273415646396098
751.0,0.002420454293196326
752.0,0.002408421189122471
753.0,0.0023940105327652644
754.0,0.002382564264863887
755.0,0.0023723031526718076
756.0,0.0023628954658689175
757.0,0.0023510986244503116
758.0,0.002339270482188016
759.0,0.002321067598406927
760.0,0.0022968924471247275
761.0,0.002267126178472178
762.0,0.002249312314185041
763.0,0.002250504055027269
764.0,0.002249129089792615
765.0,0.002258196451006374
766.0,0.0022761689934807086
767.0,0.0022846249203779755
768.0,0.0022923297588261335
769.0,0.0023019609910015304
770.0,0.002313942496094109
771.0,0.0023220685655859913
772.0,0.002313435376541404
773.0,0.002311344462543754
774.0,0.0023187427362305283
775.0,0.002328678345209358
776.0,0.0023385496901075836
777.0,0.002345109445212392
778.0,0.002353290764453856
779.0,0.002362775328942193
780.0,0.0023717536392167246
781.0,0.0023807655473797873
782.0,0.002390527611419886
783.0,0.002406110919655589
784.0,0.002417786859654111
785.0,0.0024214967061696566
786.0,0.002431868650242453
787.0,0.0024462865244405958
788.0,0.002454640026171465
789.0,0.0024686660797222848
790.0,0.0024934767945962158
791.0,0.002508894739251341
792.0,0.0025227664630051135
793.0,0.0025438084104249924
794.0,0.0025629776921749273
795.0,0.0025786669736446006
796.0,0.0025983444169732487
797.0,0.0026162899531694114
798.0,0.0026338153132129307
799.0,0.002651233294937888
800.0,0.0026619054803518317
801.0,0.002671999765712369
802.0,0.002678986096043812
803.0,0.002686595217912794
804.0,0.0026985467014147262
805.0,0.0027063562979006838
806.0,0.0027029137253536772
807.0,0.0026929153571765368
808.0,0.0026758833448837457
809.0,0.0026657118960484874
810.0,0.002645901066496925
811.0,0.002613474642850857
812.0,0.0025937538250237428
813.0,0.0025725460936098566
814.0,0.002535047090199275
815.0,0.0024942431070596356
816.0,0.002462581481760703
817.0,0.0024311496671962835
818.0,0.002410503781010095
819.0,0.00239366474430375
820.0,0.0023411319916537532
821.0,0.002277499364911253
822.0,0.0022171760451755885
823.0,0.0021489625062464162
824.0,0.002076138441113626
825.0,0.0020241533072956255
826.0,0.001953305965202595
827.0,0.0018591604854134673
828.0,0.0017806067732633961
829.0,0.0017063368358502292
830.0,0.0016328705007403056
831.0,0.0015782039301182372
832.0,0.0015330431871101683
833.0,0.001495630683429455
834.0,0.0014679701233904102
835.0,0.0014446547321689683
836.0,0.0014181407724424642
837.0,0.0013947369817774336
838.0,0.0013804067813359268
839.0,0.0013667805867472818
840.0,0.0013487792773784282
841.0,0.0013360124261559136
842.0,0.0013313184073287924
843.0,0.0013306034517435875
844.0,0.001314119600491139
845.0,0.0012933641054028435
846.0,0.0012837811466420638
847.0,0.0012677594706482973
848.0,0.001250244301764474
849.0,0.001241356614219244
850.0,0.0012358136365171323
851.0,0.0012333254241595312
852.0,0.0012159134049167298
853.0,0.0012032864145861259
854.0,0.0012056135932918904
855.0,0.0011936284993005664
856.0,0.001173316621799286
857.0,0.0011627497055676853
858.0,0.0011608670352992127
859.0,0.0011581988040701612
860.0,0.0011363978054729567
861.0,0.0011195637191308116
862.0,0.0011188201801629579
863.0,0.0011232226322395698
864.0,0.001126692274831439
865.0,0.0011019768013017979
866.0,0.0010822320312633745
867.0,0.0010758337396491137
868.0,0.001073471985800136
869.0,0.0010658266694349857
870.0,0.0010448390735148024
871.0,0.0010230412238335838
872.0,0.001007811729485615
873.0,0.0009993535765789815
874.0,0.0010000442157287522
875.0,0.0010042242395149714
876.0,0.0009869489012561588
877.0,0.0009734162178080049
878.0,0.0009687449341560826
879.0,0.0009584862203407711
880.0,0.0009407390994889918
881.0,0.000915175977242406
882.0,0.0008910804409680911
883.0,0.0008745893414732533
884.0,0.0008711297438691531
885.0,0.0008720410464787833
886.0,0.0008550588033767039
887.0,0.000832432733950236
888.0,0.0008230481089315775
889.0,0.0008130906037777975
890.0,0.0007915602729808319
891.0,0.0007704537754877509
892.0,0.0007734157120501625
893.0,0.0007741472313360542
894.0,0.0007522364867949918
895.0,0.0007311489492311081
896.0,0.0007006307739700259
897.0,0.000653070510703139
898.0,0.0006483032331565332
899.0,0.0006708803557978218
