/begin_header
/west_longitude=UNKNOWN
/south_latitude=NA
/north_latitude=UNKNOWN
/calibration_files=NA
/cruise=NA
/station=NA
/documents=NA
/data_type=NA
/affiliations=NOAA
/experiment=NA
/units=nm,dl
/start_date=2019-08-12
/end_date=NA
/missing=9999
/start_time=11:47:58
/data_file_name=NA
/cloud_percent=NA
/water_depth=NA
/data_status=NA
/east_longitude=NA
/wind_speed=NA
/secchi=NA
/measurement_depth=NA
/fields=wavelength,rrs
/delimiter=comma
/contact=NA
/end_time=NA
/wave_height=NA
/investigators=NA
/end_header@
325.0,0.018312557953920217
326.0,0.018067250999155595
327.0,0.017932408295796915
328.0,0.018000808839179157
329.0,0.017879515273002043
330.0,0.01779622893028331
331.0,0.01778965288504073
332.0,0.017560772724111558
333.0,0.017317542960137804
334.0,0.017305004082523806
335.0,0.01726196232285792
336.0,0.017131661239441657
337.0,0.01705544502806692
338.0,0.01694957453027178
339.0,0.016734452698543505
340.0,0.016572436950140372
341.0,0.01647541316546324
342.0,0.0163751602417948
343.0,0.016269656794471385
344.0,0.016158674740302977
345.0,0.016082433990155996
346.0,0.015963750145194428
347.0,0.015834121846787445
348.0,0.015703079661323737
349.0,0.015587874368359237
350.0,0.015508388139219453
351.0,0.015407762597561974
352.0,0.01528006228924641
353.0,0.015191488434550815
354.0,0.015093206938495918
355.0,0.014994814929311841
356.0,0.014908695739778505
357.0,0.014809169264650118
358.0,0.014709333598526952
359.0,0.014622678728310143
360.0,0.014525021633883467
361.0,0.0144314391571985
362.0,0.014335038529469454
363.0,0.014232358857442576
364.0,0.014120198911064155
365.0,0.014039271659009114
366.0,0.01399943588011103
367.0,0.013908655839187632
368.0,0.013802639407200067
369.0,0.013731804345658821
370.0,0.013671781127998644
371.0,0.013602505406110642
372.0,0.013512884602814274
373.0,0.013418753986948894
374.0,0.013325075225057168
375.0,0.013242934267426745
376.0,0.01316906937174464
377.0,0.013079987208434077
378.0,0.012991094205610875
379.0,0.012907352249954507
380.0,0.012837728266277226
381.0,0.012773519848780007
382.0,0.012726143129989926
383.0,0.012655901607846052
384.0,0.012557724356123758
385.0,0.012474108297750518
386.0,0.012401565241843096
387.0,0.012327077033946868
388.0,0.012236444642362681
389.0,0.012159533885132124
390.0,0.012092113721527322
391.0,0.012025050861609063
392.0,0.011972161236218028
393.0,0.011926298324880022
394.0,0.01184533923657015
395.0,0.011746536560578457
396.0,0.011661571327246168
397.0,0.011572835801583038
398.0,0.011490703297773856
399.0,0.011389193909431265
400.0,0.011297283526890401
401.0,0.011247799520069818
402.0,0.011192033793673294
403.0,0.011126722817200799
404.0,0.011065165471648377
405.0,0.011005964471799487
406.0,0.010938575741525108
407.0,0.010854923925046032
408.0,0.01077410344110229
409.0,0.010706616506326648
410.0,0.010646329426136926
411.0,0.010591542528379738
412.0,0.010538257533369434
413.0,0.010486260456241377
414.0,0.010430584869148472
415.0,0.01039033329318131
416.0,0.010356886812344802
417.0,0.010313641095561942
418.0,0.010276409854681631
419.0,0.0102464129573993
420.0,0.010217558942688424
421.0,0.010189091543654749
422.0,0.010160018037217527
423.0,0.010135389843347253
424.0,0.010116968923801468
425.0,0.010094997093504775
426.0,0.010076835986100863
427.0,0.01006223682677819
428.0,0.010035204110316111
429.0,0.010007027765885695
430.0,0.009984788936646258
431.0,0.009957241848085796
432.0,0.009923916020191981
433.0,0.009896335693164796
434.0,0.009869410752817208
435.0,0.009844137380089987
436.0,0.009832516646379469
437.0,0.00982467994301464
438.0,0.00981875148290649
439.0,0.009823157075437915
440.0,0.009832677569005072
441.0,0.009847247187175261
442.0,0.00986655987181995
443.0,0.00988986604128821
444.0,0.00992261268840882
445.0,0.009964774981646312
446.0,0.01001189837996649
447.0,0.010056653148749595
448.0,0.01010201107151622
449.0,0.010162016453281936
450.0,0.01021945151687208
451.0,0.010271810506693846
452.0,0.010327543302442364
453.0,0.010382270801926368
454.0,0.010431154541082618
455.0,0.010471864986694604
456.0,0.010506137826292346
457.0,0.010544606302280947
458.0,0.010579638909662044
459.0,0.010612397718213937
460.0,0.01064204903643559
461.0,0.010669198716366086
462.0,0.010698807437896318
463.0,0.010734665162441868
464.0,0.010773438347490779
465.0,0.010811200795194214
466.0,0.010848399816408484
467.0,0.010887751884395952
468.0,0.010931533401742874
469.0,0.01097655096035062
470.0,0.011012677407511664
471.0,0.011051068623873866
472.0,0.011096962944677576
473.0,0.011143546193967641
474.0,0.011186306177992565
475.0,0.011228904245177317
476.0,0.01127245061289096
477.0,0.011318528189479602
478.0,0.011359341257266477
479.0,0.011405682924908822
480.0,0.01145860762041453
481.0,0.011504771043965351
482.0,0.011550956757853325
483.0,0.011604465501571645
484.0,0.011653501561707162
485.0,0.011699773958319445
486.0,0.011750733769955491
487.0,0.011796908002958177
488.0,0.0118399150675027
489.0,0.011887766153616518
490.0,0.011939226861778897
491.0,0.011994697487298625
492.0,0.01205978326348722
493.0,0.012131601530088321
494.0,0.012209461694981933
495.0,0.012292536843144703
496.0,0.01238274932827996
497.0,0.012487930607350175
498.0,0.012604544870088353
499.0,0.012729539159658784
500.0,0.012858174643820408
501.0,0.012992006587209509
502.0,0.013137185166332856
503.0,0.013291694636490456
504.0,0.01345243256656723
505.0,0.0136209808294129
506.0,0.013796026494925739
507.0,0.013978885925919773
508.0,0.01417164021278514
509.0,0.014371323228351513
510.0,0.014571118642278919
511.0,0.014773533274189597
512.0,0.014985507371459272
513.0,0.015199249170937507
514.0,0.015417142419263428
515.0,0.01564852716040466
516.0,0.015888346834475063
517.0,0.0161363124576958
518.0,0.016374772994318457
519.0,0.016601670534192706
520.0,0.016823418421256068
521.0,0.017045096968523125
522.0,0.01726969097414216
523.0,0.017488922034139272
524.0,0.017708908801114982
525.0,0.017933990462394224
526.0,0.018158164705557134
527.0,0.0183811102837444
528.0,0.01858687306398961
529.0,0.01878721725881817
530.0,0.01898908234169423
531.0,0.01919002561826278
532.0,0.019394028430653125
533.0,0.019595800304278797
534.0,0.019786978975472973
535.0,0.01997015410048047
536.0,0.020155188825630888
537.0,0.02033462284274109
538.0,0.02051175537070028
539.0,0.020685802914625073
540.0,0.02085650267906263
541.0,0.021021780636335304
542.0,0.021179218247755486
543.0,0.02133095674978819
544.0,0.021480798013159597
545.0,0.02162453556890826
546.0,0.021762229593812365
547.0,0.021896970741434173
548.0,0.022029240073200607
549.0,0.022156173924357116
550.0,0.022284667019017025
551.0,0.022416766733072805
552.0,0.022540128617313443
553.0,0.022661702734793267
554.0,0.022791403136338644
555.0,0.022914153709085328
556.0,0.023029102706010864
557.0,0.02314246093182151
558.0,0.02324370774224925
559.0,0.023331668526971588
560.0,0.023409949116001246
561.0,0.023477015656190765
562.0,0.023537546391722713
563.0,0.023586706221002247
564.0,0.023623323760909812
565.0,0.023651935349077044
566.0,0.023665499808008417
567.0,0.023656049833238123
568.0,0.02363946421397304
569.0,0.023617808723145554
570.0,0.02358544862684469
571.0,0.023542790573299156
572.0,0.023489880529393607
573.0,0.023430054098302844
574.0,0.023361549910034925
575.0,0.023279407362485478
576.0,0.023191232249615563
577.0,0.02309349679203617
578.0,0.022979265421711227
579.0,0.022853229303529163
580.0,0.022716781085766267
581.0,0.022564995096544475
582.0,0.0223963605845516
583.0,0.022223129332620353
584.0,0.02203887725512232
585.0,0.021844031042590067
586.0,0.021639259312788088
587.0,0.0214205329479798
588.0,0.02118653504064045
589.0,0.020932570349204038
590.0,0.02066959432192323
591.0,0.020426141340421415
592.0,0.020184733420435745
593.0,0.01992569820944045
594.0,0.019632851524420035
595.0,0.019309377596817164
596.0,0.01896169738952085
597.0,0.018577161410248556
598.0,0.018163837876158908
599.0,0.017755874641017015
600.0,0.017371702455321873
601.0,0.017029954707633466
602.0,0.016748994489144683
603.0,0.016526596707670364
604.0,0.01635693957083979
605.0,0.016213831075609024
606.0,0.01608594392257507
607.0,0.015979423642042627
608.0,0.015880042896640946
609.0,0.015771708634074854
610.0,0.015658048301777187
611.0,0.015542828432998488
612.0,0.01543230559127121
613.0,0.015320766392771145
614.0,0.015207903926549646
615.0,0.015095746356262072
616.0,0.014988682252087427
617.0,0.014888627596063676
618.0,0.014793633034966325
619.0,0.01470314598535572
620.0,0.014622324898298062
621.0,0.014547146996917148
622.0,0.014479380686409821
623.0,0.014419564031366974
624.0,0.014365819305769667
625.0,0.014313025265151814
626.0,0.014260555604641179
627.0,0.014211508448254046
628.0,0.014168908742547346
629.0,0.014140064672049804
630.0,0.01412167625155207
631.0,0.014103760103169993
632.0,0.014085515840453224
633.0,0.014066639945227295
634.0,0.014057512893907012
635.0,0.01406283450645102
636.0,0.014055379851109268
637.0,0.014040694618485833
638.0,0.01403829987694546
639.0,0.014038177525349752
640.0,0.014034608822040884
641.0,0.014018693329179252
642.0,0.013994840506436613
643.0,0.01396782461874902
644.0,0.013930688903194719
645.0,0.013883073487351735
646.0,0.01383165263404918
647.0,0.013776393087973826
648.0,0.013720277398076703
649.0,0.013659986347196739
650.0,0.013585394203097113
651.0,0.013480375350699922
652.0,0.013357113617957134
653.0,0.013219052871471074
654.0,0.013061711054013445
655.0,0.012854575691627134
656.0,0.01259397021672081
657.0,0.012286641230792355
658.0,0.011977916773866507
659.0,0.011692942113974213
660.0,0.011424577377882172
661.0,0.0111721126991164
662.0,0.010918161465488765
663.0,0.010676119273722718
664.0,0.010465772224241004
665.0,0.010264261193705767
666.0,0.010074829511890485
667.0,0.009915530101646945
668.0,0.009786122064713437
669.0,0.009682080909791717
670.0,0.009608567586743968
671.0,0.009554485257866932
672.0,0.009515326509850989
673.0,0.009496632255158111
674.0,0.00949625211945861
675.0,0.00950022949209421
676.0,0.009516542970036736
677.0,0.009552928983114007
678.0,0.009608951700234897
679.0,0.009685586527372034
680.0,0.009782694235862121
681.0,0.009905526549989451
682.0,0.010059522660792835
683.0,0.010244741307584793
684.0,0.010461786715379924
685.0,0.010727953328343797
686.0,0.01102863731856133
687.0,0.011332855480239544
688.0,0.01153352681042932
689.0,0.011678217237633366
690.0,0.0118235722693464
691.0,0.011956707658581337
692.0,0.012078732206479231
693.0,0.012183619514352128
694.0,0.01225839736451875
695.0,0.01229393244158928
696.0,0.012296399941566238
697.0,0.012264902216032969
698.0,0.012194565517730892
699.0,0.012095617629088451
700.0,0.011967496084016722
701.0,0.011798865900768767
702.0,0.01160778642207892
703.0,0.011401084743211084
704.0,0.011171632523616052
705.0,0.010922252181512155
706.0,0.010654651447730075
707.0,0.010376333970538262
708.0,0.010085211734736987
709.0,0.009775425688547034
710.0,0.009450328520883155
711.0,0.00911617583871288
712.0,0.008773317783962183
713.0,0.008430091782778008
714.0,0.008085881691882532
715.0,0.007764112812953819
716.0,0.0074533377632362025
717.0,0.007130206183742685
718.0,0.006792286576030338
719.0,0.006474606282897789
720.0,0.006187573600393742
721.0,0.005942930461784443
722.0,0.00571020953336114
723.0,0.005472777104670286
724.0,0.005228419257225771
725.0,0.0049939378440639936
726.0,0.004768421896186074
727.0,0.004537606479687926
728.0,0.004301759575520763
729.0,0.004061566821976522
730.0,0.0038288250708675134
731.0,0.003621560566688662
732.0,0.0034506173551674133
733.0,0.003295368173568746
734.0,0.0031627929655618304
735.0,0.003065417701073616
736.0,0.0029842710260781025
737.0,0.002920388222188907
738.0,0.0028796753608019664
739.0,0.002847648559226474
740.0,0.0028159934896044977
741.0,0.0027905340329719428
742.0,0.0027744216848971355
743.0,0.002762783693885456
744.0,0.002744622122876253
745.0,0.0027236198615668552
746.0,0.0027103318075113597
747.0,0.0027005919670918
748.0,0.0026880244765106745
749.0,0.0026764036751700917
750.0,0.0026677629644871097
751.0,0.00265445108307395
752.0,0.002641103780840444
753.0,0.0026305046325901748
754.0,0.002618001705815504
755.0,0.002608924349037935
756.0,0.002607423599416095
757.0,0.002603288009229613
758.0,0.002594426477233687
759.0,0.0025917468550884274
760.0,0.0025740143466433598
761.0,0.0025194030267658048
762.0,0.0024882583154988668
763.0,0.0024782767309901544
764.0,0.0024635048893167488
765.0,0.002466728323997929
766.0,0.002486919586348094
767.0,0.0024971390621623597
768.0,0.002501668085186871
769.0,0.0025036623952898697
770.0,0.002511050395032072
771.0,0.0025219329054317575
772.0,0.002527442297296073
773.0,0.002530791761444616
774.0,0.0025285308159566236
775.0,0.002538100699325013
776.0,0.002551866480433665
777.0,0.0025625018900956903
778.0,0.0025652965757631567
779.0,0.002565437719751336
780.0,0.002581382960866159
781.0,0.00259747653915837
782.0,0.00260634597062268
783.0,0.0026157525922087753
784.0,0.0026271726681410465
785.0,0.0026444105513330055
786.0,0.0026573322123276317
787.0,0.0026647678833269443
788.0,0.002681807946500493
789.0,0.0026993925043888515
790.0,0.0027098646442927053
791.0,0.002735612051616575
792.0,0.0027693264406977386
793.0,0.002788507311021238
794.0,0.002806400729558389
795.0,0.002826186193666979
796.0,0.002842122342232212
797.0,0.002856623407821459
798.0,0.0028682804140504055
799.0,0.0028860236499226605
800.0,0.002902872659646156
801.0,0.002910279312444145
802.0,0.0029178841227151106
803.0,0.0029304584193168117
804.0,0.002946891941857032
805.0,0.0029594159855929024
806.0,0.0029576370224194378
807.0,0.0029503458604117215
808.0,0.0029422268353331113
809.0,0.002919291410786715
810.0,0.0029018849123713013
811.0,0.0028912573617927645
812.0,0.0028547886573248786
813.0,0.0028103584128020783
814.0,0.002778520737997725
815.0,0.002744064630187971
816.0,0.0027018269633249893
817.0,0.0026652887332653105
818.0,0.002634199305509115
819.0,0.0026028738600426707
820.0,0.002555334217354999
821.0,0.0024920936966900294
822.0,0.002427100718600315
823.0,0.0023539163391074016
824.0,0.0022796635546561755
825.0,0.0022039553644620418
826.0,0.002114848535159958
827.0,0.002019645647093549
828.0,0.001938923866482181
829.0,0.0018668890486658863
830.0,0.0017907457772183665
831.0,0.001733263165997295
832.0,0.001684710951805454
833.0,0.0016281191362876389
834.0,0.0015805978978221818
835.0,0.001551912635713942
836.0,0.0015360522067766433
837.0,0.0015213293400066195
838.0,0.0015030309591533692
839.0,0.0014897350332952945
840.0,0.0014706722425733298
841.0,0.0014591815010537488
842.0,0.0014484689541962828
843.0,0.001434469242276543
844.0,0.0014213232608571353
845.0,0.001409738335812595
846.0,0.0013927529912720021
847.0,0.0013808188590155974
848.0,0.0013635037487534061
849.0,0.0013493403146102405
850.0,0.0013413752554758784
851.0,0.0013342010214324241
852.0,0.0013138481294261487
853.0,0.0012913190280950098
854.0,0.001289921970778925
855.0,0.0012784591532619704
856.0,0.0012637183516039253
857.0,0.0012590497610908231
858.0,0.0012514366397793964
859.0,0.001234263902996875
860.0,0.0012175046411054382
861.0,0.0012014685395569436
862.0,0.0012022368370113972
863.0,0.0011928554154468478
864.0,0.0011756431330136798
865.0,0.001172895376336493
866.0,0.001174580002000716
867.0,0.0011696179141681287
868.0,0.0011493055001341897
869.0,0.0011267014832657832
870.0,0.0011101992793413878
871.0,0.001105275498544282
872.0,0.001105088472162413
873.0,0.001087657831448459
874.0,0.0010745431393350507
875.0,0.0010650446327702256
876.0,0.0010448864436356422
877.0,0.0010277276843415303
878.0,0.001019888447681408
879.0,0.000994761629096856
880.0,0.0009664718791110303
881.0,0.0009751877068192499
882.0,0.0009775462917592684
883.0,0.0009661513874765727
884.0,0.0009275989440419155
885.0,0.0009088041564597824
886.0,0.0009192676799676232
887.0,0.0009008077403147522
888.0,0.0008675163132478781
889.0,0.0008565998265841559
890.0,0.0008444521793648234
891.0,0.0008408655669287562
892.0,0.0008427208986001968
893.0,0.0008203516480577841
894.0,0.0007693027929313507
895.0,0.0007454763784191165
896.0,0.0007381589878169474
897.0,0.0007392345605436257
898.0,0.0007370613477427563
899.0,0.0007322728556014351
