/begin_header
/west_longitude=UNKNOWN
/south_latitude=NA
/north_latitude=UNKNOWN
/calibration_files=NA
/cruise=NA
/station=NA
/documents=NA
/data_type=NA
/affiliations=NOAA
/experiment=NA
/units=nm,dl
/start_date=2019-08-12
/end_date=NA
/missing=9999
/start_time=14:23:28
/data_file_name=NA
/cloud_percent=NA
/water_depth=NA
/data_status=NA
/east_longitude=NA
/wind_speed=NA
/secchi=NA
/measurement_depth=NA
/fields=wavelength,rrs
/delimiter=comma
/contact=NA
/end_time=NA
/wave_height=NA
/investigators=NA
/end_header@
325.0,0.018503879172734994
326.0,0.018459750262621078
327.0,0.018370575376969463
328.0,0.018279979311192622
329.0,0.01813612768948885
330.0,0.018049688292239054
331.0,0.018028418915204465
332.0,0.017903909353538038
333.0,0.017760974436373984
334.0,0.017750109209142616
335.0,0.017619019247765495
336.0,0.0174013076878624
337.0,0.01730136015233085
338.0,0.017211384703953416
339.0,0.01705813255160015
340.0,0.016954443631342093
341.0,0.016865811911348588
342.0,0.016755995209805405
343.0,0.01660444864385756
344.0,0.016449894059724968
345.0,0.016353952194618597
346.0,0.01624778178794128
347.0,0.016128048370555852
348.0,0.01600824133638892
349.0,0.015894833010778122
350.0,0.01581518827151826
351.0,0.015729586729858348
352.0,0.01562145776615317
353.0,0.01554205979576483
354.0,0.015444833337612587
355.0,0.015313742996151486
356.0,0.01521695129905017
357.0,0.015136676948422884
358.0,0.015051421221433253
359.0,0.014937970606046111
360.0,0.014809961047663833
361.0,0.0147115013857713
362.0,0.014624746820373614
363.0,0.014545887042980831
364.0,0.014447749141694378
365.0,0.014346248781876823
366.0,0.014264345107841197
367.0,0.014190583109359214
368.0,0.014120383447612742
369.0,0.014049916563062195
370.0,0.013982127937642665
371.0,0.013921333552146264
372.0,0.013833113180904012
373.0,0.01372966735832964
374.0,0.013625453006766227
375.0,0.01353552715052222
376.0,0.01345250109820904
377.0,0.013356322272137044
378.0,0.013286403949794006
379.0,0.01324093968150086
380.0,0.013159938042655528
381.0,0.013082634145459135
382.0,0.013017629462994739
383.0,0.01295470012795868
384.0,0.012880354586406784
385.0,0.012802239120328218
386.0,0.012719913626113452
387.0,0.012642288995859346
388.0,0.012566630985654475
389.0,0.012503238873719097
390.0,0.012452521117792695
391.0,0.012412688002767566
392.0,0.01236495182578332
393.0,0.012269151893897708
394.0,0.012181815695726033
395.0,0.012110575980023151
396.0,0.012033368711085023
397.0,0.011964401791631007
398.0,0.011900561968097509
399.0,0.011815637182299945
400.0,0.011737912893125316
401.0,0.011691194837878307
402.0,0.011644264288064008
403.0,0.01159092976619705
404.0,0.011533217435304123
405.0,0.011468913668479231
406.0,0.011399347295399523
407.0,0.01133445855877409
408.0,0.01126746914293902
409.0,0.011204980978882282
410.0,0.011142766030965914
411.0,0.01108137134338268
412.0,0.011028384400249999
413.0,0.01098130560923696
414.0,0.0109361152469749
415.0,0.010887328068180326
416.0,0.010840633906863798
417.0,0.010795759746265588
418.0,0.010756931347025444
419.0,0.010722999618024007
420.0,0.01068465886987627
421.0,0.010648138452851005
422.0,0.010610666175017608
423.0,0.010579360718892861
424.0,0.010552369412170939
425.0,0.010523556476425458
426.0,0.010499913420438692
427.0,0.010477984491254543
428.0,0.01044289598068459
429.0,0.010406032655482863
430.0,0.010377282308914795
431.0,0.01034428740666165
432.0,0.010305983791347267
433.0,0.01027058668147677
434.0,0.010235619889688085
435.0,0.010204866991851674
436.0,0.010191755014490638
437.0,0.010182946797965099
438.0,0.010166997941813628
439.0,0.010161360966102536
440.0,0.010165319833311332
441.0,0.010168590117415905
442.0,0.010176687864763185
443.0,0.01019220621192556
444.0,0.010218577166043087
445.0,0.01025165407645834
446.0,0.010290642551627618
447.0,0.0103356264746896
448.0,0.010384296808973924
449.0,0.010428002080653715
450.0,0.010473340826356547
451.0,0.010521023865690957
452.0,0.010569171485545495
453.0,0.010615036040022228
454.0,0.010656456029178807
455.0,0.010692199053319262
456.0,0.010724140377322021
457.0,0.010758999846825035
458.0,0.010788938611975362
459.0,0.010813278090570009
460.0,0.010834278966129977
461.0,0.010856489487593785
462.0,0.010889269552206702
463.0,0.010918264727450158
464.0,0.010941870618324051
465.0,0.010971343616873927
466.0,0.011001557486506174
467.0,0.011032866153303466
468.0,0.011061383032865996
469.0,0.011090619420706323
470.0,0.011122084028414615
471.0,0.011149174195616137
472.0,0.011173449302506248
473.0,0.011203513205128645
474.0,0.011233692756711322
475.0,0.01126295052262148
476.0,0.011292365306421349
477.0,0.011324208502806108
478.0,0.011357523612042354
479.0,0.011389653633732278
480.0,0.011422061384913517
481.0,0.011456329534384718
482.0,0.011492292808896614
483.0,0.011528864898938307
484.0,0.011573041132609183
485.0,0.011621061183191915
486.0,0.01165908264391308
487.0,0.011694735845469758
488.0,0.011734580134484977
489.0,0.011776685819478324
490.0,0.011820405880524153
491.0,0.011874554153645531
492.0,0.011930295090512731
493.0,0.011990586882747177
494.0,0.012066956324600293
495.0,0.0121472438318623
496.0,0.012226166557406649
497.0,0.012316123899413977
498.0,0.012420709153920961
499.0,0.01253339544674672
500.0,0.012648116275176782
501.0,0.012766784835591485
502.0,0.012896083296796373
503.0,0.013033576772109237
504.0,0.013174241579819685
505.0,0.013324740949570152
506.0,0.01348433448487552
507.0,0.013645122943842144
508.0,0.013812034684753074
509.0,0.013986948376890306
510.0,0.014169399869393948
511.0,0.014352006156880398
512.0,0.014533992804447926
513.0,0.014725980597580405
514.0,0.01492970970087235
515.0,0.01513441197507622
516.0,0.015351422340667506
517.0,0.015582715697297836
518.0,0.01580297760377898
519.0,0.016011801560943395
520.0,0.01622187666434955
521.0,0.01643118575300183
522.0,0.01663989680710237
523.0,0.016846257502318916
524.0,0.01705882961891541
525.0,0.017276214556314798
526.0,0.017495207968945194
527.0,0.017710619089613293
528.0,0.017914052172078927
529.0,0.018106094741876626
530.0,0.0182935780610427
531.0,0.01848772521204428
532.0,0.01868491200055041
533.0,0.01888151810473878
534.0,0.01907085136392745
535.0,0.019250815983647238
536.0,0.01942900258224026
537.0,0.019605001048633587
538.0,0.01977895756158254
539.0,0.019945031171485456
540.0,0.020104846481904616
541.0,0.020261648081152522
542.0,0.020410296331702864
543.0,0.020549629791887694
544.0,0.02068239412241528
545.0,0.020810296126506055
546.0,0.020932926296181986
547.0,0.021046500962684435
548.0,0.021154257649096404
549.0,0.021263478950236097
550.0,0.021374056158393502
551.0,0.02148556995872727
552.0,0.0215936999716529
553.0,0.02169607373630278
554.0,0.021791540040812372
555.0,0.021886571166162917
556.0,0.021978441048457965
557.0,0.02205756572829954
558.0,0.02213045853193236
559.0,0.022195918881576623
560.0,0.022247784731996303
561.0,0.02228670911933258
562.0,0.02231389346760025
563.0,0.022328091721343344
564.0,0.022331576049609517
565.0,0.0223271362493627
566.0,0.022312287793115965
567.0,0.022288000504544547
568.0,0.022253525026798254
569.0,0.022208188024439045
570.0,0.022149981724096834
571.0,0.022079215147165047
572.0,0.02199800887139982
573.0,0.02191274752976323
574.0,0.021821811963713352
575.0,0.021721582134141534
576.0,0.021613601837648353
577.0,0.021495448646620934
578.0,0.021363136111588486
579.0,0.021220124922544204
580.0,0.021065705614879315
581.0,0.020897201691081384
582.0,0.02071677640401863
583.0,0.020526500418097417
584.0,0.020321140530364417
585.0,0.02010158644972
586.0,0.019877808049096814
587.0,0.019642886288321032
588.0,0.019388871860299244
589.0,0.019130815034646524
590.0,0.018874538234281556
591.0,0.018622168983581013
592.0,0.018366748481560835
593.0,0.018092029397615766
594.0,0.01778807190709491
595.0,0.017453427811055917
596.0,0.01709155561675805
597.0,0.01670066727605449
598.0,0.01628872314916762
599.0,0.015885206386673713
600.0,0.0155125146865478
601.0,0.015185476347535434
602.0,0.014914882295932283
603.0,0.014703087073387914
604.0,0.0145422966742636
605.0,0.014416909621698296
606.0,0.014311824595823136
607.0,0.014212531401664927
608.0,0.014115841081863551
609.0,0.014017359801410823
610.0,0.01392292135326508
611.0,0.013833123835142496
612.0,0.013737892937660234
613.0,0.013637604511182625
614.0,0.013538036435718668
615.0,0.013444697849200365
616.0,0.01335475469987899
617.0,0.013262912309055847
618.0,0.013174998675136093
619.0,0.013093004877931653
620.0,0.01301951348304716
621.0,0.012955916292779191
622.0,0.012898421253440904
623.0,0.012839668842077429
624.0,0.012780845609862767
625.0,0.012727291169396193
626.0,0.012677351239544513
627.0,0.012632158580940776
628.0,0.012595900195505128
629.0,0.01257018720185038
630.0,0.012560914057400943
631.0,0.01255301372929098
632.0,0.012541215788888217
633.0,0.012529614138102104
634.0,0.012520114653681535
635.0,0.012514241063757004
636.0,0.01251343465509212
637.0,0.012518629445627935
638.0,0.012521101119628206
639.0,0.012519425925095426
640.0,0.012513294255621235
641.0,0.012503741309906785
642.0,0.012490169380157012
643.0,0.012465413557722613
644.0,0.01243150711298647
645.0,0.012387813774151902
646.0,0.012331505682568815
647.0,0.0122753184058954
648.0,0.012226940259984114
649.0,0.01217163243233523
650.0,0.01209845403005928
651.0,0.012000193812355302
652.0,0.011885265950654722
653.0,0.011754121393119236
654.0,0.011611911960625837
655.0,0.01142825706813579
656.0,0.01118840741492949
657.0,0.010914468312506897
658.0,0.010645266770628164
659.0,0.010401683982404809
660.0,0.010173783457737793
661.0,0.00995723359075767
662.0,0.009739713594587958
663.0,0.009535128805739009
664.0,0.009352728662596331
665.0,0.009183487553734857
666.0,0.009027312770808801
667.0,0.008884743579975608
668.0,0.008758771099152568
669.0,0.008650830245125049
670.0,0.00856500866149686
671.0,0.008498253801629094
672.0,0.00844779644306558
673.0,0.008410459364403317
674.0,0.008379782843922799
675.0,0.008357403708110668
676.0,0.008348466496001414
677.0,0.008349410361140331
678.0,0.008370578898734441
679.0,0.008414754111928319
680.0,0.008470453523726268
681.0,0.008552943970712221
682.0,0.008667649091710855
683.0,0.008803275743325914
684.0,0.008959909148211567
685.0,0.009148860628885317
686.0,0.009354909729046021
687.0,0.009552931331632123
688.0,0.009695751499046529
689.0,0.009800967844097067
690.0,0.009894236806851203
691.0,0.009981708685960941
692.0,0.010056620595716454
693.0,0.010111579989389564
694.0,0.01014396506609633
695.0,0.010151533986471024
696.0,0.010134173079787718
697.0,0.010085125596871181
698.0,0.009993400095573032
699.0,0.009873359483269391
700.0,0.00973468548281246
701.0,0.009588350881836587
702.0,0.00942122522130138
703.0,0.009232394106914087
704.0,0.009034065902631127
705.0,0.008822278939859526
706.0,0.008593433312783588
707.0,0.008354537885691748
708.0,0.008106488741653794
709.0,0.007844086381371273
710.0,0.007571664904185369
711.0,0.00729392584917449
712.0,0.007006801089011081
713.0,0.006715654054803113
714.0,0.006430803626418051
715.0,0.006146120611102321
716.0,0.005854758551965064
717.0,0.005572635346364105
718.0,0.005298869564313995
719.0,0.005054338415641959
720.0,0.00484198085662497
721.0,0.004655709455103968
722.0,0.0044690035622303725
723.0,0.00427551465525747
724.0,0.004077905191681828
725.0,0.0038820821245453677
726.0,0.0036949712726883853
727.0,0.0035187472308233258
728.0,0.003339195005634186
729.0,0.003154069873367118
730.0,0.0029817658722029877
731.0,0.002829758778581517
732.0,0.002705397181993112
733.0,0.0026003868622611727
734.0,0.0025103831934419714
735.0,0.0024339180527485674
736.0,0.002373470015715331
737.0,0.0023287378747454844
738.0,0.0022995980124856856
739.0,0.002280977369253126
740.0,0.0022654090668201747
741.0,0.0022510795812628313
742.0,0.0022386447140741736
743.0,0.002229461504186905
744.0,0.002221201414997107
745.0,0.002213621262071324
746.0,0.0022104460511444533
747.0,0.002203008853704131
748.0,0.0021815834188924892
749.0,0.0021673898568489005
750.0,0.0021648413328776437
751.0,0.002154778753137433
752.0,0.0021472623340135087
753.0,0.002144632648459157
754.0,0.0021325317556640236
755.0,0.0021170567427116907
756.0,0.0021072094431424026
757.0,0.002097468146402703
758.0,0.0020789087368036745
759.0,0.002044992079727802
760.0,0.0019863823146277514
761.0,0.0019198834270041966
762.0,0.0018871643522248218
763.0,0.0018891455299798472
764.0,0.0019093145123397798
765.0,0.00194616916232093
766.0,0.0019866244142539256
767.0,0.002006306979599042
768.0,0.002017994120870079
769.0,0.00203444071130529
770.0,0.0020449300567330414
771.0,0.0020500507024279746
772.0,0.0020594450692789793
773.0,0.002066342126648104
774.0,0.002070029158071086
775.0,0.0020672121097385227
776.0,0.0020659057436989117
777.0,0.0020773062063157745
778.0,0.0020890892175575207
779.0,0.0020971832499034272
780.0,0.002102049114402396
781.0,0.0021072677073183115
782.0,0.002115066803404169
783.0,0.002123574178899663
784.0,0.0021278353044431432
785.0,0.002132308194076845
786.0,0.0021406129988949816
787.0,0.0021518279626601923
788.0,0.002163037788616667
789.0,0.002171784753821313
790.0,0.0021767585897949477
791.0,0.0021925673834085257
792.0,0.0022175174664900237
793.0,0.0022303051731493223
794.0,0.0022470961960203263
795.0,0.002268007535841604
796.0,0.0022773220995482143
797.0,0.002281980743357557
798.0,0.0022949332747234314
799.0,0.0023056339941714063
800.0,0.0023153768824972546
801.0,0.002323108893608937
802.0,0.002334354905823721
803.0,0.0023476956200376735
804.0,0.0023495815798405323
805.0,0.0023518314752836557
806.0,0.0023557812458528597
807.0,0.0023504523998870595
808.0,0.0023397767822837734
809.0,0.002322829998474235
810.0,0.002297554740620469
811.0,0.002264654391919192
812.0,0.0022248061595007964
813.0,0.00218776022419361
814.0,0.0021606314075311274
815.0,0.002123502553706722
816.0,0.002085931558619565
817.0,0.002060462423470536
818.0,0.002030432249221595
819.0,0.001993142551668201
820.0,0.0019639392373065135
821.0,0.0019294204239409438
822.0,0.0018780642115074728
823.0,0.001816739687687314
824.0,0.0017466068470893073
825.0,0.0016756082478067789
826.0,0.0016203531302766549
827.0,0.0015777156445600962
828.0,0.00149927859584778
829.0,0.0014190639027880242
830.0,0.0013742150889251192
831.0,0.001323561477117327
832.0,0.0012763901979221824
833.0,0.001251071031190075
834.0,0.001229913696792784
835.0,0.0012039712398652913
836.0,0.0011820825832224643
837.0,0.0011683388022474598
838.0,0.0011684743046594883
839.0,0.0011616736173991314
840.0,0.0011444311129536783
841.0,0.0011309916271932132
842.0,0.0011156049009697136
843.0,0.0011013128324755602
844.0,0.0010925444258946119
845.0,0.0010856901048154485
846.0,0.0010854966146533625
847.0,0.0010823219290299357
848.0,0.001072018315840429
849.0,0.001050215359866252
850.0,0.0010369826342881585
851.0,0.00104025612984002
852.0,0.0010250590465996638
853.0,0.0010053939411706766
854.0,0.001009992262705604
855.0,0.0010096979786840148
856.0,0.0009926205223076987
857.0,0.0009781046885512811
858.0,0.0009739041912427465
859.0,0.000978107339622761
860.0,0.0009667493361800016
861.0,0.0009476640268448921
862.0,0.0009405379773891453
863.0,0.0009246331268962247
864.0,0.0009144507376988664
865.0,0.0009246399656179757
866.0,0.0009156399031723702
867.0,0.0008808184613943012
868.0,0.000886225136163958
869.0,0.0008844312992284907
870.0,0.0008507369337753685
871.0,0.0008536172385286356
872.0,0.0008680165525240721
873.0,0.000831019343544194
874.0,0.0008074458143670716
875.0,0.0008125111736169788
876.0,0.0008149712478629211
877.0,0.0008048374879522993
878.0,0.0007943507754699961
879.0,0.0007729278542172463
880.0,0.0007547472832143465
881.0,0.00074833140156856
882.0,0.0007344282654533115
883.0,0.0007158197849448154
884.0,0.0007141981304286469
885.0,0.0007063405800502917
886.0,0.0006893309664458076
887.0,0.0006750112291927606
888.0,0.0006710382780157274
889.0,0.0006677356466826304
890.0,0.0006416250872169589
891.0,0.0006025472161046311
892.0,0.0005924416562812912
893.0,0.0005936132216312728
894.0,0.0005850302277852326
895.0,0.0005629136590289359
896.0,0.0005396881168066164
897.0,0.0005079417523303133
898.0,0.00047558655979922196
899.0,0.000471724495219087
