/begin_header
/west_longitude=UNKNOWN
/south_latitude=NA
/north_latitude=UNKNOWN
/calibration_files=NA
/cruise=NA
/station=NA
/documents=NA
/data_type=NA
/affiliations=NOAA
/experiment=NA
/units=nm,dl
/start_date=2019-08-01
/end_date=NA
/missing=9999
/start_time=14:24:58
/data_file_name=NA
/cloud_percent=NA
/water_depth=NA
/data_status=NA
/east_longitude=NA
/wind_speed=NA
/secchi=NA
/measurement_depth=NA
/fields=wavelength,rrs
/delimiter=comma
/contact=NA
/end_time=NA
/wave_height=NA
/investigators=NA
/end_header@
325.0,0.012128755736404444
326.0,0.01215850836440372
327.0,0.01213558139854657
328.0,0.012086344709123821
329.0,0.01206259616031563
330.0,0.01197900946133897
331.0,0.01185147884711249
332.0,0.011753826590177973
333.0,0.011702656427231109
334.0,0.011641411145313755
335.0,0.011632511371516028
336.0,0.01163039833971234
337.0,0.011565902985905235
338.0,0.011505840334407815
339.0,0.01147961214018504
340.0,0.011378935798164704
341.0,0.011283055243408254
342.0,0.011267325528467435
343.0,0.011244437970695761
344.0,0.011196719549883221
345.0,0.011142851367635816
346.0,0.011093896217347935
347.0,0.011051646766093397
348.0,0.010987998478192396
349.0,0.010928162724103642
350.0,0.010900830718919122
351.0,0.010881904207213633
352.0,0.010850029223923854
353.0,0.010809716241774348
354.0,0.010766118805160377
355.0,0.010715749856699706
356.0,0.010684192022584967
357.0,0.010653989352007443
358.0,0.010629465089178539
359.0,0.010601918637628509
360.0,0.010547944442479891
361.0,0.010493829508955364
362.0,0.010455693749307108
363.0,0.010428033732944613
364.0,0.010384128918257601
365.0,0.010334576388938876
366.0,0.01030386527466945
367.0,0.010278680599409017
368.0,0.010251778909813948
369.0,0.010232006864066391
370.0,0.010203297501365807
371.0,0.010166895371190832
372.0,0.010132645609014671
373.0,0.010096145842404057
374.0,0.01006567322447909
375.0,0.010019867664576514
376.0,0.009966111924723312
377.0,0.009932998480904419
378.0,0.009915259893464782
379.0,0.009902922823271435
380.0,0.009873726726758634
381.0,0.009847739997261008
382.0,0.00984047559417711
383.0,0.00981320815924975
384.0,0.0097838716088276
385.0,0.009752592807903668
386.0,0.009722115224238166
387.0,0.009700221439223068
388.0,0.009683630380448859
389.0,0.009661839386911241
390.0,0.00964244158168735
391.0,0.009639074282636599
392.0,0.009638622690441676
393.0,0.009604160023440797
394.0,0.00956128147842642
395.0,0.009523468502810134
396.0,0.009487337396270995
397.0,0.009450812410069523
398.0,0.009417808722032912
399.0,0.009378342576106601
400.0,0.00933817507885518
401.0,0.009314719739457498
402.0,0.009287896257516214
403.0,0.009257785102275078
404.0,0.009228606604975887
405.0,0.009196316729425676
406.0,0.009158806247844556
407.0,0.009125951380964876
408.0,0.009091391275655041
409.0,0.009051761542986123
410.0,0.009010388784961385
411.0,0.008973140168198227
412.0,0.00894035870233843
413.0,0.008910307098709404
414.0,0.008883231293449426
415.0,0.008856048532199463
416.0,0.008830607933255994
417.0,0.00881007877470363
418.0,0.008795206754692444
419.0,0.00878439045137399
420.0,0.008770709282697459
421.0,0.008754991761301855
422.0,0.008742393937935857
423.0,0.008729147534003364
424.0,0.008713429797788408
425.0,0.008695516985804754
426.0,0.008686354095577036
427.0,0.00868286148130297
428.0,0.008666985994341524
429.0,0.008648538716895521
430.0,0.008638167554286381
431.0,0.008612128602497146
432.0,0.008577883995800156
433.0,0.00855729366571745
434.0,0.008542183791774047
435.0,0.008528173482508759
436.0,0.008519304714924656
437.0,0.008519890330147455
438.0,0.008526600416786137
439.0,0.008536925238670152
440.0,0.008549125684608824
441.0,0.008568293921571244
442.0,0.008597355637555986
443.0,0.008635820415850932
444.0,0.008683362631817022
445.0,0.008740853143689355
446.0,0.008808262357311553
447.0,0.008873852986458307
448.0,0.008937725323125405
449.0,0.009001929765268615
450.0,0.009064042504969201
451.0,0.009125296870956826
452.0,0.009191196893763104
453.0,0.009257374331695649
454.0,0.009315581586261945
455.0,0.009370128976961751
456.0,0.009419388903768
457.0,0.009462322443532453
458.0,0.009499106645313293
459.0,0.009533687949750427
460.0,0.009574216056775458
461.0,0.009614023496913855
462.0,0.009646704985814363
463.0,0.009678353762944613
464.0,0.009714608959311392
465.0,0.009754277550678068
466.0,0.00979764769685951
467.0,0.009840804909331504
468.0,0.009881920631822387
469.0,0.009925719139755564
470.0,0.009972280144276667
471.0,0.010015802927325387
472.0,0.010057111585780954
473.0,0.010102009748395003
474.0,0.010151072493480535
475.0,0.010199510670093543
476.0,0.010245048134225252
477.0,0.01028798485077793
478.0,0.01033103836374932
479.0,0.010373327814171506
480.0,0.010416015082216509
481.0,0.010462880657871359
482.0,0.010512316255247784
483.0,0.010558132462990073
484.0,0.010607042654354281
485.0,0.010658975402189637
486.0,0.010709932476997853
487.0,0.010762055692173868
488.0,0.01081649037989821
489.0,0.010867679559488095
490.0,0.01091939733320501
491.0,0.010982147912793632
492.0,0.011056041228809838
493.0,0.011139329407674764
494.0,0.011225771276525095
495.0,0.011323835925482799
496.0,0.011435077400547966
497.0,0.01155501540560858
498.0,0.0116879660496952
499.0,0.011836876688063965
500.0,0.011995317162044064
501.0,0.012160777273588608
502.0,0.012339354860836068
503.0,0.012526581094285283
504.0,0.012718804439577713
505.0,0.012922242328645375
506.0,0.013137894866869934
507.0,0.013366715765490322
508.0,0.013608003945671387
509.0,0.01385880714977394
510.0,0.014111899419540655
511.0,0.01437095963374305
512.0,0.014641663168976813
513.0,0.014923840388086163
514.0,0.01521930259926905
515.0,0.01552277614870807
516.0,0.01584209557190841
517.0,0.016175736572041383
518.0,0.01650776286981933
519.0,0.016831790871834874
520.0,0.01714514604269459
521.0,0.017457552852303576
522.0,0.017776483957563965
523.0,0.01810199187008358
524.0,0.018427963616575276
525.0,0.018751114004334456
526.0,0.019079996634935235
527.0,0.019411427031390076
528.0,0.01972929199432894
529.0,0.02003416065471616
530.0,0.020330309070099424
531.0,0.020630372225615097
532.0,0.020932666972067634
533.0,0.021232178199324495
534.0,0.021524135369679294
535.0,0.02180541218909533
536.0,0.022078097254739158
537.0,0.022345983137364314
538.0,0.02261352565601605
539.0,0.022875871414579717
540.0,0.023130805939647274
541.0,0.023375312990618603
542.0,0.023609100358108728
543.0,0.023831237050830657
544.0,0.024042502208183412
545.0,0.02424433449928462
546.0,0.02443976667892426
547.0,0.02462463039784049
548.0,0.024799459546521456
549.0,0.024967220802953976
550.0,0.025125717672697834
551.0,0.025277196826518033
552.0,0.02542049393299937
553.0,0.025559605776987137
554.0,0.02569415991849457
555.0,0.025814287465404727
556.0,0.025919220917981496
557.0,0.026010340881288684
558.0,0.026085338196772046
559.0,0.026143562586437276
560.0,0.02618516813545587
561.0,0.02621101328344617
562.0,0.026226704074001482
563.0,0.02622951050016616
564.0,0.02622026134541978
565.0,0.026198323608370478
566.0,0.02616607279273304
567.0,0.026126605484018815
568.0,0.026074479553834472
569.0,0.026009760657868218
570.0,0.025933462850388733
571.0,0.025849684671858657
572.0,0.02576395640587333
573.0,0.025681023136476754
574.0,0.025591857176182294
575.0,0.02548350424299244
576.0,0.02536281390093461
577.0,0.02523302948451835
578.0,0.025093111873004576
579.0,0.024943543996395482
580.0,0.02478761982977149
581.0,0.024617157751772194
582.0,0.024437742708514048
583.0,0.024251652320979082
584.0,0.02406565036401794
585.0,0.023880978749901645
586.0,0.02369204075944959
587.0,0.023494089103019096
588.0,0.02328865500717661
589.0,0.02307229613913677
590.0,0.022852204140604522
591.0,0.022642994247574374
592.0,0.022428000091556773
593.0,0.02219196644495987
594.0,0.021934488619634186
595.0,0.021650466683840703
596.0,0.02133615145666671
597.0,0.02098005006662735
598.0,0.020589014310240177
599.0,0.020194901287674608
600.0,0.019823083043256813
601.0,0.01949405105745815
602.0,0.01922059236597746
603.0,0.018998308130449434
604.0,0.018810896750895874
605.0,0.018649934977914933
606.0,0.018504376624191354
607.0,0.018362130198463368
608.0,0.01821715823134879
609.0,0.018064678259868364
610.0,0.017913759157879038
611.0,0.01776520973708638
612.0,0.01761432016751277
613.0,0.01746660758870775
614.0,0.0173244277751514
615.0,0.017184105404826667
616.0,0.017045705522407244
617.0,0.016912395225082477
618.0,0.016790058583647044
619.0,0.01668211782739152
620.0,0.016590178795725923
621.0,0.016510908191739147
622.0,0.016437713401510574
623.0,0.016373789761239186
624.0,0.016317296054991264
625.0,0.016264035586310628
626.0,0.016215190268234453
627.0,0.016169225289119554
628.0,0.016136491863123933
629.0,0.01611364808802715
630.0,0.016088765632047926
631.0,0.016071534135742797
632.0,0.01606408568061122
633.0,0.016061289520986177
634.0,0.016059479705312723
635.0,0.016062427200761224
636.0,0.016074138255431112
637.0,0.016090990482814767
638.0,0.016107765552507553
639.0,0.016116546368935274
640.0,0.01611602725919379
641.0,0.016115302375914013
642.0,0.016109467126865902
643.0,0.016086192182864497
644.0,0.016054472846639155
645.0,0.016013114343092643
646.0,0.015953618851679816
647.0,0.015885904847838632
648.0,0.01581308787318144
649.0,0.01572198081801033
650.0,0.0156076432086918
651.0,0.015464603522507184
652.0,0.015290614249381251
653.0,0.01508837163460169
654.0,0.014876720140983648
655.0,0.014594870179760702
656.0,0.014221662747917307
657.0,0.013796594624731493
658.0,0.013372507784786653
659.0,0.012970910585695678
660.0,0.012583946124669945
661.0,0.012214547765648332
662.0,0.011869558257510912
663.0,0.011548654389131855
664.0,0.011255809594724725
665.0,0.010994168058972421
666.0,0.010763666284804498
667.0,0.010565594505303968
668.0,0.01040858233121944
669.0,0.010292266868656844
670.0,0.010213950705420548
671.0,0.010168654885117217
672.0,0.010141016237039406
673.0,0.010141267617252373
674.0,0.010168529111707084
675.0,0.010213226637753519
676.0,0.01027780187229758
677.0,0.010363051051055833
678.0,0.010474533222573532
679.0,0.010614704107010988
680.0,0.010786013839231971
681.0,0.010990528375422467
682.0,0.011227657729306385
683.0,0.011502006890399378
684.0,0.011838083340180808
685.0,0.012280498626395988
686.0,0.012796838483188386
687.0,0.013326130959152218
688.0,0.013703878678012288
689.0,0.014026918946219154
690.0,0.014393427366889195
691.0,0.014772388599037217
692.0,0.015159537574425282
693.0,0.015553246363987644
694.0,0.015926376593548817
695.0,0.01625309507113548
696.0,0.01652371765027157
697.0,0.016736751031651655
698.0,0.016895319537479837
699.0,0.016999480894070017
700.0,0.01704030092620386
701.0,0.01700820381006791
702.0,0.0169103979354155
703.0,0.01675504717670967
704.0,0.016547600518474835
705.0,0.016290907751127636
706.0,0.01599046825850654
707.0,0.015641234945250652
708.0,0.015247416590048446
709.0,0.014819478634474689
710.0,0.014363685350782968
711.0,0.013882175408253187
712.0,0.013373518558503748
713.0,0.01285845455045336
714.0,0.012353599399442656
715.0,0.01187083497375708
716.0,0.011400652489240161
717.0,0.010937112678236483
718.0,0.010452572056078958
719.0,0.009959747146697492
720.0,0.009501900030427318
721.0,0.009095694026930602
722.0,0.00872559954206344
723.0,0.008365086548978789
724.0,0.008004826264347654
725.0,0.007642609212514839
726.0,0.007282092397111609
727.0,0.006924736359499644
728.0,0.006566402102210697
729.0,0.006208594090234608
730.0,0.005855169267641233
731.0,0.005529180618470914
732.0,0.005246739704804281
733.0,0.005015070095862842
734.0,0.004827451617475643
735.0,0.004675669359610739
736.0,0.004548049540447364
737.0,0.004445529076434725
738.0,0.00437568435564903
739.0,0.0043231202562083095
740.0,0.0042764630645015685
741.0,0.004240850871056968
742.0,0.004213066160316613
743.0,0.00418894818459633
744.0,0.0041718867358914455
745.0,0.004155861194090623
746.0,0.004139182241476693
747.0,0.004125436665617405
748.0,0.0041157873275281765
749.0,0.004098989297301932
750.0,0.00407682954997342
751.0,0.004065103033001163
752.0,0.004050983952136407
753.0,0.004033496984256896
754.0,0.004022133196213735
755.0,0.0040147418760072915
756.0,0.00400658434915884
757.0,0.004013800366896933
758.0,0.004040777311828528
759.0,0.004082474962934584
760.0,0.004129642365221893
761.0,0.004140246272425249
762.0,0.004103026998385207
763.0,0.004048098759174697
764.0,0.004011037058507421
765.0,0.003977340078115363
766.0,0.003951226400894785
767.0,0.003942786507898402
768.0,0.003940402097937267
769.0,0.003934869707665619
770.0,0.003942916924450475
771.0,0.003956757226179212
772.0,0.003951106985879837
773.0,0.00395232455289638
774.0,0.003965560467035014
775.0,0.003977359268175625
776.0,0.0039893330297438925
777.0,0.004001825756397999
778.0,0.004015995118620073
779.0,0.004032397142622072
780.0,0.0040545263697156254
781.0,0.004074995386193311
782.0,0.004090470397521939
783.0,0.004112743337999994
784.0,0.004140965082653491
785.0,0.004165094710435153
786.0,0.004194259628533424
787.0,0.004228128404661524
788.0,0.004253925614454311
789.0,0.004283083229301774
790.0,0.004318110072179227
791.0,0.004352955656067722
792.0,0.004387954461658469
793.0,0.0044114449339027004
794.0,0.004443453752135707
795.0,0.004484094731724575
796.0,0.004515229796821397
797.0,0.004541819668828181
798.0,0.004569573402387551
799.0,0.004600399716050966
800.0,0.004631159805476991
801.0,0.004654604375518652
802.0,0.004668389879407246
803.0,0.004675446417529671
804.0,0.004689521149535101
805.0,0.004699589444495432
806.0,0.004703344833646085
807.0,0.004702253348094801
808.0,0.0046923922149354255
809.0,0.004674810369007235
810.0,0.004648579867248604
811.0,0.004615779069808193
812.0,0.00458118936305231
813.0,0.004546270446172169
814.0,0.00450549504056414
815.0,0.004461706655079057
816.0,0.004416758964747086
817.0,0.004360912210618013
818.0,0.004296960967478606
819.0,0.004223689957677077
820.0,0.004144630192939972
821.0,0.004054679235554791
822.0,0.003950711501896299
823.0,0.0038493547479964392
824.0,0.0037407107947262
825.0,0.0036138685076723756
826.0,0.003484703188255061
827.0,0.00336290916441974
828.0,0.0032443131432224846
829.0,0.003129245316977715
830.0,0.003020258645557015
831.0,0.002928752178308265
832.0,0.0028487676890042264
833.0,0.0027738371262579957
834.0,0.0027241438160382943
835.0,0.0026948592746641018
836.0,0.0026460075351600583
837.0,0.002604870146295766
838.0,0.0025891760277044666
839.0,0.0025705317940038237
840.0,0.002546933005961174
841.0,0.002527470143788748
842.0,0.0025104896432974365
843.0,0.002496158928712527
844.0,0.0024769228835988645
845.0,0.0024549846104495957
846.0,0.0024353382688622276
847.0,0.0024185155899911883
848.0,0.0023994162549099084
849.0,0.002388371776906627
850.0,0.0023856027014947647
851.0,0.0023812111003412495
852.0,0.0023607669358439425
853.0,0.0023341426992691656
854.0,0.002316344548164432
855.0,0.0023131990624221574
856.0,0.0023148289817916294
857.0,0.002283037609350434
858.0,0.0022667113582374118
859.0,0.002274858601893392
860.0,0.0022649160911349547
861.0,0.0022428033749493136
862.0,0.0022258982347925023
863.0,0.002217604034147878
864.0,0.0022141579870846415
865.0,0.002191002340113523
866.0,0.0021790122178917933
867.0,0.0021771659204014642
868.0,0.0021522464870387783
869.0,0.0021268063662478165
870.0,0.002114450772955914
871.0,0.002119172246248345
872.0,0.0021146148625310196
873.0,0.0020777644875663564
874.0,0.0020433492305388747
875.0,0.002027636196885573
876.0,0.0020108966292647443
877.0,0.0019946037390358804
878.0,0.001984410308507048
879.0,0.001979793991708068
880.0,0.001969182990183979
881.0,0.0019457139389164352
882.0,0.0019292283877674142
883.0,0.001916115113455908
884.0,0.0018898583548498838
885.0,0.0018729618633775698
886.0,0.0018680605289843459
887.0,0.001855065335409334
888.0,0.001837393733203134
889.0,0.0018398742527536837
890.0,0.001828563897557796
891.0,0.001794988245087232
892.0,0.001756219668576654
893.0,0.0017531218655586645
894.0,0.0017784167800785188
895.0,0.0017703293145318246
896.0,0.0017373950784275113
897.0,0.0016944769136382088
898.0,0.001692631954703323
899.0,0.001698240716793209
