/begin_header
/west_longitude=UNKNOWN
/south_latitude=NA
/north_latitude=UNKNOWN
/calibration_files=NA
/cruise=NA
/station=NA
/documents=NA
/data_type=NA
/affiliations=NOAA
/experiment=NA
/units=nm,dl
/start_date=2019-08-15
/end_date=NA
/missing=9999
/start_time=14:24:23
/data_file_name=NA
/cloud_percent=NA
/water_depth=NA
/data_status=NA
/east_longitude=NA
/wind_speed=NA
/secchi=NA
/measurement_depth=NA
/fields=wavelength,rrs
/delimiter=comma
/contact=NA
/end_time=NA
/wave_height=NA
/investigators=NA
/end_header@
325.0,0.010112719792601834
326.0,0.010177178047760882
327.0,0.010171512761546172
328.0,0.010068465493278394
329.0,0.010016906830481455
330.0,0.009957453542445238
331.0,0.009862030104281544
332.0,0.009871569452303618
333.0,0.009923992113379316
334.0,0.009800262130680738
335.0,0.009718695106820097
336.0,0.00971054971453147
337.0,0.009704917341155805
338.0,0.009642851173232988
339.0,0.009534374489816377
340.0,0.009530789066426007
341.0,0.009537989861113802
342.0,0.009446896572210999
343.0,0.009399984797020196
344.0,0.009375007957319974
345.0,0.009336447708418195
346.0,0.009280986561224893
347.0,0.00921450295576451
348.0,0.00918407772652687
349.0,0.009154335946593376
350.0,0.009110655515830964
351.0,0.009080311502884273
352.0,0.00904234176771409
353.0,0.008975113555615626
354.0,0.008936173653569647
355.0,0.008926423139645727
356.0,0.008904994948427843
357.0,0.008880944493142204
358.0,0.00884977403957545
359.0,0.008813128935633917
360.0,0.008770802672667163
361.0,0.008726740729006966
362.0,0.008689536772506825
363.0,0.008665167848084285
364.0,0.0086391522505775
365.0,0.008618389182748789
366.0,0.00859819780020082
367.0,0.008558904430558902
368.0,0.008526190023963574
369.0,0.008518964678642488
370.0,0.008502458350029662
371.0,0.008470170840632164
372.0,0.008445949347261221
373.0,0.008422736730949263
374.0,0.008409212509629596
375.0,0.008375792670571442
376.0,0.008342405645466153
377.0,0.008339283586780087
378.0,0.008323180165320947
379.0,0.008289535988921164
380.0,0.008271560519166518
381.0,0.008254342248195556
382.0,0.008240736984383048
383.0,0.008215620105896035
384.0,0.008188859675292858
385.0,0.008173896720402031
386.0,0.008155003324329991
387.0,0.008129338062165519
388.0,0.00813134359285721
389.0,0.008130711310228755
390.0,0.008122077979861407
391.0,0.008118029021420337
392.0,0.008116089266023344
393.0,0.008088549216286784
394.0,0.008071147525976678
395.0,0.008064401148211744
396.0,0.008038969957264174
397.0,0.008011277592891112
398.0,0.007986540897744192
399.0,0.007966000741563384
400.0,0.007951184615895123
401.0,0.007929037031344432
402.0,0.007916141229492503
403.0,0.00791170336987127
404.0,0.00790210094105221
405.0,0.007891297508633006
406.0,0.00787970720120684
407.0,0.007863486321897036
408.0,0.007850803892979645
409.0,0.007842343062831002
410.0,0.007827893909882654
411.0,0.007814078598416468
412.0,0.007817648588968478
413.0,0.007813139071471445
414.0,0.007793717560662881
415.0,0.007791435285097181
416.0,0.007791170255592029
417.0,0.0077846789281196625
418.0,0.007785364499836632
419.0,0.007790881889224025
420.0,0.007789787080607509
421.0,0.007788879677370327
422.0,0.007791852455080753
423.0,0.007798750972545475
424.0,0.007807771944465573
425.0,0.007808688684616888
426.0,0.007817080498666253
427.0,0.007832994181258534
428.0,0.007833652117800165
429.0,0.00783090825954752
430.0,0.007835022705646231
431.0,0.007846440886146947
432.0,0.007855968155469054
433.0,0.007850429087536791
434.0,0.007846299522983678
435.0,0.007849471587769113
436.0,0.007855935773621588
437.0,0.007867927970898362
438.0,0.00788114636459105
439.0,0.007900937768896337
440.0,0.007923943357824167
441.0,0.00794443957665055
442.0,0.00796713983024724
443.0,0.00799497741008479
444.0,0.008025986801549685
445.0,0.008058500965671758
446.0,0.008093845579295267
447.0,0.008131935172786231
448.0,0.008170597473013652
449.0,0.008209692621037237
450.0,0.00824903341094822
451.0,0.00828831948216355
452.0,0.008332328482652513
453.0,0.008377405421484553
454.0,0.00841393417942562
455.0,0.008457337127792135
456.0,0.008505044617536515
457.0,0.0085384992286065
458.0,0.008571578916195548
459.0,0.008605824852312989
460.0,0.008646500016250282
461.0,0.008688953705903281
462.0,0.00872718410473178
463.0,0.00876475188965437
464.0,0.008805432316807475
465.0,0.008854318988944676
466.0,0.008901320872714138
467.0,0.008941824360311764
468.0,0.008985627139097004
469.0,0.009031549357652617
470.0,0.00907591021123241
471.0,0.009119124960303803
472.0,0.009161770089948732
473.0,0.009199872040886405
474.0,0.009237310926331063
475.0,0.009279677443754228
476.0,0.009318202231325255
477.0,0.009352974716157609
478.0,0.009383114712218634
479.0,0.009418069278121232
480.0,0.009459346937571117
481.0,0.009497740872227819
482.0,0.009534471978437896
483.0,0.009570647601583748
484.0,0.009607557722288208
485.0,0.009644991769952115
486.0,0.009681675765696346
487.0,0.00971238903526093
488.0,0.009740371927581027
489.0,0.009773201302773777
490.0,0.00980562729086153
491.0,0.009837433650800923
492.0,0.009875497159814376
493.0,0.009917421073107757
494.0,0.009956431746629708
495.0,0.009999565311480416
496.0,0.010048927527894297
497.0,0.01010057982897167
498.0,0.010155548334570497
499.0,0.010208898629405879
500.0,0.01027020944832759
501.0,0.010338546928900131
502.0,0.010397806310422968
503.0,0.010452507350196764
504.0,0.01050876945261943
505.0,0.010567581890925186
506.0,0.01062259101095479
507.0,0.010663072379425091
508.0,0.010702226623566935
509.0,0.010742808713467299
510.0,0.010772348415234912
511.0,0.01080061509241875
512.0,0.010835329625167353
513.0,0.010887297507643336
514.0,0.010954178308740391
515.0,0.011026183757087086
516.0,0.011109258623177775
517.0,0.011202774611564128
518.0,0.011298768728358647
519.0,0.011391683845214754
520.0,0.011478089003803177
521.0,0.011565405992582729
522.0,0.011656099194543315
523.0,0.011742096717974219
524.0,0.011833109462040902
525.0,0.011932197450078215
526.0,0.012027117023618004
527.0,0.012117166758154028
528.0,0.012201819309527132
529.0,0.012281973670250338
530.0,0.01235946419689873
531.0,0.012441059629485041
532.0,0.01252349912260855
533.0,0.01260218914955379
534.0,0.0126744519897577
535.0,0.012741542108117657
536.0,0.012806974241775574
537.0,0.012872570802105378
538.0,0.012937698145767663
539.0,0.012994863537993197
540.0,0.013045749856217556
541.0,0.01309144212361733
542.0,0.013131473203052215
543.0,0.013164266881787068
544.0,0.013186905931934676
545.0,0.013199907105102774
546.0,0.013204747583630772
547.0,0.01320428316468343
548.0,0.013198722730040996
549.0,0.01319072770982157
550.0,0.013183449530455619
551.0,0.013181684982995712
552.0,0.013193898087626449
553.0,0.013212806700269563
554.0,0.013230468467265713
555.0,0.013249333425457213
556.0,0.013270462346901536
557.0,0.01328902954281717
558.0,0.013302190828297719
559.0,0.013308583523704096
560.0,0.013308742781594196
561.0,0.013302274462966623
562.0,0.01328862035675989
563.0,0.013267231847306136
564.0,0.013236690191081785
565.0,0.013197553028264572
566.0,0.013149714932436708
567.0,0.013094162955201844
568.0,0.013030157373278211
569.0,0.012955465294117332
570.0,0.012866366615986261
571.0,0.012765660829571215
572.0,0.012653209166321622
573.0,0.012532724934071298
574.0,0.012399120287289529
575.0,0.0122473806312456
576.0,0.012081982217238824
577.0,0.011901601139680223
578.0,0.011693654562696592
579.0,0.011466996823419505
580.0,0.011226655939693433
581.0,0.010971003028064152
582.0,0.01070625965634976
583.0,0.010435424246332555
584.0,0.010163032749683696
585.0,0.009890172430552612
586.0,0.009614704452129991
587.0,0.009340688066821637
588.0,0.00906383850738728
589.0,0.008783443552806997
590.0,0.008505942921232915
591.0,0.00823462864811952
592.0,0.007964484667506986
593.0,0.007686621084798559
594.0,0.0073978055218651235
595.0,0.007097533086595541
596.0,0.006784296571344266
597.0,0.006465025157082397
598.0,0.0061501086534052046
599.0,0.0058630273226567805
600.0,0.005615620388507917
601.0,0.005409521470752252
602.0,0.005246155012942578
603.0,0.005121776316077029
604.0,0.005031457305946556
605.0,0.004966962559612277
606.0,0.00492230993145497
607.0,0.004887883413225883
608.0,0.0048563738555097175
609.0,0.004818494074365963
610.0,0.004781830692945285
611.0,0.004749142391073525
612.0,0.004718407366404088
613.0,0.004686284489609365
614.0,0.004654940181909675
615.0,0.004617689379201824
616.0,0.0045753865815194835
617.0,0.004545305601765372
618.0,0.004510788335933038
619.0,0.0044704087425415815
620.0,0.004441327089656775
621.0,0.004414007103211598
622.0,0.0043760253921190885
623.0,0.004342112899060671
624.0,0.004311478255506941
625.0,0.004282555575393387
626.0,0.004254592722618097
627.0,0.004221125981135554
628.0,0.004186497819365452
629.0,0.004153481386180613
630.0,0.004132648990375484
631.0,0.004111834003955201
632.0,0.0040849474837911385
633.0,0.0040609699321788205
634.0,0.004039451155805956
635.0,0.004014901289931019
636.0,0.003990971281389762
637.0,0.00396666884051941
638.0,0.003940574932514549
639.0,0.0039158735234228245
640.0,0.0038921242149691205
641.0,0.003865292396876348
642.0,0.0038319742952480653
643.0,0.003802067385188363
644.0,0.0037742861040847156
645.0,0.0037431200914085313
646.0,0.0037061583996582876
647.0,0.0036723448982193944
648.0,0.0036423900545337366
649.0,0.003604881116866674
650.0,0.0035569858385326447
651.0,0.0035034654194369525
652.0,0.003451246663887966
653.0,0.003398376572457653
654.0,0.003338749192193429
655.0,0.0032657711519863512
656.0,0.0031833159636633123
657.0,0.003110581479620841
658.0,0.003051351563864431
659.0,0.0029847796051681577
660.0,0.002926828643618453
661.0,0.0028864776578952445
662.0,0.0028546535965149077
663.0,0.002826011138791659
664.0,0.002797315004327823
665.0,0.002775729927280677
666.0,0.002759885549963324
667.0,0.002735427160894677
668.0,0.002716627371638917
669.0,0.0027060152722748524
670.0,0.0026895287805059594
671.0,0.0026739954131189568
672.0,0.0026641800752697778
673.0,0.002653686111712478
674.0,0.0026407443222656946
675.0,0.00263112695186588
676.0,0.0026213350078230194
677.0,0.0026106743401104154
678.0,0.0026029297279930824
679.0,0.0025976380759925605
680.0,0.0025824453495949334
681.0,0.002569524170201086
682.0,0.002561360261500255
683.0,0.002544138992408066
684.0,0.002528509836777582
685.0,0.0025236736570953783
686.0,0.002506920982763045
687.0,0.0024720131526121277
688.0,0.0024341706362597066
689.0,0.0024012469822052743
690.0,0.0023724165005950893
691.0,0.0023288599433537024
692.0,0.002278334750330172
693.0,0.0022383174410758014
694.0,0.002196873193118783
695.0,0.002149973821688988
696.0,0.002109092977261071
697.0,0.002067798501225938
698.0,0.0020099996167198247
699.0,0.0019521511590438814
700.0,0.0019008628867664772
701.0,0.0018511000653344677
702.0,0.001804907529015898
703.0,0.0017589340712789677
704.0,0.0017086066107491124
705.0,0.0016568463931297042
706.0,0.0016063317469479105
707.0,0.0015566969372781865
708.0,0.001506429254078841
709.0,0.0014534855340620747
710.0,0.001404319889042836
711.0,0.0013558121150896462
712.0,0.0013014904331269765
713.0,0.0012443888456399085
714.0,0.0011856618425348745
715.0,0.0011285914654703745
716.0,0.0010719527343103334
717.0,0.001017535732669162
718.0,0.0009675571230698214
719.0,0.0009193927417250577
720.0,0.0008869057105927773
721.0,0.0008627700014837382
722.0,0.0008241996799667345
723.0,0.000785497954986477
724.0,0.0007498934999675311
725.0,0.000702449003936884
726.0,0.0006610781233562411
727.0,0.0006411501282867787
728.0,0.000612825514616157
729.0,0.000575798431942776
730.0,0.0005525820785603314
731.0,0.0005298425869403537
732.0,0.0005088086279173055
733.0,0.00048876464908161
734.0,0.00047342441522692116
735.0,0.00046367883384425225
736.0,0.00044929511591786835
737.0,0.00043317836229879003
738.0,0.0004295195952954608
739.0,0.0004302403699320462
740.0,0.00042578438265253456
741.0,0.000421901828152519
742.0,0.0004196286573880883
743.0,0.0004105558841126923
744.0,0.0004072841201403146
745.0,0.0004112868839472172
746.0,0.0004044017418452221
747.0,0.00039350216379523416
748.0,0.0003926028782427005
749.0,0.0003969089372925219
750.0,0.0003998111887184086
751.0,0.0003905562905034919
752.0,0.0003841750043482941
753.0,0.0003848910597509881
754.0,0.0003806631205317369
755.0,0.0003701436679081376
756.0,0.0003696734994764207
757.0,0.0003637477949357551
758.0,0.0003413042559604679
759.0,0.0003128901147654254
760.0,0.000280155471371963
761.0,0.00025838788816282503
762.0,0.0002482684136612521
763.0,0.00025087008828791657
764.0,0.00026569291969452436
765.0,0.00028464265484974706
766.0,0.0003029123012167778
767.0,0.00031450244124569415
768.0,0.0003215894116802571
769.0,0.0003291702603671723
770.0,0.0003349592661897092
771.0,0.0003369447276292574
772.0,0.00033112864037916043
773.0,0.0003285702791567457
774.0,0.0003387424471480611
775.0,0.000342048028395558
776.0,0.0003377959231532496
777.0,0.00033378636601808686
778.0,0.000335269449121956
779.0,0.00033908310745479675
780.0,0.0003354861404028754
781.0,0.00033210641801924317
782.0,0.000328267241907949
783.0,0.0003300560885014825
784.0,0.0003360517313261059
785.0,0.00033073882199576737
786.0,0.0003247611879008126
787.0,0.0003220872078705888
788.0,0.0003230638960888098
789.0,0.00032915374780040114
790.0,0.0003372114106957433
791.0,0.00033576776777603367
792.0,0.0003349544648802476
793.0,0.000339854980432853
794.0,0.0003395219953970937
795.0,0.0003332456730641404
796.0,0.0003283011211891836
797.0,0.00032847966006582785
798.0,0.00033787337158617246
799.0,0.00034284729473049844
800.0,0.00034300590572502245
801.0,0.0003329285198028721
802.0,0.00033139857687689077
803.0,0.00033982322731167155
804.0,0.00033601378799305673
805.0,0.00033215596085713663
806.0,0.0003370829352217146
807.0,0.0003361353647619087
808.0,0.0003252395383916377
809.0,0.000316956200914341
810.0,0.0003032373059040954
811.0,0.0002863074443513153
812.0,0.0002784827375277331
813.0,0.00026894929389801654
814.0,0.00025851471139614604
815.0,0.00025075262392460146
816.0,0.0002471772072531556
817.0,0.00024938754293647925
818.0,0.0002425305646105615
819.0,0.0002280609407230588
820.0,0.00022086008626541917
821.0,0.000214685167753852
822.0,0.00020817969453536307
823.0,0.0002043820733455025
824.0,0.0002020424551869317
825.0,0.0001785058506342286
826.0,0.00016195747706351178
827.0,0.0001537933325334177
828.0,0.00013514633096311764
829.0,0.00011414714798720089
830.0,9.877641127368796e-05
831.0,9.016982235304456e-05
832.0,8.383068760092428e-05
833.0,7.634305043015716e-05
834.0,7.764868971850105e-05
835.0,8.323762867309462e-05
836.0,8.135921868925898e-05
837.0,8.159270868205991e-05
838.0,7.443145401832456e-05
839.0,6.414452054889262e-05
840.0,5.570479569001829e-05
841.0,4.993474982320058e-05
842.0,5.8081759035343884e-05
843.0,5.2712263650366987e-05
844.0,5.184135030830333e-05
845.0,4.260085453774145e-05
846.0,4.341338672026373e-05
847.0,4.900726900761059e-05
848.0,7.068907555888646e-05
849.0,7.249453967820759e-05
850.0,6.222601838930102e-05
851.0,6.866800352821953e-05
852.0,5.183752128785253e-05
853.0,5.6933404190621584e-05
854.0,6.0818251566594493e-05
855.0,6.127168401434991e-05
856.0,4.6131213261014014e-05
857.0,5.313283161230539e-05
858.0,5.282484461846718e-05
859.0,6.432247594358286e-05
860.0,6.589998659813618e-05
861.0,6.406812396625181e-05
862.0,5.977114256791264e-05
863.0,5.5408338501947876e-05
864.0,7.123319135992351e-05
865.0,5.557633707592534e-05
866.0,5.6780597205108576e-05
867.0,5.143063874089536e-05
868.0,5.435517945773603e-05
869.0,7.242097252365356e-05
870.0,6.550865154247382e-05
871.0,7.096060266413077e-05
872.0,8.368444687378051e-05
873.0,0.00010000000000000002
874.0,0.00010000000000000002
875.0,8.366247208747431e-05
876.0,8.358322753650848e-05
877.0,8.256010110772195e-05
878.0,8.319171226957128e-05
879.0,8.101623647185189e-05
880.0,9.086869399664585e-05
881.0,0.00010000000000000002
882.0,0.00010000000000000002
883.0,8.057699393183638e-05
884.0,0.00010000000000000002
885.0,0.00010000000000000002
886.0,0.00010000000000000002
887.0,0.00010000000000000002
888.0,0.00010000000000000002
889.0,9.064189032509842e-05
890.0,0.00010000000000000002
891.0,0.00010000000000000002
892.0,0.00010000000000000002
893.0,0.00010000000000000002
894.0,0.00010000000000000002
895.0,0.00010000000000000002
896.0,0.00010000000000000002
897.0,0.00010000000000000002
898.0,0.00010000000000000002
899.0,0.00010000000000000002
