/begin_header
/west_longitude=UNKNOWN
/south_latitude=NA
/north_latitude=UNKNOWN
/calibration_files=NA
/cruise=NA
/station=NA
/documents=NA
/data_type=NA
/affiliations=NOAA
/experiment=NA
/units=nm,dl
/start_date=2019-08-15
/end_date=NA
/missing=9999
/start_time=13:00:42
/data_file_name=NA
/cloud_percent=NA
/water_depth=NA
/data_status=NA
/east_longitude=NA
/wind_speed=NA
/secchi=NA
/measurement_depth=NA
/fields=wavelength,rrs
/delimiter=comma
/contact=NA
/end_time=NA
/wave_height=NA
/investigators=NA
/end_header@
325.0,0.014071239049074178
326.0,0.014050746116225685
327.0,0.013967284079595983
328.0,0.013847366935915132
329.0,0.013744293341319455
330.0,0.01372726401537577
331.0,0.01374936172328312
332.0,0.013715061208737056
333.0,0.013609727965948146
334.0,0.013505004720073844
335.0,0.013423973532057246
336.0,0.013366369918626067
337.0,0.013325526059342946
338.0,0.013239412773809273
339.0,0.013113281202257026
340.0,0.0130632885373843
341.0,0.013033018166614823
342.0,0.012932552835244821
343.0,0.012857952690108426
344.0,0.012796012387787875
345.0,0.01272568773238108
346.0,0.012663441419303886
347.0,0.01260845172116895
348.0,0.012552754285875743
349.0,0.012492187254961689
350.0,0.012425514196083998
351.0,0.012349914798034661
352.0,0.01228039262787674
353.0,0.012248655730152741
354.0,0.012209108285571271
355.0,0.012144894878905008
356.0,0.012100534762604358
357.0,0.012038656856904324
358.0,0.011958748678025323
359.0,0.011911903150687821
360.0,0.011885538094735023
361.0,0.011836432129891696
362.0,0.011781504909318858
363.0,0.011735659313465157
364.0,0.011696648481456571
365.0,0.011645546878543016
366.0,0.0115970690193592
367.0,0.011562401156255366
368.0,0.011528460721575864
369.0,0.011476361069630403
370.0,0.011431920533287896
371.0,0.011394049207974457
372.0,0.011338929325392533
373.0,0.011282493967993837
374.0,0.01124493186521372
375.0,0.011221928131693775
376.0,0.011188700841581314
377.0,0.011133390167109994
378.0,0.011096777641677269
379.0,0.011078380584756272
380.0,0.011037145574299776
381.0,0.010992534370653114
382.0,0.010959018227916733
383.0,0.010933875491697088
384.0,0.010908791513588948
385.0,0.01087844433339899
386.0,0.010843863719290062
387.0,0.010812010445520112
388.0,0.010780759632463754
389.0,0.010746115239952647
390.0,0.010707031948822675
391.0,0.01069038402334593
392.0,0.010671657819039209
393.0,0.010628668247534771
394.0,0.010594578836525148
395.0,0.010566050203896924
396.0,0.010537955297767816
397.0,0.010497572103412272
398.0,0.010454162062996675
399.0,0.010422098046550154
400.0,0.01039343338635405
401.0,0.010357075216439684
402.0,0.010325902396403724
403.0,0.010306335224848105
404.0,0.010292262269944799
405.0,0.010272124474363513
406.0,0.0102493799272141
407.0,0.010222827567086668
408.0,0.010201777063178494
409.0,0.010185089539819933
410.0,0.010159054098458426
411.0,0.010127818958649306
412.0,0.010104099589127004
413.0,0.01008326996566161
414.0,0.010067959762420028
415.0,0.010053901074000704
416.0,0.01004151087993817
417.0,0.010026588828581668
418.0,0.01001272044798773
419.0,0.010002956594224881
420.0,0.010002095186101992
421.0,0.009997912721998079
422.0,0.009986716736153659
423.0,0.009976951938623501
424.0,0.009970488179127147
425.0,0.00996820063699655
426.0,0.009973897848062786
427.0,0.00998086815104919
428.0,0.009981882012356587
429.0,0.009978816348158519
430.0,0.009976444178629628
431.0,0.009974908196403518
432.0,0.009969221716357796
433.0,0.009957174178146682
434.0,0.009947592373510747
435.0,0.009945705409353852
436.0,0.009952367255333681
437.0,0.00995773907260244
438.0,0.009956712629399312
439.0,0.00996633967149022
440.0,0.009986623802741065
441.0,0.010009539215336444
442.0,0.010030650665647314
443.0,0.010049246145017912
444.0,0.010076184124807772
445.0,0.01010942212065873
446.0,0.010147716764848056
447.0,0.010187197772827096
448.0,0.010224656156964653
449.0,0.010255961640962435
450.0,0.010291485422253725
451.0,0.01033429600308163
452.0,0.01037457116725822
453.0,0.010411454016635504
454.0,0.01045085196108093
455.0,0.010487377107440705
456.0,0.010520838244282084
457.0,0.010556285057037028
458.0,0.010589528748671142
459.0,0.01062163415979237
460.0,0.01065734472241951
461.0,0.010692058825715356
462.0,0.010724949427753545
463.0,0.010757491424740114
464.0,0.010793800907756003
465.0,0.010838596984178921
466.0,0.010883960464590772
467.0,0.01092689516576235
468.0,0.0109645563700866
469.0,0.01100292118779253
470.0,0.011042759432441816
471.0,0.011082688698180793
472.0,0.011122760451152992
473.0,0.011158750275797508
474.0,0.011191055960041241
475.0,0.011226743135163848
476.0,0.011266907844526396
477.0,0.011304412298567315
478.0,0.011335146131865887
479.0,0.011365039478254846
480.0,0.011397253354305798
481.0,0.011434919749045315
482.0,0.011475691637332003
483.0,0.011514646703738146
484.0,0.011551562881717877
485.0,0.011590353652305516
486.0,0.011633506283202009
487.0,0.011669756902534887
488.0,0.011698837396465343
489.0,0.011724493061271726
490.0,0.011752620250299967
491.0,0.011796452209608562
492.0,0.011842540118195067
493.0,0.011886544101231283
494.0,0.011931282429971633
495.0,0.011982431102315148
496.0,0.0120397933492112
497.0,0.01209941016810413
498.0,0.012159809535236316
499.0,0.012228174069955643
500.0,0.012305979623341599
501.0,0.012387615964851769
502.0,0.012460043178752394
503.0,0.012529618202556648
504.0,0.012600447428409845
505.0,0.012670779438833369
506.0,0.012740499802529628
507.0,0.012816364440289107
508.0,0.01288482930462553
509.0,0.012942621523114189
510.0,0.012999672707440893
511.0,0.01305678230949248
512.0,0.013121580788886703
513.0,0.013197614413510242
514.0,0.013284208640853593
515.0,0.013375713280939857
516.0,0.013481812832715828
517.0,0.013601576774206658
518.0,0.013721408121508603
519.0,0.013833108696693542
520.0,0.013936219411882472
521.0,0.014039867508182691
522.0,0.014147407084044102
523.0,0.01425704444166039
524.0,0.014369711646749642
525.0,0.014482998405987624
526.0,0.01459354482474127
527.0,0.014702602579099213
528.0,0.014817869415233078
529.0,0.014921505217232692
530.0,0.015014649438037505
531.0,0.015120197191414117
532.0,0.015225685753279585
533.0,0.01532449529787687
534.0,0.015420629946001557
535.0,0.015513321980835049
536.0,0.015600837372085525
537.0,0.015685197048857184
538.0,0.015771847360066454
539.0,0.01585324961451215
540.0,0.015926836080808242
541.0,0.015992250358610943
542.0,0.01605233257755318
543.0,0.01610515146202377
544.0,0.01614908557055324
545.0,0.01618525653643489
546.0,0.01621555009774021
547.0,0.01623827727516838
548.0,0.016253223803368154
549.0,0.016267189284153487
550.0,0.016284851254659442
551.0,0.016308120627998683
552.0,0.016337793839265348
553.0,0.016371339368837428
554.0,0.016409048694838845
555.0,0.01644754324123731
556.0,0.0164829574292475
557.0,0.01651573942209643
558.0,0.016545777202184857
559.0,0.016571782850497686
560.0,0.016583294440805068
561.0,0.016586459777427908
562.0,0.01658877872302886
563.0,0.016580026379007212
564.0,0.01656019255150265
565.0,0.016537234911325117
566.0,0.01650380577622094
567.0,0.01646014022759284
568.0,0.01641022227216324
569.0,0.016351087438616813
570.0,0.016279679286106484
571.0,0.016197743024797116
572.0,0.016106651611770443
573.0,0.01600376299752974
574.0,0.015891192738005225
575.0,0.015765524430794327
576.0,0.015618103989884622
577.0,0.015449497403966233
578.0,0.015266252976455157
579.0,0.015058530930870803
580.0,0.0148254546506005
581.0,0.014577639989757942
582.0,0.014316717039826917
583.0,0.014044913332186451
584.0,0.013765316640188407
585.0,0.013477288327013406
586.0,0.013179256982385484
587.0,0.012876591626821168
588.0,0.012570385418605116
589.0,0.012254578638761842
590.0,0.01193591741273747
591.0,0.011627742321828245
592.0,0.01132118489726592
593.0,0.010997324347565169
594.0,0.01065466408713538
595.0,0.010291115172824824
596.0,0.00990633828135698
597.0,0.009508390879740236
598.0,0.009109194722592534
599.0,0.008732837862931704
600.0,0.008398961757792114
601.0,0.008128797628050955
602.0,0.007910298713198625
603.0,0.007742804818241878
604.0,0.007635396648066037
605.0,0.007556677889402813
606.0,0.0074908530552796615
607.0,0.007436560937310557
608.0,0.007384983340064673
609.0,0.007338197521908343
610.0,0.007296572549815879
611.0,0.007254576406592998
612.0,0.007203842013885691
613.0,0.007155979991833127
614.0,0.007112493013415171
615.0,0.00706566807028765
616.0,0.007014757917445694
617.0,0.00696632126471657
618.0,0.006918415067059808
619.0,0.006872194278241215
620.0,0.0068323816229087465
621.0,0.006789938875244303
622.0,0.006741529724959018
623.0,0.006697145144934534
624.0,0.006657076148901786
625.0,0.006617441412549016
626.0,0.006568517619906006
627.0,0.006511074602370664
628.0,0.006470793842035735
629.0,0.006442606649207308
630.0,0.006416754259991661
631.0,0.006385953149456325
632.0,0.006348636320446624
633.0,0.006314315535622515
634.0,0.006283919130807364
635.0,0.006252294128711926
636.0,0.006220308234467152
637.0,0.006186229128324882
638.0,0.006161198891192746
639.0,0.006130116512085474
640.0,0.006089330573099094
641.0,0.006049482008127392
642.0,0.006010219957030499
643.0,0.0059732570726199734
644.0,0.005933748230462776
645.0,0.0058887399843778904
646.0,0.00583444482284873
647.0,0.005774641079156398
648.0,0.005718171792887468
649.0,0.005666965477429115
650.0,0.005615437477306824
651.0,0.005556749768252609
652.0,0.005483418023754684
653.0,0.005394599517819821
654.0,0.005306781088069628
655.0,0.005205048197144116
656.0,0.005084817792638377
657.0,0.004968604467583222
658.0,0.004867314635995568
659.0,0.004772635987072126
660.0,0.004693138131303371
661.0,0.004630277086955084
662.0,0.004574363419165317
663.0,0.004523568944922595
664.0,0.004477544360013655
665.0,0.004437642013692197
666.0,0.0044007912515027555
667.0,0.004367840757165252
668.0,0.004337874984580767
669.0,0.004310225562899982
670.0,0.004289532569599602
671.0,0.004269817395596359
672.0,0.00425381429392893
673.0,0.004237753395207827
674.0,0.004217799405260056
675.0,0.004196665199467792
676.0,0.004179827912358324
677.0,0.00416620462218278
678.0,0.004153978632522343
679.0,0.004140789242270368
680.0,0.004131047158819605
681.0,0.0041182829160547815
682.0,0.004104795897643393
683.0,0.004087601930785374
684.0,0.004072562005949401
685.0,0.0040690647552278966
686.0,0.004044037922215101
687.0,0.003992577119542201
688.0,0.003948196372842782
689.0,0.0039033216538598746
690.0,0.0038499673353413672
691.0,0.0037880149499036945
692.0,0.0037209516533525653
693.0,0.003651459297461105
694.0,0.0035823071431879835
695.0,0.0035136988007363388
696.0,0.0034497181568397565
697.0,0.003381652233061888
698.0,0.0033009016842496406
699.0,0.0032122266215036366
700.0,0.0031236912783480066
701.0,0.003050777532683092
702.0,0.002979778326991975
703.0,0.00289791461575459
704.0,0.002818353242231449
705.0,0.002744282722279159
706.0,0.0026664311408447165
707.0,0.0025808810346491197
708.0,0.002490905263719032
709.0,0.0024090913073158454
710.0,0.00232560704317347
711.0,0.0022399167075574733
712.0,0.002156134231890663
713.0,0.0020712950723708176
714.0,0.0019708934460807045
715.0,0.001868025168277784
716.0,0.001768141323239772
717.0,0.0016647518766632456
718.0,0.0015722931961475058
719.0,0.0015037362154017703
720.0,0.0014537663181727388
721.0,0.001411013113572166
722.0,0.0013525701062928439
723.0,0.001287066636975654
724.0,0.00121605219516757
725.0,0.001151533808874307
726.0,0.0011004630441812365
727.0,0.001050967094102389
728.0,0.0009935312173164185
729.0,0.0009309054573401223
730.0,0.0008781268069540035
731.0,0.0008422541389543541
732.0,0.0008172118356941482
733.0,0.0007976829222736362
734.0,0.000777357581882115
735.0,0.0007504986150027364
736.0,0.0007291880494640866
737.0,0.0007170458794164242
738.0,0.0007070199021123184
739.0,0.0007016657603287322
740.0,0.0006948422393665337
741.0,0.000687049636861494
742.0,0.0006808562562293518
743.0,0.0006816723190384474
744.0,0.0006808780653565295
745.0,0.0006765216376307809
746.0,0.0006680336057184012
747.0,0.000659825969520926
748.0,0.0006591114560932909
749.0,0.0006558702505756805
750.0,0.0006481066171667642
751.0,0.0006439599872687313
752.0,0.0006419574431531988
753.0,0.0006405456073635607
754.0,0.0006325211686015447
755.0,0.0006229635593691923
756.0,0.0006181558011752874
757.0,0.0006075652713255639
758.0,0.0005815131300228402
759.0,0.000535856823587545
760.0,0.00047363454081196754
761.0,0.00042407558603372995
762.0,0.00040861150307206477
763.0,0.0004230875692069253
764.0,0.000464292499342496
765.0,0.0004998974125415886
766.0,0.0005227399223246825
767.0,0.0005379166569806949
768.0,0.0005472242455483987
769.0,0.0005574684389113341
770.0,0.0005608583471717087
771.0,0.0005610085730066504
772.0,0.0005700707119174628
773.0,0.0005740045681539876
774.0,0.0005691568482603475
775.0,0.0005679564787234664
776.0,0.0005669848021946416
777.0,0.0005660707929832474
778.0,0.0005685593512672145
779.0,0.0005715808877124358
780.0,0.0005690387019343218
781.0,0.000568799783111778
782.0,0.0005733780849134461
783.0,0.0005701009008402374
784.0,0.0005631418543166214
785.0,0.0005641797499365067
786.0,0.000559823955880854
787.0,0.0005549823196075912
788.0,0.0005628066376389034
789.0,0.0005649168464297158
790.0,0.0005644764465658799
791.0,0.0005672837441857669
792.0,0.0005709960498354734
793.0,0.0005769187464904815
794.0,0.0005819011743274069
795.0,0.0005886984265634662
796.0,0.0005963741695376901
797.0,0.0005894182709383792
798.0,0.0005732247447755997
799.0,0.0005760817375041442
800.0,0.0005878847278647268
801.0,0.0005823984068654363
802.0,0.0005753852999755461
803.0,0.0005745551659959629
804.0,0.0005872312487974283
805.0,0.0005953791513445071
806.0,0.0005846348387062618
807.0,0.0005802592625347708
808.0,0.0005753939987477887
809.0,0.0005524281615558729
810.0,0.0005280147454411546
811.0,0.0005137446740517068
812.0,0.0005156363396526221
813.0,0.0005035684756327056
814.0,0.0004620719405760116
815.0,0.0004355156376413191
816.0,0.0004313509963126367
817.0,0.0004370286004085038
818.0,0.0004325645559622525
819.0,0.00041295738943301143
820.0,0.0004041476720842891
821.0,0.00039722341431226385
822.0,0.0003847426897235055
823.0,0.00037045385864135113
824.0,0.00035650350455034734
825.0,0.00032821483671819783
826.0,0.00030193134717051225
827.0,0.0002820031237935368
828.0,0.0002508865935906591
829.0,0.0002248562767635961
830.0,0.0002086720598373005
831.0,0.0002061511373625779
832.0,0.00021164032780578192
833.0,0.00021092941222384637
834.0,0.00019780995601620025
835.0,0.00017297003996442694
836.0,0.00016492791639690713
837.0,0.00016074039144728115
838.0,0.00016086559417924232
839.0,0.0001559056827203532
840.0,0.00014971013569657166
841.0,0.0001449203893875589
842.0,0.00014766343951333577
843.0,0.00015623380425767736
844.0,0.0001553180801565656
845.0,0.0001479335322912872
846.0,0.00015338360362406254
847.0,0.00015560333404382259
848.0,0.00014440582854491934
849.0,0.00013462817633095719
850.0,0.00012580157172724414
851.0,0.00011778029759023665
852.0,0.00011279241558681671
853.0,9.923964363870027e-05
854.0,0.00010448179102087629
855.0,0.00011060504215873956
856.0,0.00011575270424313101
857.0,0.00010989704638096487
858.0,0.00010861050008681073
859.0,8.908646793540949e-05
860.0,0.00010564132374712861
861.0,0.00010805163702905986
862.0,9.44055885990536e-05
863.0,8.013561258931699e-05
864.0,8.663020552301164e-05
865.0,9.749701300700443e-05
866.0,9.349310938895413e-05
867.0,8.923220250189355e-05
868.0,9.711523727101315e-05
869.0,9.462850303100772e-05
870.0,6.716589756947477e-05
871.0,7.051444748472549e-05
872.0,8.388546926616682e-05
873.0,7.95143492490055e-05
874.0,6.565086502546418e-05
875.0,5.348076242560268e-05
876.0,4.948604008623922e-05
877.0,5.4584757476518966e-05
878.0,4.775055091508071e-05
879.0,4.864915154205307e-05
880.0,6.260374330501389e-05
881.0,6.55355852970515e-05
882.0,4.6788674507875673e-05
883.0,7.812441534391109e-05
884.0,7.815282515082417e-05
885.0,6.960332365630491e-05
886.0,7.103824727809858e-05
887.0,7.646787216177227e-05
888.0,8.582786320714299e-05
889.0,6.713314670877871e-05
890.0,8.230320383437665e-05
891.0,9.014159560027583e-05
892.0,9.069694106315496e-05
893.0,9.066004096049855e-05
894.0,9.178903461855657e-05
895.0,0.00010000000000000002
896.0,0.00010000000000000002
897.0,0.00010000000000000002
898.0,0.00010000000000000002
899.0,0.00010000000000000002
