/begin_header
/west_longitude=UNKNOWN
/south_latitude=NA
/north_latitude=UNKNOWN
/calibration_files=NA
/cruise=NA
/station=NA
/documents=NA
/data_type=NA
/affiliations=NOAA
/experiment=NA
/units=nm,dl
/start_date=2019-08-01
/end_date=NA
/missing=9999
/start_time=10:57:20
/data_file_name=NA
/cloud_percent=NA
/water_depth=NA
/data_status=NA
/east_longitude=NA
/wind_speed=NA
/secchi=NA
/measurement_depth=NA
/fields=wavelength,rrs
/delimiter=comma
/contact=NA
/end_time=NA
/wave_height=NA
/investigators=NA
/end_header@
325.0,0.0191647343671326
326.0,0.019288853539962895
327.0,0.019293156720985923
328.0,0.0191279756686566
329.0,0.01912829038231948
330.0,0.01905564975266712
331.0,0.018845114566885715
332.0,0.018709337866549658
333.0,0.0186409692961374
334.0,0.018576348919794188
335.0,0.01856490109483675
336.0,0.018562377489146676
337.0,0.018373107983337782
338.0,0.01821152055135295
339.0,0.018163148461290978
340.0,0.01808825132157487
341.0,0.018013493611006105
342.0,0.017925662360660795
343.0,0.017809111333630664
344.0,0.017696989670900894
345.0,0.017644691525318144
346.0,0.017580256076512056
347.0,0.01751343513985845
348.0,0.017412820973033656
349.0,0.017315231695156346
350.0,0.017193813569631643
351.0,0.01714276290393787
352.0,0.017115674673194102
353.0,0.017008198183546007
354.0,0.016934536092697933
355.0,0.01689290042108904
356.0,0.016772447632716386
357.0,0.016660067412715092
358.0,0.016631354762881773
359.0,0.016580218622994837
360.0,0.016505873833921027
361.0,0.016443950885174707
362.0,0.016351356858258635
363.0,0.016253963821948027
364.0,0.01619846518921614
365.0,0.016136885312434242
366.0,0.016060297696979003
367.0,0.01600386591484234
368.0,0.0159541848645411
369.0,0.015883434852489935
370.0,0.015820099210525677
371.0,0.015769434369771546
372.0,0.015693214790504943
373.0,0.01560668229090766
374.0,0.015520020653349741
375.0,0.01543194424038622
376.0,0.01533634495136366
377.0,0.015272756372092522
378.0,0.015195490180598714
379.0,0.015107532383675196
380.0,0.015067772094399906
381.0,0.0150377389348979
382.0,0.01498749488531238
383.0,0.014919453570981952
384.0,0.01485279625863813
385.0,0.014793754047047188
386.0,0.014717468224313458
387.0,0.014632047525664011
388.0,0.014570303176503093
389.0,0.014532443128918656
390.0,0.014511063776353644
391.0,0.014442768408436538
392.0,0.014376459537788155
393.0,0.014329204995353778
394.0,0.014256359252561449
395.0,0.014173514455313684
396.0,0.01410143775757684
397.0,0.014016649197186334
398.0,0.013929839245749098
399.0,0.013862906084301702
400.0,0.013792807939992735
401.0,0.01371027550219733
402.0,0.013646365593347115
403.0,0.01359788956467855
404.0,0.013535271279055489
405.0,0.013463750887400447
406.0,0.013383779304812085
407.0,0.013291259799096017
408.0,0.01320278707711724
409.0,0.01313810830935656
410.0,0.013063954110260814
411.0,0.012983826761768708
412.0,0.012917997057166241
413.0,0.012847722514699234
414.0,0.012775559215805133
415.0,0.01271704489177962
416.0,0.012665393218574548
417.0,0.012615821351755166
418.0,0.012570011893163747
419.0,0.012528942448682892
420.0,0.012490201902147528
421.0,0.012447729103221833
422.0,0.012402611508207236
423.0,0.012363769547124816
424.0,0.012325669225790217
425.0,0.012286162770541283
426.0,0.012251989965946595
427.0,0.012219600151836752
428.0,0.0121797423697569
429.0,0.012140233808039077
430.0,0.012096010174805603
431.0,0.012042948470656217
432.0,0.01198830169994412
433.0,0.01194179774462369
434.0,0.011892911363339458
435.0,0.011849132859952042
436.0,0.011831908301925058
437.0,0.01181730038407509
438.0,0.011793112409856277
439.0,0.011789365627768587
440.0,0.011802628465272273
441.0,0.011821807348960633
442.0,0.011851353186246671
443.0,0.011893243460373792
444.0,0.011949589455829608
445.0,0.012016193067106041
446.0,0.012092405426507424
447.0,0.012179310385571991
448.0,0.012274209786428316
449.0,0.012372193145195921
450.0,0.012464598632462937
451.0,0.012552341411940327
452.0,0.012643831358605168
453.0,0.012735032872076705
454.0,0.012819735491237378
455.0,0.012900316872398735
456.0,0.0129719910342953
457.0,0.0130262560143386
458.0,0.013073479242243433
459.0,0.013120125219966017
460.0,0.013163962741944993
461.0,0.013204591941847246
462.0,0.0132435695278883
463.0,0.013282782337599858
464.0,0.01332513495871206
465.0,0.013367335153452111
466.0,0.013411551767225461
467.0,0.013462838369983469
468.0,0.01351346335022365
469.0,0.01356377453591607
470.0,0.01361804629893432
471.0,0.013671120328079215
472.0,0.013722752618913463
473.0,0.013783855653086837
474.0,0.013844993291496336
475.0,0.013897519569367748
476.0,0.013949486145131423
477.0,0.014001882933681565
478.0,0.01406269581157209
479.0,0.014119860612416846
480.0,0.014172525351081391
481.0,0.014229077896284928
482.0,0.014286831993779853
483.0,0.01434786803702121
484.0,0.01440587766203294
485.0,0.014464818997097381
486.0,0.014534536016256172
487.0,0.014602134177605596
488.0,0.014666717690906841
489.0,0.014729215636759635
490.0,0.014798590398112146
491.0,0.014885120628774303
492.0,0.014986124314187957
493.0,0.015097464791933768
494.0,0.01521437239813222
495.0,0.015345546649773256
496.0,0.01548999016741641
497.0,0.015648977173468224
498.0,0.015826174550828062
499.0,0.016020700212108795
500.0,0.016231594924985222
501.0,0.016456410970021908
502.0,0.016700407333871015
503.0,0.016960546982166622
504.0,0.017229464074180682
505.0,0.017512031979580598
506.0,0.017810497953724035
507.0,0.01812347098732558
508.0,0.018449429857401355
509.0,0.01879026495810372
510.0,0.01913867997134421
511.0,0.019489440951772904
512.0,0.01983960764560048
513.0,0.020210682053367963
514.0,0.020604600775596664
515.0,0.021003123642419734
516.0,0.021420974926333866
517.0,0.021854737308405363
518.0,0.022288148594156613
519.0,0.02271454051646151
520.0,0.023136959072875517
521.0,0.023550054902153346
522.0,0.023958330188483347
523.0,0.024371753329805648
524.0,0.024790799519180163
525.0,0.025209363277482456
526.0,0.02563531575304807
527.0,0.026066282987791622
528.0,0.026491717757671018
529.0,0.026897729764609794
530.0,0.027285649557004604
531.0,0.027676362880800897
532.0,0.02806963718271118
533.0,0.028465764950126426
534.0,0.028856108562913197
535.0,0.02923179975829729
536.0,0.029594782876146336
537.0,0.029949102693495423
538.0,0.03029810614936096
539.0,0.030640832925620493
540.0,0.030977097138700588
541.0,0.03130015082839448
542.0,0.03161515335178364
543.0,0.031916044098124104
544.0,0.032192743152492966
545.0,0.03245813155167296
546.0,0.032720312232750084
547.0,0.032971432887446236
548.0,0.03321197638060561
549.0,0.03343573036170164
550.0,0.033648190776431844
551.0,0.033853519428786935
552.0,0.03404830413803584
553.0,0.03423383511518024
554.0,0.03440314553946853
555.0,0.03454485802944943
556.0,0.034663104780366515
557.0,0.03477176439181408
558.0,0.03486136517472401
559.0,0.034926379383294306
560.0,0.03496300041587196
561.0,0.03497669489647363
562.0,0.03497371178631016
563.0,0.03496141437008558
564.0,0.034940472599887216
565.0,0.03488769878573934
566.0,0.03481454927405615
567.0,0.03473506072681656
568.0,0.03464099332013272
569.0,0.034532341868900904
570.0,0.03441506330331144
571.0,0.03428042765738464
572.0,0.03413212018238663
573.0,0.03398330410093812
574.0,0.03382893452052575
575.0,0.03366442016640648
576.0,0.03349835339145466
577.0,0.03332711401049363
578.0,0.03313611667884749
579.0,0.0329375918356265
580.0,0.03273555152642587
581.0,0.032526952102240506
582.0,0.03231061903320528
583.0,0.03208997475692662
584.0,0.03185842343880725
585.0,0.03161692191677524
586.0,0.03138432230694214
587.0,0.031148948102898654
588.0,0.03089881304964026
589.0,0.030645821653938716
590.0,0.030392594788158978
591.0,0.030143117701905336
592.0,0.029897559416745018
593.0,0.029644097218188108
594.0,0.029369037063800462
595.0,0.02906461582428797
596.0,0.028725311207059366
597.0,0.028346145515420272
598.0,0.02793240782686146
599.0,0.027505046188649
600.0,0.027084524967751128
601.0,0.026691609395992223
602.0,0.026341315793607968
603.0,0.02603782893248227
604.0,0.025768887496612526
605.0,0.025524985587054627
606.0,0.02529286932658174
607.0,0.02506414815215697
608.0,0.024836936496264485
609.0,0.024607845186947717
610.0,0.024370046491355036
611.0,0.02413065766624032
612.0,0.023902207355522693
613.0,0.02367041013763039
614.0,0.023439116169727714
615.0,0.02322330790971462
616.0,0.023020992185894647
617.0,0.022829993274884105
618.0,0.022652160618471983
619.0,0.022485696689946412
620.0,0.022339243516911005
621.0,0.022210675004298013
622.0,0.0220999777323815
623.0,0.022000478226182944
624.0,0.021913000642267096
625.0,0.021841174242280485
626.0,0.0217785192102157
627.0,0.021720682536423452
628.0,0.02167208364101448
629.0,0.021637979727342188
630.0,0.02161665968158959
631.0,0.021604427296779468
632.0,0.0216009949014938
633.0,0.021601445127952194
634.0,0.021616624938774164
635.0,0.021656343774408386
636.0,0.02170157313758711
637.0,0.021748696450026576
638.0,0.021799773908495752
639.0,0.02186059557233867
640.0,0.02193171061695879
641.0,0.02198797169194542
642.0,0.022027470032810824
643.0,0.02204738122082178
644.0,0.022064076410847355
645.0,0.022075670792900303
646.0,0.022067614493277946
647.0,0.022044264515050045
648.0,0.022007820332766093
649.0,0.021940516824383104
650.0,0.02184002968723357
651.0,0.021702779319278456
652.0,0.021518840677103128
653.0,0.0212878428891794
654.0,0.021042130874817554
655.0,0.020719932942726164
656.0,0.020274862772478305
657.0,0.019711363821747874
658.0,0.01910824626142159
659.0,0.018515958308414435
660.0,0.01792834625857534
661.0,0.017353066363454905
662.0,0.016799389943013165
663.0,0.016266086840962417
664.0,0.01576034129447617
665.0,0.015302260498159947
666.0,0.014898641120883788
667.0,0.014544796231190923
668.0,0.014247572907500356
669.0,0.014012530028523651
670.0,0.013844868709212827
671.0,0.013734294868521124
672.0,0.013657145740310132
673.0,0.013615947646424606
674.0,0.013609086031653977
675.0,0.013632329826023287
676.0,0.013696932542524706
677.0,0.013802570197892017
678.0,0.013942521102128406
679.0,0.014121381269633183
680.0,0.014349093396629885
681.0,0.014632418239495765
682.0,0.014982398259248336
683.0,0.015411773944811705
684.0,0.015938349384947315
685.0,0.016609094281208155
686.0,0.01743619938322838
687.0,0.018381885516650678
688.0,0.019162541990702924
689.0,0.019858442813624307
690.0,0.02059993638052158
691.0,0.021387127543243782
692.0,0.022208215911750297
693.0,0.023054657269703294
694.0,0.02389172176409097
695.0,0.02467743804051436
696.0,0.025383965049406876
697.0,0.025995682998761076
698.0,0.026516780835734572
699.0,0.02695153496810007
700.0,0.027286713119079146
701.0,0.02749728942394549
702.0,0.02759337650647119
703.0,0.027585494029538603
704.0,0.027462853862936586
705.0,0.027240380074090204
706.0,0.02694853274190978
707.0,0.02656544433256689
708.0,0.026092625946376558
709.0,0.025541268080992507
710.0,0.024928095426170693
711.0,0.024265312602463066
712.0,0.023539328712681946
713.0,0.022770933217163752
714.0,0.02198550219851666
715.0,0.02121848838955302
716.0,0.020461385915204078
717.0,0.019714607001573296
718.0,0.018935050748418572
719.0,0.01814277308673867
720.0,0.01735168091391056
721.0,0.0166250305329111
722.0,0.015977120400673894
723.0,0.01534061652446963
724.0,0.014691787044194132
725.0,0.014036169437209683
726.0,0.013386452010181484
727.0,0.012719918401714023
728.0,0.012039238005623914
729.0,0.011352155545232785
730.0,0.010667696596305714
731.0,0.010028694925143695
732.0,0.009465840363498084
733.0,0.008976853303144362
734.0,0.008566244611822477
735.0,0.008244893596225721
736.0,0.007983749576827142
737.0,0.0077717513263504
738.0,0.007611096487972663
739.0,0.007493920388209669
740.0,0.007405433479048788
741.0,0.007339660778238407
742.0,0.007288774039114876
743.0,0.007239045577216378
744.0,0.007196901842441758
745.0,0.007166612148120692
746.0,0.007134602082840421
747.0,0.007104741942897929
748.0,0.007083840232002675
749.0,0.007053263131056049
750.0,0.00701365588163357
751.0,0.006992941699048352
752.0,0.006976283090538354
753.0,0.00694966635162247
754.0,0.0069171308550864345
755.0,0.006890091334252474
756.0,0.006875677300971472
757.0,0.00687916546124899
758.0,0.006902132245357652
759.0,0.00695771147502172
760.0,0.007020248294294698
761.0,0.007008509574296104
762.0,0.006955657463781186
763.0,0.006893544568872767
764.0,0.006836445761825101
765.0,0.006788103671290749
766.0,0.006757760371892778
767.0,0.006757457678910566
768.0,0.006763783436361058
769.0,0.006768121894461719
770.0,0.006781405563068554
771.0,0.00679981893125056
772.0,0.006810479370543026
773.0,0.00682516335090404
774.0,0.006846715422580802
775.0,0.006874014570670684
776.0,0.00690357218767341
777.0,0.006929198492579983
778.0,0.006959836502587335
779.0,0.006998331393213872
780.0,0.007047903536412331
781.0,0.007101204393862635
782.0,0.007147451403593979
783.0,0.007195244951247291
784.0,0.007246456970875362
785.0,0.007300639939420273
786.0,0.007357995347950591
787.0,0.007417654932439175
788.0,0.007488114534076539
789.0,0.007560235468104207
790.0,0.007626263325262092
791.0,0.007693369267897815
792.0,0.007762644338968774
793.0,0.007831696360978552
794.0,0.007897887527191564
795.0,0.007962823508100856
796.0,0.00803299178034277
797.0,0.008098396163567872
798.0,0.008157582694896673
799.0,0.008219495831123455
800.0,0.008278924761657844
801.0,0.008324571733927009
802.0,0.008370954641971639
803.0,0.008417869467581291
804.0,0.008444298392999794
805.0,0.008456969298972893
806.0,0.008460595149369012
807.0,0.008455018247419207
808.0,0.00843574911675635
809.0,0.008407703430401578
810.0,0.008365107902988217
811.0,0.008305565886613894
812.0,0.008240569263984341
813.0,0.008164715362225993
814.0,0.008070592647352643
815.0,0.007980926413619726
816.0,0.007883977241767214
817.0,0.007770722208267883
818.0,0.007654804396006684
819.0,0.007528457431285387
820.0,0.0073621724936338674
821.0,0.007173402640067575
822.0,0.006981357996315362
823.0,0.006773937992952844
824.0,0.006537431126241289
825.0,0.006265322602872765
826.0,0.005987469901374795
827.0,0.0057165160854729825
828.0,0.005454050706083591
829.0,0.005195941529172448
830.0,0.0049483662543848205
831.0,0.004729189004281242
832.0,0.0045403824473719285
833.0,0.00438380104388525
834.0,0.004266891627444656
835.0,0.00417593371352716
836.0,0.004092988108378376
837.0,0.00402138636306794
838.0,0.003963531701007248
839.0,0.003915168911496255
840.0,0.0038695167064791065
841.0,0.0038238562545834564
842.0,0.0037854860133217866
843.0,0.0037469704017125765
844.0,0.0037148824346348334
845.0,0.0036833883621308476
846.0,0.00364161528576309
847.0,0.003610886841175235
848.0,0.003578072630528552
849.0,0.0035171855726895116
850.0,0.0034785668102984488
851.0,0.0034717878339810154
852.0,0.003441320860253145
853.0,0.003400413835551988
854.0,0.003376889667099718
855.0,0.0033375069213934577
856.0,0.0032954691843360188
857.0,0.0032773701006573396
858.0,0.003255467852506161
859.0,0.003225036409599045
860.0,0.0032012931362750186
861.0,0.0031739277225566603
862.0,0.0031330333834829333
863.0,0.0031058649062948194
864.0,0.003088103661066309
865.0,0.00304812081461612
866.0,0.0030028485062786473
867.0,0.0029683152348324014
868.0,0.00296904179678187
869.0,0.002954161463219339
870.0,0.002903640131377098
871.0,0.00284876874349307
872.0,0.00281154019333696
873.0,0.002795454611889591
874.0,0.002767966963927517
875.0,0.0027250962475956738
876.0,0.0026860770054216456
877.0,0.0026519113649771044
878.0,0.0026107455282275076
879.0,0.002577928949983312
880.0,0.002545543511061896
881.0,0.002487421832755332
882.0,0.0024507016968900305
883.0,0.0024275055522971836
884.0,0.002376517524193323
885.0,0.0023327413458416385
886.0,0.0022955779592921353
887.0,0.0022654951755815755
888.0,0.002236075106865775
889.0,0.002206329725518413
890.0,0.0021786058079911043
891.0,0.0021567574526274265
892.0,0.002128451838945055
893.0,0.0021070050229026497
894.0,0.002083188919121383
895.0,0.0020384905257462456
896.0,0.001992158582422921
897.0,0.0019435267955674716
898.0,0.0019479555861674793
899.0,0.0019532427341244283
