/begin_header
/west_longitude=UNKNOWN
/south_latitude=NA
/north_latitude=UNKNOWN
/calibration_files=NA
/cruise=NA
/station=NA
/documents=NA
/data_type=NA
/affiliations=NOAA
/experiment=NA
/units=nm,dl
/start_date=2019-08-07
/end_date=NA
/missing=9999
/start_time=14:24:07
/data_file_name=NA
/cloud_percent=NA
/water_depth=NA
/data_status=NA
/east_longitude=NA
/wind_speed=NA
/secchi=NA
/measurement_depth=NA
/fields=wavelength,rrs
/delimiter=comma
/contact=NA
/end_time=NA
/wave_height=NA
/investigators=NA
/end_header@
325.0,0.008999234982338542
326.0,0.008937543806439869
327.0,0.008839899112105936
328.0,0.008761893569554322
329.0,0.008849803395835031
330.0,0.008972169309627307
331.0,0.00896712448321893
332.0,0.008979571649063097
333.0,0.009001767892221998
334.0,0.008950311978456126
335.0,0.008943503070943767
336.0,0.008973393600284386
337.0,0.009032998247990446
338.0,0.00904820265688425
339.0,0.009003949839056516
340.0,0.008991637900049887
341.0,0.009004477898014196
342.0,0.009072724839516025
343.0,0.009102203628135649
344.0,0.009097571200106156
345.0,0.009154936812438542
346.0,0.00919792142740278
347.0,0.009232648563647873
348.0,0.009306007619977784
349.0,0.009344857441406925
350.0,0.009331687495329342
351.0,0.009380591787133076
352.0,0.009453888011231629
353.0,0.009490108491008618
354.0,0.009511903562311352
355.0,0.009531205835439803
356.0,0.009544956441045738
357.0,0.009564016510495045
358.0,0.009620620790056548
359.0,0.009641980711795443
360.0,0.009649570949697511
361.0,0.00966977991547003
362.0,0.009682180116538753
363.0,0.009690837349824458
364.0,0.009708484952432875
365.0,0.009728172199724888
366.0,0.009731066323664352
367.0,0.009735553967087222
368.0,0.009749595441837119
369.0,0.009770933923347979
370.0,0.009783436625640922
371.0,0.009787606732969521
372.0,0.009782526173761342
373.0,0.009781361575938737
374.0,0.009786996308834867
375.0,0.009786341093553298
376.0,0.009790031468580297
377.0,0.009807999278650257
378.0,0.00981435660695822
379.0,0.009811532699676618
380.0,0.009815695699623405
381.0,0.00983211069606903
382.0,0.009865466225479224
383.0,0.00987528428423066
384.0,0.009881163556860788
385.0,0.00989627669498678
386.0,0.009904649877289434
387.0,0.009911238030850086
388.0,0.009938715983687882
389.0,0.00994548565085681
390.0,0.00993818162824826
391.0,0.009954233104891397
392.0,0.009967690737746771
393.0,0.009964907401949075
394.0,0.009970195829710224
395.0,0.009978181194370205
396.0,0.009952517978598498
397.0,0.00993029095747373
398.0,0.0099276894899487
399.0,0.009913972579320663
400.0,0.009889758166373492
401.0,0.009871791499140374
402.0,0.009859736014384933
403.0,0.00985260554959916
404.0,0.009845188200934444
405.0,0.009829302703548978
406.0,0.009800949800836272
407.0,0.009773151638023475
408.0,0.009748123095959429
409.0,0.009719879801375593
410.0,0.009686584858448805
411.0,0.009655470786355742
412.0,0.009638301274638068
413.0,0.009624307253583087
414.0,0.009606724058351685
415.0,0.009597993136610718
416.0,0.009595193199968422
417.0,0.00958988041277676
418.0,0.009590242673928686
419.0,0.00959732610870789
420.0,0.009598603025282842
421.0,0.009603517372837333
422.0,0.009618835565482804
423.0,0.009622888226217286
424.0,0.009626085909685575
425.0,0.009648364750378665
426.0,0.00966734699133977
427.0,0.009673519134107241
428.0,0.009668517259176623
429.0,0.009661766272767654
430.0,0.00965738773639544
431.0,0.009647863309307312
432.0,0.009631145540623073
433.0,0.009610882166824746
434.0,0.00960289513395336
435.0,0.00960727817714318
436.0,0.00961327653929617
437.0,0.009625362532762919
438.0,0.00964490547486871
439.0,0.009682497801045877
440.0,0.009734935072126309
441.0,0.009786058428090251
442.0,0.009850380156583858
443.0,0.00993204164481693
444.0,0.010031205525375142
445.0,0.010147779543888276
446.0,0.0102775763156332
447.0,0.010417535270245469
448.0,0.01056460461001849
449.0,0.010709064121681381
450.0,0.010857021674072901
451.0,0.01101083524102683
452.0,0.011155821870435229
453.0,0.011298223332236724
454.0,0.011441171027514654
455.0,0.011571875835273577
456.0,0.011689649376866932
457.0,0.011790440046951211
458.0,0.011886330956350624
459.0,0.011986597626532735
460.0,0.012074963505528603
461.0,0.012152359105075474
462.0,0.012228793411784046
463.0,0.012308626093361237
464.0,0.012391033011256353
465.0,0.012472256377478877
466.0,0.012553918658761326
467.0,0.012637007548116206
468.0,0.012722137304387978
469.0,0.012804630668933096
470.0,0.01287138868434369
471.0,0.012939554930850106
472.0,0.013013627467396174
473.0,0.013084044574198312
474.0,0.01314942919154359
475.0,0.013209314357934604
476.0,0.013270153730324821
477.0,0.013328539415885335
478.0,0.013382154045904444
479.0,0.013438861189478485
480.0,0.01350099076356999
481.0,0.013568784599591498
482.0,0.013634341633734092
483.0,0.013696694656814109
484.0,0.013768791729063812
485.0,0.013847043327014539
486.0,0.013923009774816666
487.0,0.01399937804886579
488.0,0.014072650129646008
489.0,0.014154493114030922
490.0,0.014244481597237225
491.0,0.014337364173731798
492.0,0.01444071693629996
493.0,0.014556950574821915
494.0,0.014683627682901029
495.0,0.01481959430841108
496.0,0.014965558893158098
497.0,0.015125466977103322
498.0,0.015296920997391609
499.0,0.015471405476316433
500.0,0.015658026893284528
501.0,0.01585479740813012
502.0,0.016049515081242947
503.0,0.016245173661121735
504.0,0.016445430203280025
505.0,0.01664839464964286
506.0,0.01685566776438149
507.0,0.017072865651902216
508.0,0.017284995251135964
509.0,0.017487390373457957
510.0,0.017687906653055106
511.0,0.017892157840111014
512.0,0.018104792834652522
513.0,0.0183319554305453
514.0,0.018577874419105796
515.0,0.018832127839196685
516.0,0.019107028112664688
517.0,0.019406636297997264
518.0,0.019694959182654705
519.0,0.01998085984780001
520.0,0.02028554625229955
521.0,0.020603672054271494
522.0,0.02093819221524415
523.0,0.02128544596485061
524.0,0.021654194084804353
525.0,0.022044156922283512
526.0,0.022452733558150067
527.0,0.02287547657984621
528.0,0.023296595087601103
529.0,0.02371928764535974
530.0,0.024149464378360817
531.0,0.024596665731694924
532.0,0.025060199708590615
533.0,0.025531026019050312
534.0,0.025995769878695302
535.0,0.02644693801404242
536.0,0.026895017924547866
537.0,0.027336096887346235
538.0,0.02777011811055218
539.0,0.02819613434611573
540.0,0.028605697681199343
541.0,0.028983328665700657
542.0,0.02934073477758926
543.0,0.029676931708919017
544.0,0.029980878602256438
545.0,0.030255559026023383
546.0,0.03050184753014456
547.0,0.030712588497230076
548.0,0.03089184130743784
549.0,0.031048129398475982
550.0,0.031186755103856524
551.0,0.03131163678413222
552.0,0.03142101241377545
553.0,0.031510042899462895
554.0,0.031574382972052194
555.0,0.03162767235714316
556.0,0.0316657808293478
557.0,0.0316695181888934
558.0,0.03164732398082456
559.0,0.0316002541737722
560.0,0.031528047536341225
561.0,0.03143616333874431
562.0,0.0313304834704707
563.0,0.031200120928760115
564.0,0.031043689215277337
565.0,0.030868268875691485
566.0,0.03066521410014928
567.0,0.03043036473373025
568.0,0.03017474599594977
569.0,0.029898742743900086
570.0,0.029599107314644862
571.0,0.029286710239570985
572.0,0.028968261398095878
573.0,0.02864049833623104
574.0,0.028306119224495746
575.0,0.027964225713019826
576.0,0.027606449874022065
577.0,0.027234111087319525
578.0,0.02685574453384299
579.0,0.026460179054133497
580.0,0.026047894540537436
581.0,0.02562549866650174
582.0,0.025194472856924117
583.0,0.024760424996204945
584.0,0.0243153200075126
585.0,0.02385561426253325
586.0,0.02338621950654563
587.0,0.02290534474236209
588.0,0.022405864223693298
589.0,0.021891667033336976
590.0,0.02138163843620708
591.0,0.02090329528166066
592.0,0.02043528851127837
593.0,0.019948932513210397
594.0,0.01942919012350965
595.0,0.018876539773813962
596.0,0.018298229328097004
597.0,0.01770069784567574
598.0,0.017094349806671974
599.0,0.016504517314560437
600.0,0.015965873442315596
601.0,0.015508981137180588
602.0,0.015133927840737981
603.0,0.014835613160738077
604.0,0.014603338154694953
605.0,0.014415139948198336
606.0,0.014255079290099717
607.0,0.014114389025992671
608.0,0.013979639677129178
609.0,0.013845215311738265
610.0,0.013713220612358596
611.0,0.013582915216546901
612.0,0.013450268397480114
613.0,0.013321888960903116
614.0,0.013200006761339015
615.0,0.013081385029142268
616.0,0.012963676758878722
617.0,0.012850051452436279
618.0,0.012741874241202636
619.0,0.012640669840056223
620.0,0.012552289665632651
621.0,0.012472464827633076
622.0,0.012395770503025136
623.0,0.012325746152932141
624.0,0.01225818438055819
625.0,0.012186025035700102
626.0,0.012117943157436006
627.0,0.012055824961747381
628.0,0.012009470369560868
629.0,0.01197970476825919
630.0,0.011959504480665238
631.0,0.011945253916249324
632.0,0.011936046122426536
633.0,0.011932393390285154
634.0,0.011932919364520322
635.0,0.011939242566780198
636.0,0.01194714113521702
637.0,0.011960459141769558
638.0,0.011982187861871153
639.0,0.011999090042145933
640.0,0.01200847332982478
641.0,0.012019552978748979
642.0,0.012021514015216523
643.0,0.012005924937341742
644.0,0.011980096357678334
645.0,0.011942767300410145
646.0,0.01189186366545621
647.0,0.011840986697382028
648.0,0.011792240254981023
649.0,0.011737685178929856
650.0,0.011662218357870874
651.0,0.011554168863101785
652.0,0.011429490160929912
653.0,0.011293799065122114
654.0,0.01114933994674328
655.0,0.010952698566287682
656.0,0.010689124661515257
657.0,0.010400783083943748
658.0,0.010126281875391994
659.0,0.009871511614510919
660.0,0.009629962995922397
661.0,0.009402781722596301
662.0,0.009183296282117353
663.0,0.008962481988880909
664.0,0.008742869573320778
665.0,0.008539778665319783
666.0,0.008355037390263265
667.0,0.008186347524473312
668.0,0.008032503882706727
669.0,0.007896300417119136
670.0,0.007779259087557178
671.0,0.007675454471576587
672.0,0.007587512019940635
673.0,0.007513570264971128
674.0,0.007453106038943664
675.0,0.007411444967958028
676.0,0.007380037013040538
677.0,0.0073574014023770114
678.0,0.007359481865288289
679.0,0.0073859515277999955
680.0,0.007435127946961445
681.0,0.0075133484143795285
682.0,0.007623543912954682
683.0,0.007755532794176213
684.0,0.007911971186607334
685.0,0.008105111555073652
686.0,0.008320967063053585
687.0,0.008542672436210576
688.0,0.0087399464522805
689.0,0.008924409245408228
690.0,0.009121821607947127
691.0,0.009311469232411395
692.0,0.009491954416133956
693.0,0.00966820136510313
694.0,0.009838308576210934
695.0,0.009995171844268857
696.0,0.010122045150829675
697.0,0.010209211252704298
698.0,0.010250096684705607
699.0,0.010262937351955898
700.0,0.010251166674754906
701.0,0.010220718020636753
702.0,0.010166550266072438
703.0,0.01008388839117661
704.0,0.009965926195868158
705.0,0.009822186329624127
706.0,0.009660723777297157
707.0,0.009477344902623759
708.0,0.009271443999572368
709.0,0.00904899610137224
710.0,0.008803611712210937
711.0,0.008527916073769095
712.0,0.008241622472055603
713.0,0.007949789457665172
714.0,0.00764018815713646
715.0,0.00732145481480313
716.0,0.006988060495527871
717.0,0.006653562164780652
718.0,0.006326812535475693
719.0,0.006045432526530307
720.0,0.005813705234672866
721.0,0.005617479061101161
722.0,0.005405765767414274
723.0,0.0051662849717731005
724.0,0.004905360492506992
725.0,0.004667338675790088
726.0,0.004445120131338745
727.0,0.004210532715016464
728.0,0.0039779492109243
729.0,0.003752333878542454
730.0,0.003534881564979657
731.0,0.0033430652676055177
732.0,0.0031920846214379497
733.0,0.0030594046936635133
734.0,0.0029408773837140225
735.0,0.0028449690156886077
736.0,0.002768503987666139
737.0,0.0027112061582267124
738.0,0.0026714165598826617
739.0,0.0026445086166616287
740.0,0.002628846508445898
741.0,0.002614369777614677
742.0,0.002602361952016434
743.0,0.0025969363160750387
744.0,0.0025944513285832017
745.0,0.0025907399179595386
746.0,0.002587037232215804
747.0,0.0025804789948963756
748.0,0.002568050308000866
749.0,0.0025575498129206823
750.0,0.0025488801855641364
751.0,0.0025349962452983644
752.0,0.0025234321390913026
753.0,0.002521385332476012
754.0,0.002513288132795584
755.0,0.002499276592593566
756.0,0.0024934573230838623
757.0,0.0024848014009152906
758.0,0.0024650231370953487
759.0,0.002405832590889611
760.0,0.0023058829943052995
761.0,0.002227355782282952
762.0,0.0021803964156477634
763.0,0.002179778770604538
764.0,0.0022224774719649836
765.0,0.00227856784192976
766.0,0.002334205081919306
767.0,0.0023778866177405593
768.0,0.0024070025804463968
769.0,0.002431009784021905
770.0,0.0024491095932900756
771.0,0.002462374973107781
772.0,0.002479583157782946
773.0,0.002496006510880476
774.0,0.002502661914480347
775.0,0.002511644882769336
776.0,0.002525627121104986
777.0,0.002538975023850098
778.0,0.002546557526155249
779.0,0.0025537236362407753
780.0,0.0025689240048217695
781.0,0.0025862784788513397
782.0,0.0026047989163862505
783.0,0.002620368357321676
784.0,0.0026291741059462984
785.0,0.002628782756001505
786.0,0.0026362889394195956
787.0,0.0026534043800624765
788.0,0.0026580017671602764
789.0,0.0026685646832040636
790.0,0.002694351629293822
791.0,0.0027213853543080783
792.0,0.002745381108008712
793.0,0.0027697159021910943
794.0,0.002793866657393363
795.0,0.0028141912252069258
796.0,0.002833550418576321
797.0,0.002856097269700085
798.0,0.0028808410427427693
799.0,0.002890693849160401
800.0,0.0028987448040281613
801.0,0.002917016894685438
802.0,0.002929716096457709
803.0,0.002938291268819638
804.0,0.0029515353304795486
805.0,0.0029621429528889475
806.0,0.0029570266805892674
807.0,0.002946877766972452
808.0,0.0029272805986719215
809.0,0.002893294414382562
810.0,0.0028549148901736484
811.0,0.002813530552015452
812.0,0.0027636792060852424
813.0,0.0027109321475524235
814.0,0.002647715262667961
815.0,0.0025898036966598005
816.0,0.002544333705140397
817.0,0.0025116078057764073
818.0,0.0024757715875770915
819.0,0.0024322674016913548
820.0,0.002381746209271144
821.0,0.002321350477464748
822.0,0.002247324764727568
823.0,0.0021693411417682885
824.0,0.0020857970022599157
825.0,0.0019956590770269385
826.0,0.0019023959424321873
827.0,0.0018031311868850369
828.0,0.0017148746589103886
829.0,0.001629797189758838
830.0,0.0015406812291860873
831.0,0.0014673103369724596
832.0,0.0014103521062068924
833.0,0.0013682044023947536
834.0,0.0013320395121832842
835.0,0.0013013453024980216
836.0,0.0012843983947126774
837.0,0.0012701315018304907
838.0,0.0012509499745221196
839.0,0.0012331706381568162
840.0,0.0012167074275534163
841.0,0.0012207016116466789
842.0,0.0012187280625227093
843.0,0.0012063270586505064
844.0,0.0012039070207675103
845.0,0.0011938264407899877
846.0,0.0011642344604137433
847.0,0.0011572865354980558
848.0,0.001169242845164782
849.0,0.0011473351051471859
850.0,0.001124703498667247
851.0,0.0011102986977424283
852.0,0.0010953463600244556
853.0,0.0010836986081557076
854.0,0.001072090550159686
855.0,0.0010486807087889361
856.0,0.0010316512329843434
857.0,0.0010443396334058018
858.0,0.0010417920759592527
859.0,0.0010196091358227895
860.0,0.0010123370034428908
861.0,0.0010080123274947537
862.0,0.000983059386681777
863.0,0.0009635223587272042
864.0,0.0009620822047699698
865.0,0.0009698440711593826
866.0,0.0009583440325342818
867.0,0.0009316642752620426
868.0,0.0009055501135754171
869.0,0.0008917504915712732
870.0,0.0008881233323965752
871.0,0.0008800102745864645
872.0,0.0008678243057959074
873.0,0.0008470250723091885
874.0,0.0008355794216463038
875.0,0.0008289060059287945
876.0,0.0008129440261721157
877.0,0.0008023787938485908
878.0,0.0007841505451405214
879.0,0.0007587957461370822
880.0,0.000726100818178398
881.0,0.0007007501405362547
882.0,0.0006965089268472449
883.0,0.000700392540610239
884.0,0.0006590581104246204
885.0,0.0006318723001612603
886.0,0.0006329301862278358
887.0,0.0006166289625277436
888.0,0.0005918005344267665
889.0,0.0005855100393765619
890.0,0.0005620732157788621
891.0,0.0005157850735947298
892.0,0.0004879380187700906
893.0,0.0004568425843064078
894.0,0.00042519724426128035
895.0,0.0004099265838885924
896.0,0.0003952509390140104
897.0,0.0003794302600718852
898.0,0.0003793402690641588
899.0,0.0003807072720561315
