/begin_header
/west_longitude=UNKNOWN
/south_latitude=NA
/north_latitude=UNKNOWN
/calibration_files=NA
/cruise=NA
/station=NA
/documents=NA
/data_type=NA
/affiliations=NOAA
/experiment=NA
/units=nm,dl
/start_date=2019-08-15
/end_date=NA
/missing=9999
/start_time=10:41:53
/data_file_name=NA
/cloud_percent=NA
/water_depth=NA
/data_status=NA
/east_longitude=NA
/wind_speed=NA
/secchi=NA
/measurement_depth=NA
/fields=wavelength,rrs
/delimiter=comma
/contact=NA
/end_time=NA
/wave_height=NA
/investigators=NA
/end_header@
325.0,0.015396189492373064
326.0,0.01519071874453116
327.0,0.015083974285419433
328.0,0.015114939347146533
329.0,0.015075636110823073
330.0,0.01494168526660149
331.0,0.014759363794637834
332.0,0.014705259259136568
333.0,0.01469002726635055
334.0,0.014566097246125249
335.0,0.01451913558235567
336.0,0.014526651429347592
337.0,0.014373857063006461
338.0,0.014258119057357712
339.0,0.014219990455900883
340.0,0.014131316296894968
341.0,0.014035632778547602
342.0,0.01400537906701843
343.0,0.013909205802358665
344.0,0.013773261995350039
345.0,0.013773830814633247
346.0,0.013720627782417612
347.0,0.013577073290512044
348.0,0.01349278154440776
349.0,0.013432092960126391
350.0,0.013340823885758208
351.0,0.013303041439345334
352.0,0.013286066696962102
353.0,0.013183813611101242
354.0,0.013112611532856967
355.0,0.013084419890545668
356.0,0.013003238690236207
357.0,0.012926200150893408
358.0,0.012861687370223465
359.0,0.012818449569554555
360.0,0.012777166155482387
361.0,0.012715571272394074
362.0,0.012648432692332392
363.0,0.012573242936685294
364.0,0.012496342389940476
365.0,0.012437414186537194
366.0,0.012414273223785069
367.0,0.012367264857208887
368.0,0.012305900580826092
369.0,0.012264206801927916
370.0,0.012220726731508291
371.0,0.01216328348397977
372.0,0.01212320105056135
373.0,0.01207489378735098
374.0,0.012010345078072068
375.0,0.011954252983355205
376.0,0.01192407632010243
377.0,0.011891904039580998
378.0,0.011825427444793849
379.0,0.011736155472074808
380.0,0.011720709893169968
381.0,0.011707026991965434
382.0,0.01166432770730761
383.0,0.01164820112709789
384.0,0.01161790720166114
385.0,0.011552823313274892
386.0,0.011507542995993264
387.0,0.011480915340169434
388.0,0.011407926777072922
389.0,0.011368085998535662
390.0,0.011371474420898028
391.0,0.011328731844542885
392.0,0.011278659632628977
393.0,0.011262413434783068
394.0,0.011249012647758431
395.0,0.01122354470663579
396.0,0.011166733894236471
397.0,0.011102825110403787
398.0,0.011046029593498348
399.0,0.010999151131201873
400.0,0.010964928644878965
401.0,0.010942805304068728
402.0,0.01091312907601561
403.0,0.010874644889222481
404.0,0.010850563659952333
405.0,0.010830111671133536
406.0,0.010802439630441932
407.0,0.010770576021559813
408.0,0.010741225565522546
409.0,0.010713789579854287
410.0,0.010688982577785208
411.0,0.010666540560665164
412.0,0.010645596735139132
413.0,0.010626117417474762
414.0,0.010604768704204307
415.0,0.010593126736346135
416.0,0.01058397213354114
417.0,0.010571432436821054
418.0,0.010556837044360003
419.0,0.01054273053469771
420.0,0.010537162351868013
421.0,0.010533856518172752
422.0,0.010526482973354189
423.0,0.010515524160326624
424.0,0.010505199915304594
425.0,0.010513195977510176
426.0,0.01051597152985657
427.0,0.010510777113758269
428.0,0.010518502315589484
429.0,0.010524072961333824
430.0,0.010516141023161693
431.0,0.010510515867738077
432.0,0.010504568694775012
433.0,0.010505893286932726
434.0,0.010507966440840063
435.0,0.010506087960865497
436.0,0.010501480628071522
437.0,0.010504306318008399
438.0,0.010521361532334638
439.0,0.010536269786886293
440.0,0.010548675561615335
441.0,0.010570033809302746
442.0,0.0105946583511135
443.0,0.010619561562958584
444.0,0.010645222995652175
445.0,0.01067631833629708
446.0,0.010717869242096691
447.0,0.010764037804022318
448.0,0.01080687542435738
449.0,0.010842591084070452
450.0,0.010878729011242066
451.0,0.010919736323364137
452.0,0.010962526521135071
453.0,0.011004129205088845
454.0,0.011044912933172736
455.0,0.011082666761046345
456.0,0.011119994247347633
457.0,0.011161171257967123
458.0,0.011192590830015139
459.0,0.011216216000273449
460.0,0.011257629762321683
461.0,0.011303319946620063
462.0,0.011333890467482602
463.0,0.011367710366348842
464.0,0.011407097254819285
465.0,0.011444915091299477
466.0,0.011486792874925485
467.0,0.01153647109138322
468.0,0.011576576090967303
469.0,0.011611960686636594
470.0,0.011654095014614967
471.0,0.011687469487832846
472.0,0.011714788879040624
473.0,0.011758048130651712
474.0,0.011802070877573605
475.0,0.011836143999777502
476.0,0.011867201933744766
477.0,0.011899190244047422
478.0,0.011932931090828098
479.0,0.011961506423425108
480.0,0.011988335394722669
481.0,0.012016602027433976
482.0,0.012049953554502276
483.0,0.012088541229172325
484.0,0.01212367467719909
485.0,0.012155803405415267
486.0,0.01219491032746244
487.0,0.012234485281015374
488.0,0.012266181505944567
489.0,0.012298756943997395
490.0,0.012332289006674699
491.0,0.012363094410033259
492.0,0.012404594609688468
493.0,0.012453126948983909
494.0,0.012498283811678864
495.0,0.012545729045917154
496.0,0.012598417677287681
497.0,0.012655569675945047
498.0,0.012716685006036371
499.0,0.012785428211735676
500.0,0.01286117502162475
501.0,0.01293814064361797
502.0,0.013007535867941677
503.0,0.013075209300045975
504.0,0.013145139041262374
505.0,0.013221090110144057
506.0,0.013299040662936459
507.0,0.013363443199275899
508.0,0.01342275862122803
509.0,0.01348183058107515
510.0,0.01354232760323954
511.0,0.013601976515260183
512.0,0.013665949903620883
513.0,0.013734282345065029
514.0,0.01381226674583412
515.0,0.013909251992134114
516.0,0.014014545356977295
517.0,0.014119639601325404
518.0,0.014233835626353986
519.0,0.01434645378098244
520.0,0.01444226168425701
521.0,0.014542352003424741
522.0,0.014651365634955444
523.0,0.014763333770811043
524.0,0.014873091456452653
525.0,0.01498607647817438
526.0,0.015110574335879099
527.0,0.015240457559843507
528.0,0.015353705042801934
529.0,0.015460536345027448
530.0,0.015567725270327393
531.0,0.01568262655772209
532.0,0.01579826173886764
533.0,0.0159048407369913
534.0,0.016013187734336302
535.0,0.016123112997746155
536.0,0.016229935417646755
537.0,0.01633068533610704
538.0,0.016426166884246612
539.0,0.016520497868399583
540.0,0.016616505069568455
541.0,0.01671101410161344
542.0,0.016795813275462017
543.0,0.01687116359117648
544.0,0.016942609650203857
545.0,0.01700808772087623
546.0,0.017067307572881135
547.0,0.017120644199764636
548.0,0.017168743535155025
549.0,0.01720985935793814
550.0,0.017253634052845628
551.0,0.017305594893222774
552.0,0.017363893944693027
553.0,0.01742501132720687
554.0,0.017487479312521533
555.0,0.01754942584515906
556.0,0.017608899603321265
557.0,0.017669332550774627
558.0,0.017723949103522613
559.0,0.017769626544550454
560.0,0.01781244668771996
561.0,0.017846963590263443
562.0,0.017870867774139498
563.0,0.017887027389925397
564.0,0.01789571346368362
565.0,0.017900404744886987
566.0,0.01789343227559117
567.0,0.01787166499941597
568.0,0.017844063801251354
569.0,0.017807580964506076
570.0,0.017761612554967422
571.0,0.017704741107619108
572.0,0.017636323093691113
573.0,0.017563035221266992
574.0,0.01747851358827833
575.0,0.017377916598944717
576.0,0.01726097418042902
577.0,0.01712762142194068
578.0,0.016979418565367183
579.0,0.016805577619098278
580.0,0.016609633965398166
581.0,0.016401717389984163
582.0,0.016181208709413718
583.0,0.01594035197730954
584.0,0.015692890490081098
585.0,0.015440176447509474
586.0,0.015175083812984717
587.0,0.014903764403519131
588.0,0.014632195373347123
589.0,0.014345806049817573
590.0,0.01404401774745891
591.0,0.0137343742723441
592.0,0.013423604580467166
593.0,0.013101643092630497
594.0,0.0127535306388144
595.0,0.012374988501659662
596.0,0.011966735386168737
597.0,0.011528692887133169
598.0,0.011076526492065213
599.0,0.010639795325204548
600.0,0.010242544297100874
601.0,0.009912276161242503
602.0,0.00964744058986749
603.0,0.009447782435475801
604.0,0.009303170741580167
605.0,0.009196526135229751
606.0,0.009114015478376118
607.0,0.009051159003579756
608.0,0.0089971252655835
609.0,0.008945701719450316
610.0,0.008890312391181127
611.0,0.008833407871825941
612.0,0.008784942806964294
613.0,0.008736582093791783
614.0,0.008682503146859458
615.0,0.008631028112449325
616.0,0.00857935075374188
617.0,0.008520775391050752
618.0,0.008466136461519872
619.0,0.008417170465164147
620.0,0.008368875249415736
621.0,0.008319848836128277
622.0,0.008277492552685808
623.0,0.00823141909220032
624.0,0.008183893886305846
625.0,0.008143108550935741
626.0,0.00810096061857447
627.0,0.008056453922626966
628.0,0.008018157154004956
629.0,0.007978912555581816
630.0,0.007933539769406618
631.0,0.00789371438831514
632.0,0.00785934515359214
633.0,0.007820454573945715
634.0,0.007786216136159466
635.0,0.007760695903997569
636.0,0.007724101471343299
637.0,0.007681924296911906
638.0,0.007662367828874794
639.0,0.007636962808866663
640.0,0.007594330659744478
641.0,0.007552595429293506
642.0,0.007509318816281689
643.0,0.007459831053950901
644.0,0.007413064374108234
645.0,0.00736800216444277
646.0,0.007304476139308592
647.0,0.007244509905807009
648.0,0.007198123985777284
649.0,0.007141110531642572
650.0,0.007066396166657984
651.0,0.006976563643270271
652.0,0.006874925087370318
653.0,0.006767697763225007
654.0,0.006656840402239146
655.0,0.0065280182998667625
656.0,0.006368298029797664
657.0,0.0062031103117087035
658.0,0.006058073994927049
659.0,0.005938004395102143
660.0,0.00583376409449231
661.0,0.005738137242076795
662.0,0.005657846261137167
663.0,0.0055896606831443724
664.0,0.005527127514463488
665.0,0.005466212453855456
666.0,0.0054071319740981285
667.0,0.005363897544858719
668.0,0.005322157133544581
669.0,0.005273158865479115
670.0,0.005246834413069583
671.0,0.005235045491097495
672.0,0.005206039149136331
673.0,0.005175829190695022
674.0,0.005151845392610308
675.0,0.005131062663185683
676.0,0.0051101442793191195
677.0,0.0050903735983438385
678.0,0.005076011280324357
679.0,0.005063057776971084
680.0,0.005045918891287272
681.0,0.005033467262999216
682.0,0.005030248994947845
683.0,0.005027837939980652
684.0,0.005022254536426212
685.0,0.005016133672199431
686.0,0.005009127615660658
687.0,0.004995483076449215
688.0,0.004953501903103745
689.0,0.0048989701091789635
690.0,0.0048424857445255225
691.0,0.00477651943405376
692.0,0.004703972835467902
693.0,0.004633774540827287
694.0,0.00456089586813437
695.0,0.004482413249197724
696.0,0.004401503666378936
697.0,0.004315837711884067
698.0,0.004216623322369667
699.0,0.004110466799912635
700.0,0.0040025685886404235
701.0,0.003902227567800169
702.0,0.0037986640731415035
703.0,0.0036881389947170046
704.0,0.0035800855324768996
705.0,0.003471974874348951
706.0,0.003361191525679498
707.0,0.0032438471394338544
708.0,0.0031186775475457082
709.0,0.003004679127625069
710.0,0.002894565320871244
711.0,0.0027831745994959948
712.0,0.0026684060782505847
713.0,0.0025511437766340636
714.0,0.0024375967367164055
715.0,0.0023296560562317005
716.0,0.002224372225077394
717.0,0.0021259979118352333
718.0,0.0020328800614107484
719.0,0.0019375877929684125
720.0,0.0018464763178266206
721.0,0.0017709598508525142
722.0,0.0017047933002391862
723.0,0.0016371819541337637
724.0,0.0015700854105116639
725.0,0.0014935324120335532
726.0,0.001421320394991489
727.0,0.0013528642415269994
728.0,0.0012920226538201446
729.0,0.0012345364599616964
730.0,0.001162533000567924
731.0,0.0010996132927413164
732.0,0.0010510864946262173
733.0,0.001005934448170151
734.0,0.0009660524326282019
735.0,0.0009437525613928719
736.0,0.0009166259830078006
737.0,0.0008859408468509774
738.0,0.0008797798124851704
739.0,0.0008760397917014492
740.0,0.0008631708725194247
741.0,0.0008553668625871175
742.0,0.0008522474570986984
743.0,0.0008452814542861452
744.0,0.0008377840221542871
745.0,0.0008362144023581585
746.0,0.0008300826221262099
747.0,0.0008208629400597479
748.0,0.0008072765042399239
749.0,0.0008018055164711477
750.0,0.0008032472781980546
751.0,0.000797151459527362
752.0,0.0007921727703231728
753.0,0.0007812851259280214
754.0,0.0007739345376817737
755.0,0.0007692466399613322
756.0,0.0007643753474342869
757.0,0.0007589341961538581
758.0,0.0007551266477671875
759.0,0.0007418539504970299
760.0,0.0007210118665792747
761.0,0.0007156856111184913
762.0,0.0006872715964244797
763.0,0.0006634483466597695
764.0,0.0006786748929929751
765.0,0.0006950699932053795
766.0,0.000707101247297544
767.0,0.0007129728948429375
768.0,0.000716996443656277
769.0,0.000715658756433693
770.0,0.0007194793808521672
771.0,0.0007261977843114986
772.0,0.000722900729820252
773.0,0.0007185300807721664
774.0,0.0007206392618725287
775.0,0.000720762407083548
776.0,0.0007193633714930612
777.0,0.0007183033635717129
778.0,0.0007200848472593627
779.0,0.0007243145587710364
780.0,0.000725627119061252
781.0,0.0007220924345900868
782.0,0.0007183862563502745
783.0,0.0007208340524745818
784.0,0.0007221571239400396
785.0,0.0007216555347709993
786.0,0.000725326683559725
787.0,0.0007345498092459519
788.0,0.0007347559236308241
789.0,0.0007350568534396477
790.0,0.0007361246203010314
791.0,0.0007420337119309487
792.0,0.0007490096859946707
793.0,0.0007515086853750207
794.0,0.0007588949034715335
795.0,0.0007676361423155492
796.0,0.0007560405396128137
797.0,0.0007520473428306175
798.0,0.0007617187887586981
799.0,0.0007767396976911873
800.0,0.0007856471837895092
801.0,0.000771663563154006
802.0,0.0007678312067643367
803.0,0.0007775551011668646
804.0,0.000780691896155197
805.0,0.0007812657186882993
806.0,0.0007810414466773994
807.0,0.0007804361759355683
808.0,0.0007812006850858954
809.0,0.0007683925135328277
810.0,0.0007579346751580443
811.0,0.0007487566840065566
812.0,0.0007270250435178929
813.0,0.0007018579057429825
814.0,0.0006882898153666634
815.0,0.0006833385176448183
816.0,0.0006848510570807752
817.0,0.0006807668149591883
818.0,0.0006690870815247308
819.0,0.0006497269356537544
820.0,0.0006386841383420678
821.0,0.0006306257681211576
822.0,0.0006093454049370871
823.0,0.0005807750226329739
824.0,0.0005543524553313168
825.0,0.0005371993190654639
826.0,0.0005147047566684817
827.0,0.00047941467971399944
828.0,0.00045904544022786246
829.0,0.00044403526538058254
830.0,0.00042665833698930675
831.0,0.0004097445790058669
832.0,0.0003875766856770407
833.0,0.0003650600830686771
834.0,0.00035257858814893286
835.0,0.0003586359853241768
836.0,0.00034903976950870935
837.0,0.00033944335315348045
838.0,0.0003483452385574192
839.0,0.00033563976282565994
840.0,0.0003139557815934363
841.0,0.00031610233506839064
842.0,0.0003077923713060315
843.0,0.00029226183881644446
844.0,0.00029870564912386286
845.0,0.00030414863916676787
846.0,0.00029283045651771485
847.0,0.00028447578503314224
848.0,0.0002831875453350738
849.0,0.00027337532487512893
850.0,0.0002702857225103222
851.0,0.0002813015407805032
852.0,0.00026978765007203235
853.0,0.00026012376471818853
854.0,0.0002521499297635659
855.0,0.00024079506163764857
856.0,0.00023038946108782523
857.0,0.00023016199755688526
858.0,0.00022731277523224924
859.0,0.00021733120106887257
860.0,0.00022985426448028767
861.0,0.00024158832520225268
862.0,0.00021103780615430332
863.0,0.00021186239062445468
864.0,0.00021833374360553286
865.0,0.00020618177377357223
866.0,0.0001894287670058478
867.0,0.00017525577973834887
868.0,0.00018336927958381054
869.0,0.00018790747020149342
870.0,0.00018675060961244105
871.0,0.00017846312582201116
872.0,0.0001548115878831008
873.0,0.00014959672613568448
874.0,0.0001542581243040789
875.0,0.00015473646782601332
876.0,0.0001465514221640458
877.0,0.00013289102410438342
878.0,0.00010493968161348209
879.0,0.00011733676953149335
880.0,0.00015033188915899998
881.0,0.0001402338127255432
882.0,0.000124473696833181
883.0,0.00010837874617014276
884.0,0.00010820027023408712
885.0,0.00012115674718147736
886.0,0.00013437727066993943
887.0,0.00011003475072223516
888.0,8.357764383288604e-05
889.0,9.40429291346683e-05
890.0,9.629508611274596e-05
891.0,9.153028126917172e-05
892.0,8.48858892529156e-05
893.0,8.02719439715048e-05
894.0,8.84881619945125e-05
895.0,6.754837079099322e-05
896.0,5.466074868520217e-05
897.0,5.034569610465556e-05
898.0,4.573855716015547e-05
899.0,6.562379563152871e-05
