/begin_header
/west_longitude=UNKNOWN
/south_latitude=NA
/north_latitude=UNKNOWN
/calibration_files=NA
/cruise=NA
/station=NA
/documents=NA
/data_type=NA
/affiliations=NOAA
/experiment=NA
/units=nm,dl
/start_date=2019-10-08
/end_date=NA
/missing=9999
/start_time=11:21:36
/data_file_name=NA
/cloud_percent=NA
/water_depth=NA
/data_status=NA
/east_longitude=NA
/wind_speed=NA
/secchi=NA
/measurement_depth=NA
/fields=wavelength,rrs
/delimiter=comma
/contact=NA
/end_time=NA
/wave_height=NA
/investigators=NA
/end_header@
325.0,0.0008913735940598036
326.0,0.0008359564941948283
327.0,0.0008500627467212774
328.0,0.0009430863670946927
329.0,0.000944896540519187
330.0,0.0009180011387239081
331.0,0.0010327957792543748
332.0,0.0010784940157272734
333.0,0.00100399595430667
334.0,0.0009166890150030428
335.0,0.0009784644252514919
336.0,0.0011235845678802384
337.0,0.0010431923452798619
338.0,0.0010176189411329087
339.0,0.001112043910176017
340.0,0.0011409965204046025
341.0,0.0011658473172558908
342.0,0.0012262901876594202
343.0,0.0012666925557379518
344.0,0.0012774835262453388
345.0,0.0013331684090307886
346.0,0.0013923740955630486
347.0,0.0014396019551872982
348.0,0.0014653316415112112
349.0,0.0014911232767253768
350.0,0.0015278858521483162
351.0,0.0015388236220167434
352.0,0.0015740716496967164
353.0,0.0016272056311348183
354.0,0.001668156833528381
355.0,0.0017000912620592054
356.0,0.0017374826501492125
357.0,0.0017725134095643337
358.0,0.0018180716875540325
359.0,0.0018441512943294974
360.0,0.001849446892588361
361.0,0.0018741434761501985
362.0,0.0019197535674007656
363.0,0.0019735590814936375
364.0,0.0019995871200459356
365.0,0.0020058584477456354
366.0,0.0020036850149651375
367.0,0.002032648859530174
368.0,0.002070466666258628
369.0,0.0020834715122776894
370.0,0.0021170350859788787
371.0,0.0021630285909143834
372.0,0.0021804972999597038
373.0,0.00220691969937794
374.0,0.0022497813257341638
375.0,0.00228110124901745
376.0,0.002300990410350076
377.0,0.002330490992742536
378.0,0.002351502195173734
379.0,0.0023663539464182357
380.0,0.0024353451104895487
381.0,0.0024975476499503463
382.0,0.0025080985860425472
383.0,0.0025696623765038805
384.0,0.002659895344667952
385.0,0.0026947694518884473
386.0,0.0027088373372373643
387.0,0.002733950057913646
388.0,0.002761572810572365
389.0,0.002784126720709092
390.0,0.002785229403779768
391.0,0.0028135205780318437
392.0,0.002867832435862169
393.0,0.002921671156623702
394.0,0.002942229338567235
395.0,0.002941635741580641
396.0,0.0029893197718970648
397.0,0.0030127972289400416
398.0,0.0029851355058464245
399.0,0.0029888298866984097
400.0,0.0030062892292854275
401.0,0.0030197233684796177
402.0,0.003016500922656244
403.0,0.003000815027444477
404.0,0.0029942332416095178
405.0,0.003005998568106121
406.0,0.0030301449594076512
407.0,0.003046497659764954
408.0,0.0030510809107474396
409.0,0.0030546898262222293
410.0,0.003065255739482608
411.0,0.003076656910389667
412.0,0.0030791831421034008
413.0,0.003093088243003896
414.0,0.003117040599608276
415.0,0.0031392189451423295
416.0,0.0031610858924913986
417.0,0.003181986457132803
418.0,0.003215090968616672
419.0,0.0032557412221996527
420.0,0.003282821941129152
421.0,0.0033156520628555243
422.0,0.003360068608059865
423.0,0.0033839417942914687
424.0,0.003404442918327957
425.0,0.0034436386337836113
426.0,0.0034735966692549637
427.0,0.0034975399409314907
428.0,0.0035436465727311157
429.0,0.003580642827888845
430.0,0.0036066916654400273
431.0,0.0036368037853773223
432.0,0.0036590778122017283
433.0,0.0036788270234295066
434.0,0.0037042294897461176
435.0,0.0037344143340241843
436.0,0.0037590327500454657
437.0,0.003797750221774438
438.0,0.0038589083721270235
439.0,0.003916161129479333
440.0,0.003976385335403217
441.0,0.004046156082838337
442.0,0.004118998662935252
443.0,0.004200232557266348
444.0,0.004296984467973922
445.0,0.004397284983598986
446.0,0.00450043655411855
447.0,0.004608025036899504
448.0,0.004717361194721928
449.0,0.004825933779922629
450.0,0.004936175626441717
451.0,0.005046764254128706
452.0,0.005155339566108713
453.0,0.00525754011724658
454.0,0.00535817484914974
455.0,0.005442413421582111
456.0,0.0055164178433113175
457.0,0.00559658644545941
458.0,0.005677243880881492
459.0,0.0057590512176746
460.0,0.005831907059747788
461.0,0.005900324040775848
462.0,0.005965874919348527
463.0,0.006034799770317172
464.0,0.006106767257596089
465.0,0.006187208488209155
466.0,0.006274722631562933
467.0,0.0063667730771246505
468.0,0.006449193211755795
469.0,0.006532922678485495
470.0,0.006633162663036573
471.0,0.006728454009169503
472.0,0.0068198476451227135
473.0,0.006927480846274274
474.0,0.007031233138590545
475.0,0.007129078369635678
476.0,0.007228745574501723
477.0,0.007326463386136461
478.0,0.007410234103632738
479.0,0.0074900586798197
480.0,0.007565758158050537
481.0,0.007639185879989003
482.0,0.007708234836521041
483.0,0.007769817853792181
484.0,0.007835786688582492
485.0,0.007903192698753784
486.0,0.00795945224095125
487.0,0.008009454908261819
488.0,0.008060747831479361
489.0,0.008112156083536933
490.0,0.00816172053565067
491.0,0.008209919000092651
492.0,0.008263916322328629
493.0,0.008328161294022916
494.0,0.008399860332488573
495.0,0.008481716786427732
496.0,0.008570989813079615
497.0,0.008658490931945841
498.0,0.008758222222412744
499.0,0.008879867437389088
500.0,0.009009221343221841
501.0,0.009145264449471686
502.0,0.009310236469056543
503.0,0.009478313451722557
504.0,0.009631084360442167
505.0,0.009802913443309292
506.0,0.009988535941573397
507.0,0.010169304919014407
508.0,0.01036356717209369
509.0,0.010570323518575547
510.0,0.010770389238705585
511.0,0.010977336885130995
512.0,0.011199702503657536
513.0,0.011423930843643825
514.0,0.011656485234080978
515.0,0.01190970229215207
516.0,0.012158398721424078
517.0,0.012398668216106459
518.0,0.012646603498413744
519.0,0.012894512405327893
520.0,0.013131093651802978
521.0,0.013361150487341064
522.0,0.01358682805933332
523.0,0.013808631246126307
524.0,0.014028526949765854
525.0,0.014252459788997262
526.0,0.01446814168821392
527.0,0.014678547872696481
528.0,0.014888239236097615
529.0,0.015086018779251396
530.0,0.015272367706806622
531.0,0.015458340576993473
532.0,0.01564876550920814
533.0,0.01583914412427586
534.0,0.016022714454144417
535.0,0.016195893937239986
536.0,0.016364972364997878
537.0,0.016533098240511586
538.0,0.016706040782836613
539.0,0.016878551159303472
540.0,0.01704865556814205
541.0,0.017212935699688008
542.0,0.017375226921205862
543.0,0.01753421550306548
544.0,0.01769181130229352
545.0,0.017846154210406442
546.0,0.01799483266955896
547.0,0.018151006774459546
548.0,0.018310228413542268
549.0,0.018453696096525116
550.0,0.01860333180215769
551.0,0.018764365806432044
552.0,0.01892711152468963
553.0,0.019086016368517558
554.0,0.019237558030961895
555.0,0.01938873420075171
556.0,0.019539612192276786
557.0,0.019680455322525582
558.0,0.019812662325557073
559.0,0.019941529887058336
560.0,0.020058721643078824
561.0,0.020160776669221565
562.0,0.020255406042183698
563.0,0.02033734007429469
564.0,0.020406266122435353
565.0,0.020465036976793125
566.0,0.020518727160882044
567.0,0.020568846475182395
568.0,0.020607725456295266
569.0,0.020632827519133957
570.0,0.020650661057693427
571.0,0.020670164342061988
572.0,0.02068936533452971
573.0,0.020696804548692622
574.0,0.02069689926420889
575.0,0.020696127955359037
576.0,0.020698935943248863
577.0,0.020698026030883464
578.0,0.02067085811374611
579.0,0.020631036058203017
580.0,0.020590165089921023
581.0,0.020538995420715682
582.0,0.020476769118125175
583.0,0.020404365810362552
584.0,0.020332283448068686
585.0,0.020259803337514745
586.0,0.020183079982090617
587.0,0.020104777482801837
588.0,0.02002664720463678
589.0,0.019933325723172406
590.0,0.01982294952832648
591.0,0.019700734323814088
592.0,0.01956384099099053
593.0,0.019408673747532537
594.0,0.019231085890556568
595.0,0.019014778698084482
596.0,0.018747653818579835
597.0,0.018425047397652307
598.0,0.018060271973147517
599.0,0.017688459661714
600.0,0.01732339518319954
601.0,0.016982623337581576
602.0,0.01668159636137332
603.0,0.01642283152988651
604.0,0.016187328017799013
605.0,0.015980560901839583
606.0,0.015797724497026527
607.0,0.015610150176788207
608.0,0.015415593773704609
609.0,0.015232032544235264
610.0,0.015046787198642438
611.0,0.014859275946136332
612.0,0.014678548846269906
613.0,0.014501822504768586
614.0,0.014333899590602795
615.0,0.014179410011768484
616.0,0.014031333865151204
617.0,0.013884586608447288
618.0,0.01375424652849119
619.0,0.013642446732514735
620.0,0.013544499218719147
621.0,0.013461430815947337
622.0,0.013386281370112227
623.0,0.013319772881422085
624.0,0.013261058489984889
625.0,0.013206564452502506
626.0,0.01315427882111062
627.0,0.013103083163450074
628.0,0.013064312394674534
629.0,0.013026420524558286
630.0,0.012973987091990168
631.0,0.012923425154031836
632.0,0.012884553891235074
633.0,0.012856257037188634
634.0,0.012834954381799019
635.0,0.012821946436995963
636.0,0.012826951125415324
637.0,0.012838344463843993
638.0,0.012845917212407434
639.0,0.012856319848227165
640.0,0.012863631780985884
641.0,0.01286385448859543
642.0,0.012856637299308873
643.0,0.012837739530632853
644.0,0.012808443431471316
645.0,0.012766240391095534
646.0,0.012702815636454307
647.0,0.01261658646486051
648.0,0.012503424323432507
649.0,0.012351709875451809
650.0,0.012168967865830754
651.0,0.01196509054830574
652.0,0.011725522456923623
653.0,0.011452493873413567
654.0,0.011167853447465922
655.0,0.010830254324324537
656.0,0.010424663267647228
657.0,0.009988983998472919
658.0,0.009578224053114842
659.0,0.009201493679102104
660.0,0.008852629730945806
661.0,0.008531475274379485
662.0,0.008234572735240184
663.0,0.00796759580453663
664.0,0.007749941891331232
665.0,0.0075625048158084645
666.0,0.007405939249235109
667.0,0.0072946992584521225
668.0,0.007230087483117466
669.0,0.007202639407524937
670.0,0.007208569651637254
671.0,0.007250622543715413
672.0,0.00732146187809359
673.0,0.0074273953271613916
674.0,0.007562877666401326
675.0,0.007699334387686899
676.0,0.007845624597469932
677.0,0.008009988975849749
678.0,0.008188579399868834
679.0,0.008383987523109145
680.0,0.008598469672882818
681.0,0.008825192119732123
682.0,0.00906277079773835
683.0,0.009325004266777008
684.0,0.009650408904612173
685.0,0.010097266000989055
686.0,0.010650615233642685
687.0,0.0112279651227614
688.0,0.011521693680376383
689.0,0.01169346918504345
690.0,0.011903363809629381
691.0,0.012133149732779906
692.0,0.012393060067843815
693.0,0.012697039513813934
694.0,0.012970325778483328
695.0,0.013180950564600119
696.0,0.01336350408684775
697.0,0.013530943191954473
698.0,0.013684190739309335
699.0,0.013791047515794328
700.0,0.013842570393234457
701.0,0.013838237876640427
702.0,0.01376857537548772
703.0,0.013643073722349356
704.0,0.01350475200875396
705.0,0.01333817431885449
706.0,0.013126961479233918
707.0,0.012884146216949652
708.0,0.012610299540707779
709.0,0.012307120965951584
710.0,0.011980434944919526
711.0,0.011629234276809668
712.0,0.01125328021282492
713.0,0.010872979728124435
714.0,0.010495621897623217
715.0,0.010156174846491856
716.0,0.009845597635633755
717.0,0.009528020482072864
718.0,0.009172254222421716
719.0,0.008767110908602126
720.0,0.008340518404615728
721.0,0.007955389642512363
722.0,0.007657890923564376
723.0,0.007376518866930926
724.0,0.007076349587585041
725.0,0.0067740959676524425
726.0,0.006466824729521507
727.0,0.006137725208901804
728.0,0.005809482047523422
729.0,0.005483912118246453
730.0,0.005144239891731508
731.0,0.004826395875944084
732.0,0.0045563552542569625
733.0,0.004316528223157064
734.0,0.004119137647915888
735.0,0.003975777562353747
736.0,0.0038539244064911874
737.0,0.003746635098692543
738.0,0.0036663782413877202
739.0,0.003602348171735076
740.0,0.0035515638967589178
741.0,0.003509144081234472
742.0,0.0034716955481168357
743.0,0.0034403223285781903
744.0,0.0034143352917910138
745.0,0.003389342223370214
746.0,0.0033661711697203023
747.0,0.00334522038458209
748.0,0.0033362605345802236
749.0,0.003313820395723916
750.0,0.0032838104877359574
751.0,0.0032691101955464657
752.0,0.003247820452249662
753.0,0.0032143049702126796
754.0,0.00320644000107108
755.0,0.0032033264893107914
756.0,0.003177516691664361
757.0,0.0032020992123884947
758.0,0.003297029697039499
759.0,0.0034224041754337257
760.0,0.003579395995643807
761.0,0.003678816780242293
762.0,0.003628054522729062
763.0,0.0034920093023977387
764.0,0.0033684003804520476
765.0,0.0032581940910322744
766.0,0.003173128509544044
767.0,0.0031174772933405615
768.0,0.0030790793021150393
769.0,0.003063033897528441
770.0,0.003047366820212945
771.0,0.003033218775570427
772.0,0.0030352281256086503
773.0,0.0030431695740828764
774.0,0.003055093603552555
775.0,0.00305191171142422
776.0,0.0030452802108343405
777.0,0.003056892447476518
778.0,0.003068091429946188
779.0,0.003078794405180289
780.0,0.0031033405589929023
781.0,0.0031166121840037276
782.0,0.0031217214829239153
783.0,0.0031477897509031064
784.0,0.0031846413063999724
785.0,0.0032058157310964237
786.0,0.003224205352357348
787.0,0.0032451285567445566
788.0,0.0032734878891001766
789.0,0.0033081944740594713
790.0,0.003340077671389806
791.0,0.00335930961126448
792.0,0.003373632906100128
793.0,0.0034145649516756243
794.0,0.003447326799739725
795.0,0.003468568637923041
796.0,0.003511412707073925
797.0,0.0035498008152328
798.0,0.0035746847143964594
799.0,0.0035993096379062436
800.0,0.0036210117286535866
801.0,0.0036391679941324083
802.0,0.0036560961589801972
803.0,0.0036714843400397754
804.0,0.0036726113552513068
805.0,0.003671027870024371
806.0,0.0036797811629110146
807.0,0.0036876399926373316
808.0,0.003695294715529405
809.0,0.0036947477316966624
810.0,0.003688548551755633
811.0,0.003677405244240132
812.0,0.0036654826608629384
813.0,0.003645068563310925
814.0,0.003598295720487739
815.0,0.003577329815452498
816.0,0.0035590043985426942
817.0,0.0034985464885444947
818.0,0.003447309917520487
819.0,0.0034041219231279126
820.0,0.0033266465856326365
821.0,0.003239774525948833
822.0,0.0031442001098091026
823.0,0.0030441109864505675
824.0,0.0029425465003110702
825.0,0.0028503775079674796
826.0,0.002741524471132408
827.0,0.0026086399167082747
828.0,0.0024877821886302902
829.0,0.0023796483935003814
830.0,0.002265568116573053
831.0,0.002181811389323797
832.0,0.0021262973489071016
833.0,0.002053208436429492
834.0,0.001982773983927267
835.0,0.0019289479681450935
836.0,0.0018969476230883194
837.0,0.001875536521937228
838.0,0.0018371513275595001
839.0,0.0018152778092403853
840.0,0.001799447033026824
841.0,0.0017757260803167162
842.0,0.0017353019081627092
843.0,0.0016931689563091158
844.0,0.0016824467329835846
845.0,0.0016799955474754318
846.0,0.0016631187858920735
847.0,0.0016532232836987183
848.0,0.0016408359402145093
849.0,0.0016005175110080836
850.0,0.0015773763716060922
851.0,0.001581696855858996
852.0,0.0015620820670599798
853.0,0.0015338887525368997
854.0,0.0015187464183813925
855.0,0.0014998353616426834
856.0,0.0014787529524935496
857.0,0.0014702188329752792
858.0,0.0014618389531896856
859.0,0.0014484507911685799
860.0,0.0014441196493532814
861.0,0.001442638255351831
862.0,0.0014196131230324387
863.0,0.0014027561100656623
864.0,0.001400916571220929
865.0,0.001386829334841547
866.0,0.0013654872447754283
867.0,0.0013422420085862866
868.0,0.0013131135694559662
869.0,0.001297142210433586
870.0,0.0012994396892078688
871.0,0.0012771302479826145
872.0,0.0012370714345202587
873.0,0.0012465897237137267
874.0,0.0012368505732820259
875.0,0.001204138845099378
876.0,0.0011995827332226855
877.0,0.0011971209285520329
878.0,0.001173819369693467
879.0,0.001158688758731144
880.0,0.0011337332146756783
881.0,0.001110327280441459
882.0,0.001115431444346852
883.0,0.0011268350029517652
884.0,0.0010496466561751997
885.0,0.001023705439879867
886.0,0.0010748286744184721
887.0,0.0010639704775842263
888.0,0.0010045362990679675
889.0,0.000978668358395413
890.0,0.0010053737544208398
891.0,0.001048702292132914
892.0,0.0009711805636490438
893.0,0.0009276011806527813
894.0,0.0009517425206681006
895.0,0.0009380351546878357
896.0,0.0009407895679863741
897.0,0.000954798685786375
898.0,0.0009526448601054043
899.0,0.0009242995706529257
