/begin_header
/west_longitude=UNKNOWN
/south_latitude=NA
/north_latitude=UNKNOWN
/calibration_files=NA
/cruise=NA
/station=NA
/documents=NA
/data_type=NA
/affiliations=NOAA
/experiment=NA
/units=nm,dl
/start_date=2019-08-12
/end_date=NA
/missing=9999
/start_time=14:11:41
/data_file_name=NA
/cloud_percent=NA
/water_depth=NA
/data_status=NA
/east_longitude=NA
/wind_speed=NA
/secchi=NA
/measurement_depth=NA
/fields=wavelength,rrs
/delimiter=comma
/contact=NA
/end_time=NA
/wave_height=NA
/investigators=NA
/end_header@
325.0,0.015552127823770015
326.0,0.015425157241340793
327.0,0.015405273949203052
328.0,0.015472789704943316
329.0,0.015317809982862177
330.0,0.01516340606357235
331.0,0.015097406690464523
332.0,0.015101393151085357
333.0,0.015034925745294688
334.0,0.014843350612765024
335.0,0.01474032707276074
336.0,0.014730948343054648
337.0,0.014658529907881851
338.0,0.014597457272651007
339.0,0.014529912507733795
340.0,0.014407203801970473
341.0,0.014290036505656727
342.0,0.01423034858034843
343.0,0.014167090956657278
344.0,0.01408084081262681
345.0,0.013977143686248148
346.0,0.013905396142865161
347.0,0.013844338068858816
348.0,0.013729066335328537
349.0,0.013614636794637803
350.0,0.013502312196661237
351.0,0.013450206226863761
352.0,0.013423872856312141
353.0,0.013378561204367442
354.0,0.013305784571612364
355.0,0.013196404486878349
356.0,0.013108479008953464
357.0,0.013046082083535183
358.0,0.012988713481835803
359.0,0.012940109288231989
360.0,0.01287284076604612
361.0,0.012749147582950319
362.0,0.012678879991582664
363.0,0.012660378071234577
364.0,0.012623663088491643
365.0,0.012564936890186715
366.0,0.01248555688422973
367.0,0.012432098033306296
368.0,0.012394806092777913
369.0,0.01234391539191006
370.0,0.012284361138749186
371.0,0.012226395099098637
372.0,0.012165645909262755
373.0,0.012108651532452244
374.0,0.012068937064766364
375.0,0.01201017339739488
376.0,0.011944843906426222
377.0,0.0118758197307913
378.0,0.011819884976837626
379.0,0.011784714440009269
380.0,0.011751990570011344
381.0,0.011719864317916745
382.0,0.011670352649600596
383.0,0.011627438900706801
384.0,0.011581006826234908
385.0,0.011523385877375409
386.0,0.011469872342538675
387.0,0.01143203311332286
388.0,0.011398544233889259
389.0,0.01135375883378082
390.0,0.011304228769070092
391.0,0.011250825880222167
392.0,0.011204131986309564
393.0,0.011179182811695923
394.0,0.011143779161797193
395.0,0.011100441273757734
396.0,0.011039224742870054
397.0,0.010976196197587447
398.0,0.010917395623530658
399.0,0.010865069656534021
400.0,0.010818548363020954
401.0,0.010779226643808341
402.0,0.01074837783204595
403.0,0.010721510518490107
404.0,0.010673986647053327
405.0,0.010623340795720842
406.0,0.010572364536805932
407.0,0.010530570347482966
408.0,0.0104903119738801
409.0,0.010445284430256987
410.0,0.010399962785041312
411.0,0.010359800507961238
412.0,0.010320004387320208
413.0,0.010279787009861768
414.0,0.010243791716094044
415.0,0.010212656435103079
416.0,0.010188502872409045
417.0,0.01016399182356659
418.0,0.01013824436056349
419.0,0.010112920826269382
420.0,0.010095899503220474
421.0,0.010083829616197205
422.0,0.010068750714833657
423.0,0.010056557456228993
424.0,0.010043987605573887
425.0,0.010028912684919006
426.0,0.01001567872034457
427.0,0.010004830820406407
428.0,0.009996342908430659
429.0,0.009983775255009241
430.0,0.009967479606698856
431.0,0.009951271215223144
432.0,0.00993239911126787
433.0,0.009912846286791876
434.0,0.009896811236604519
435.0,0.009887966039583503
436.0,0.009880970472959823
437.0,0.009878755260586767
438.0,0.009882346013185168
439.0,0.009897372050031192
440.0,0.009920155031745209
441.0,0.009939189329542575
442.0,0.009968181949629557
443.0,0.01000802172745843
444.0,0.01005243543712219
445.0,0.01010544800324085
446.0,0.010166994884504156
447.0,0.010227638799320534
448.0,0.010290091090914222
449.0,0.010359568218500363
450.0,0.010429954067510207
451.0,0.010499046596665888
452.0,0.010568095184180053
453.0,0.010633659821595799
454.0,0.010694223859731683
455.0,0.010750248693707509
456.0,0.010803841403257793
457.0,0.010854776242722923
458.0,0.010903462689444227
459.0,0.010948515806644323
460.0,0.010990758853124885
461.0,0.01103107988113056
462.0,0.011078468705085854
463.0,0.011125549729909857
464.0,0.011169553810385225
465.0,0.011213344979688736
466.0,0.011260049372299078
467.0,0.011307206398405944
468.0,0.011354539341441202
469.0,0.011404161120205498
470.0,0.01145495612582497
471.0,0.011505462335916875
472.0,0.011554627053636569
473.0,0.011598399985367177
474.0,0.011645480189146526
475.0,0.011696618151684829
476.0,0.011740741705388389
477.0,0.011780501564601762
478.0,0.011830721802803307
479.0,0.01188600367334797
480.0,0.011940179424572954
481.0,0.011989631223654987
482.0,0.012038388675798792
483.0,0.012093213954412462
484.0,0.01215013204356058
485.0,0.012207698212523318
486.0,0.01226013276860484
487.0,0.012315087847181742
488.0,0.012379656521384137
489.0,0.012444350428825201
490.0,0.01250533807163531
491.0,0.012565454125197027
492.0,0.012636864198367856
493.0,0.012724322409683766
494.0,0.01281464297397444
495.0,0.012908797014329815
496.0,0.013008767259470788
497.0,0.013126762950881717
498.0,0.013256082338236639
499.0,0.013386358505582566
500.0,0.013526148346689323
501.0,0.013678039033435202
502.0,0.013836023896725991
503.0,0.01399933206590986
504.0,0.014171827575767983
505.0,0.014346926507758142
506.0,0.014526322993452644
507.0,0.014719165121567557
508.0,0.014921226557535503
509.0,0.015128581388620105
510.0,0.015331598516290793
511.0,0.015538191580295235
512.0,0.015756940003428307
513.0,0.01597786088882183
514.0,0.016205874831864638
515.0,0.01644854700880532
516.0,0.016702519511536906
517.0,0.01696448701624729
518.0,0.017224408484542392
519.0,0.01747499437212089
520.0,0.017715271935661768
521.0,0.017953314216691676
522.0,0.018194395693825624
523.0,0.01844007593407182
524.0,0.01868459744739344
525.0,0.01892544128582221
526.0,0.019177621566732632
527.0,0.019433643638413666
528.0,0.019671935967754427
529.0,0.019900395061622257
530.0,0.020124768499842884
531.0,0.020350177165572084
532.0,0.020577475388483833
533.0,0.02080744533093293
534.0,0.021027348812385015
535.0,0.02123427523311993
536.0,0.021441242390153097
537.0,0.02164586714610773
538.0,0.02184497573706624
539.0,0.02203847779664409
540.0,0.022229023779857957
541.0,0.022420431011432013
542.0,0.022599810005207034
543.0,0.02276625344234617
544.0,0.022927676079008523
545.0,0.02308389636979306
546.0,0.023233512041835734
547.0,0.023374112398582562
548.0,0.023508058929022874
549.0,0.0236415484363521
550.0,0.023770379670743094
551.0,0.023895154183387647
552.0,0.024026552848657803
553.0,0.0241549672931978
554.0,0.024272510641663084
555.0,0.024388048116136162
556.0,0.02449972495838477
557.0,0.02459651557641195
558.0,0.024684850239581203
559.0,0.024768334335692765
560.0,0.024839250739895565
561.0,0.02489374230184801
562.0,0.024932983450789682
563.0,0.024963098532479033
564.0,0.02498451021777846
565.0,0.024994809942333062
566.0,0.024992473368664465
567.0,0.024976772063063153
568.0,0.024943849865201727
569.0,0.02489469500882026
570.0,0.024835865046431316
571.0,0.024767656547691457
572.0,0.02468978431133511
573.0,0.024599520091661664
574.0,0.024499413279878635
575.0,0.024396103860033217
576.0,0.02427687546551191
577.0,0.024142077689104674
578.0,0.024002071954231877
579.0,0.02384449628200669
580.0,0.023663294927481322
581.0,0.023474405729073503
582.0,0.0232768176150621
583.0,0.023060057312706078
584.0,0.022832736785540562
585.0,0.022597325580635336
586.0,0.022349449643280363
587.0,0.02208887578700052
588.0,0.02181444747905146
589.0,0.021532893607841608
590.0,0.021249969559061988
591.0,0.02096657363052031
592.0,0.020673836649417823
593.0,0.02035782705824791
594.0,0.02001439394574685
595.0,0.019639548271121222
596.0,0.01923011371203564
597.0,0.018786771200715025
598.0,0.018319641596724525
599.0,0.017858820531475174
600.0,0.017431840354737608
601.0,0.017063775862925564
602.0,0.016766427282668535
603.0,0.01653669775374672
604.0,0.016358076175393785
605.0,0.016216762437548996
606.0,0.016096692631002642
607.0,0.015985645704768923
608.0,0.01588131805263083
609.0,0.01578125787653676
610.0,0.01567573916358182
611.0,0.015564939860253865
612.0,0.0154585271882588
613.0,0.01535354751606591
614.0,0.015253476254517515
615.0,0.01515479299822787
616.0,0.015057269329050743
617.0,0.014959644633241148
618.0,0.014865310049382597
619.0,0.01477689837987552
620.0,0.014699535936584074
621.0,0.014627440706762428
622.0,0.014561955733780229
623.0,0.014505073245632391
624.0,0.014453515373893416
625.0,0.014400018415248923
626.0,0.014348680720655357
627.0,0.014302197611895485
628.0,0.01426693334041384
629.0,0.014243573224152414
630.0,0.014231659110762171
631.0,0.014221422425618292
632.0,0.014213223836640514
633.0,0.014211152632538299
634.0,0.014206184774851277
635.0,0.014200862797866523
636.0,0.014201052331996297
637.0,0.014206947410514778
638.0,0.014210458843428262
639.0,0.014213717192868134
640.0,0.014216021341765483
641.0,0.014204922722688256
642.0,0.014185538286630417
643.0,0.014163902515133442
644.0,0.01413306867503666
645.0,0.014091477386841944
646.0,0.014035384119767954
647.0,0.013977998109058675
648.0,0.013926776170045535
649.0,0.013870441779974468
650.0,0.013793316959154497
651.0,0.013680336297273662
652.0,0.013548496241148247
653.0,0.01340164362459149
654.0,0.01324187451785302
655.0,0.013034975989175756
656.0,0.012767938775320856
657.0,0.01246436098529242
658.0,0.012166305570697636
659.0,0.011886151025112202
660.0,0.011620388139013681
661.0,0.011372822596917043
662.0,0.011141264148570576
663.0,0.010919370542843313
664.0,0.010701182958096581
665.0,0.010506350140190187
666.0,0.01033484130982594
667.0,0.010164354740010952
668.0,0.010018332613834537
669.0,0.009911616434883063
670.0,0.009821191802496437
671.0,0.009741243496655184
672.0,0.009678834874110748
673.0,0.009635030586034042
674.0,0.00960675052779807
675.0,0.009586744946628308
676.0,0.009577090832149813
677.0,0.009586633000619082
678.0,0.00961051897421454
679.0,0.009651408140067172
680.0,0.009724174359476881
681.0,0.009824563889862654
682.0,0.00995051940830015
683.0,0.010097906291981214
684.0,0.010271062759535994
685.0,0.010492756327112834
686.0,0.010733632772562231
687.0,0.010962875245231821
688.0,0.011130161638846055
689.0,0.011250482014037949
690.0,0.011348749949997367
691.0,0.011441453015404609
692.0,0.01152372566899772
693.0,0.0115810939497662
694.0,0.011614855654090771
695.0,0.0116220103093818
696.0,0.011589116272507392
697.0,0.011521109486980803
698.0,0.011424210407928754
699.0,0.011296276849476415
700.0,0.011138541195067894
701.0,0.010962991095193133
702.0,0.010763627419197017
703.0,0.010546226017986103
704.0,0.010313653405033953
705.0,0.010065114812614556
706.0,0.009809165022262065
707.0,0.009534595005122704
708.0,0.009242198833293486
709.0,0.008943403673293434
710.0,0.008634744788454315
711.0,0.008318217862864286
712.0,0.007991251834556012
713.0,0.007664069782025673
714.0,0.007342942301741813
715.0,0.007030998136326268
716.0,0.006720611492740637
717.0,0.006418379313631562
718.0,0.0061143646906248765
719.0,0.005829896501883836
720.0,0.005579143932574321
721.0,0.005362002136376531
722.0,0.005148252956061784
723.0,0.00492873606021405
724.0,0.004706221807801198
725.0,0.004485388003205139
726.0,0.004275160537817591
727.0,0.004076025513952301
728.0,0.003868564977666188
729.0,0.003650994246671521
730.0,0.0034520278561067453
731.0,0.0032761505749083026
732.0,0.003123610386733876
733.0,0.00299901109219514
734.0,0.0028919900696901825
735.0,0.0028018281328951087
736.0,0.002729229380377595
737.0,0.0026717925457563347
738.0,0.002625444075068891
739.0,0.0025969311882329685
740.0,0.0025841528884881313
741.0,0.0025680537300945
742.0,0.002548211706279499
743.0,0.0025355542029848028
744.0,0.002522169372076035
745.0,0.0025057097176300444
746.0,0.002497756412273515
747.0,0.0024925382467129503
748.0,0.0024803537578744384
749.0,0.002469017109152568
750.0,0.0024626778825218337
751.0,0.002454824409555037
752.0,0.002443603826336307
753.0,0.0024268022121370103
754.0,0.002417261291990827
755.0,0.002413417626909189
756.0,0.0024052276252057997
757.0,0.002395636814663757
758.0,0.0023823075388596507
759.0,0.0023562256556653996
760.0,0.0023134841194325582
761.0,0.0022781781444009487
762.0,0.0022542341900897984
763.0,0.002248579566626554
764.0,0.0022625339311005957
765.0,0.002275659798606895
766.0,0.0022846139761592142
767.0,0.0022985012283465974
768.0,0.0023134812638297433
769.0,0.002317914287349801
770.0,0.0023263681628049476
771.0,0.0023378542621261514
772.0,0.002341182227068832
773.0,0.0023421528440825067
774.0,0.002349174775240813
775.0,0.0023528121577191616
776.0,0.0023546438613095116
777.0,0.002363778423790138
778.0,0.0023755824637145197
779.0,0.002386650111935183
780.0,0.0023978166667760507
781.0,0.002406248703355573
782.0,0.002413865143214522
783.0,0.0024248474743635614
784.0,0.0024363544903759525
785.0,0.0024461814071323066
786.0,0.0024517998989936193
787.0,0.0024550416634760903
788.0,0.002468366755213217
789.0,0.002488688967251424
790.0,0.0025080595874665793
791.0,0.002531508372046817
792.0,0.0025536974978890197
793.0,0.002564439344676499
794.0,0.002579063475377575
795.0,0.002599527989769967
796.0,0.0026063695987277374
797.0,0.002619017877118973
798.0,0.002642589222359587
799.0,0.002657802636619087
800.0,0.002669821454050606
801.0,0.0026751288786795433
802.0,0.0026818092828902367
803.0,0.002692476893080627
804.0,0.002706898316305396
805.0,0.0027145105388690907
806.0,0.0027095665312293657
807.0,0.0027010195142351257
808.0,0.0026936330018670547
809.0,0.0026868842983587787
810.0,0.002666122132529518
811.0,0.0026299163365644715
812.0,0.002602296927376822
813.0,0.002567207914962456
814.0,0.0025230022546605018
815.0,0.002498396908170474
816.0,0.0024738088509205962
817.0,0.0024330658033032138
818.0,0.002397193072295184
819.0,0.0023668980136989995
820.0,0.0023166096146545355
821.0,0.002256754547569096
822.0,0.0022067912734286903
823.0,0.002145846781740005
824.0,0.002072485473479682
825.0,0.002006856011593156
826.0,0.0019397934265883974
827.0,0.0018705307769155452
828.0,0.0017961225216613645
829.0,0.0017120553597814437
830.0,0.0016370745879993934
831.0,0.0015750722618931637
832.0,0.00152604064247912
833.0,0.001506729172517153
834.0,0.0014774538543072513
835.0,0.0014366458918358296
836.0,0.0014205026354785128
837.0,0.0014069679741669952
838.0,0.0013848360177966617
839.0,0.0013789031056495786
840.0,0.0013845212924546298
841.0,0.0013552353655923494
842.0,0.0013312607910456532
843.0,0.0013269484597335792
844.0,0.0013179587367823042
845.0,0.001303994505511519
846.0,0.0012991972961282515
847.0,0.0012854226064741396
848.0,0.0012753453937768531
849.0,0.0012803851127140891
850.0,0.0012711375913540856
851.0,0.0012414003959526625
852.0,0.001237867808417433
853.0,0.0012379103662113462
854.0,0.0012134024971768198
855.0,0.001203220574747171
856.0,0.001192800692930971
857.0,0.0011696286193276961
858.0,0.001165771531098266
859.0,0.001174526520508769
860.0,0.0011669097911987398
861.0,0.0011523860663681562
862.0,0.0011485156979027325
863.0,0.0011391491802239075
864.0,0.0011253372850370173
865.0,0.0011290595191007647
866.0,0.0011249182487097287
867.0,0.0011041484286081818
868.0,0.001077606893725699
869.0,0.0010649821527188386
870.0,0.0010727943231683677
871.0,0.0010607821104922303
872.0,0.0010471407085185917
873.0,0.001033382240293354
874.0,0.0010110860335187518
875.0,0.000991814630867367
876.0,0.0009844345896641515
877.0,0.0009785777067109827
878.0,0.0009679895588026661
879.0,0.0009578105322436912
880.0,0.0009421253988451941
881.0,0.000921716179524751
882.0,0.0009136796941836558
883.0,0.0009116950161425884
884.0,0.0009103597194926859
885.0,0.0009086190872810353
886.0,0.0008938728681382914
887.0,0.0008671573022755849
888.0,0.00084289545120314
889.0,0.0008162762635685753
890.0,0.0008202672542196889
891.0,0.0008426190277575315
892.0,0.0007896992347333684
893.0,0.0007436878508260908
894.0,0.0007308810875750217
895.0,0.0007052136748119125
896.0,0.0006902093236212134
897.0,0.0007019054898068185
898.0,0.0006633843700539756
899.0,0.0006262404756295005
