/begin_header
/west_longitude=UNKNOWN
/south_latitude=NA
/north_latitude=UNKNOWN
/calibration_files=NA
/cruise=NA
/station=NA
/documents=NA
/data_type=NA
/affiliations=NOAA
/experiment=NA
/units=nm,dl
/start_date=2019-08-07
/end_date=NA
/missing=9999
/start_time=11:02:01
/data_file_name=NA
/cloud_percent=NA
/water_depth=NA
/data_status=NA
/east_longitude=NA
/wind_speed=NA
/secchi=NA
/measurement_depth=NA
/fields=wavelength,rrs
/delimiter=comma
/contact=NA
/end_time=NA
/wave_height=NA
/investigators=NA
/end_header@
325.0,0.007039721023009991
326.0,0.006981682460699483
327.0,0.00698254285528363
328.0,0.006997380134608993
329.0,0.007075609437089597
330.0,0.007105001207705963
331.0,0.0070121168243548766
332.0,0.007085067824423623
333.0,0.007191392010908145
334.0,0.00707112661860528
335.0,0.007080862240157486
336.0,0.007222431304655613
337.0,0.007226730329599952
338.0,0.007203301432069237
339.0,0.007230133802077848
340.0,0.007345203409765808
341.0,0.007426654335982499
342.0,0.007407138526202982
343.0,0.0074578959618916306
344.0,0.007575674033647664
345.0,0.007652292575419465
346.0,0.007733497660050141
347.0,0.00779535737862936
348.0,0.007857909114945985
349.0,0.007934948639965526
350.0,0.008039254980077156
351.0,0.008122641981279374
352.0,0.008169433299725526
353.0,0.008245619706354792
354.0,0.008317695796457494
355.0,0.008379990500189791
356.0,0.00844551388540513
357.0,0.008513450385139837
358.0,0.008582701389236275
359.0,0.00862653543949909
360.0,0.008654798931918325
361.0,0.008688193411025667
362.0,0.008717948653275978
363.0,0.008738023167915188
364.0,0.008752118575187772
365.0,0.008775889076737247
366.0,0.008800995137780371
367.0,0.00882654103102673
368.0,0.00885813436694126
369.0,0.008878684000116028
370.0,0.008901458984944226
371.0,0.008930103169521749
372.0,0.008937734493348951
373.0,0.008930604829170526
374.0,0.008913264098001032
375.0,0.008927769887060934
376.0,0.008943109023314253
377.0,0.008943327730137002
378.0,0.008951224048298336
379.0,0.008959099602483171
380.0,0.008967838824059802
381.0,0.008995778419217615
382.0,0.00904029218467292
383.0,0.00903536884487921
384.0,0.009023483551393784
385.0,0.009070656799080494
386.0,0.009116281240349128
387.0,0.00913877725434194
388.0,0.00913969495943354
389.0,0.009152427342658299
390.0,0.009189782923054548
391.0,0.009214327698464548
392.0,0.009222553328966845
393.0,0.009228148818169678
394.0,0.009236194253574317
395.0,0.009231860081621388
396.0,0.009202949930752432
397.0,0.00919400727818771
398.0,0.009199752615467354
399.0,0.009169532381426483
400.0,0.009132836678541183
401.0,0.009122836026497026
402.0,0.009103464036432588
403.0,0.009077214964844956
404.0,0.009057652759355897
405.0,0.009033611675195907
406.0,0.008996702622238204
407.0,0.008955490789514837
408.0,0.008904710148196323
409.0,0.008850147380846477
410.0,0.008806585962438015
411.0,0.008774498403454262
412.0,0.008737166863097882
413.0,0.008704746180886045
414.0,0.008674315413431
415.0,0.00865078143048138
416.0,0.008635985881645398
417.0,0.008621415436755351
418.0,0.008613929125660573
419.0,0.008612903987132053
420.0,0.008611787008683555
421.0,0.00861285807479717
422.0,0.008614419872370233
423.0,0.008621795927491273
424.0,0.008631274975180916
425.0,0.008633495329121865
426.0,0.00863438705724483
427.0,0.008633395311569272
428.0,0.008623395567251248
429.0,0.00861052234968325
430.0,0.008595152731751028
431.0,0.008576597300642405
432.0,0.00855628434716661
433.0,0.008538633979800082
434.0,0.008521306671886346
435.0,0.00850903318776872
436.0,0.008509700312981351
437.0,0.008519392914521631
438.0,0.008539434435824056
439.0,0.008570195888611293
440.0,0.008618655077101875
441.0,0.008683899794467298
442.0,0.00877114920861373
443.0,0.00887857622755207
444.0,0.009001039075888312
445.0,0.00914211208677824
446.0,0.00930360744005641
447.0,0.009481983494081171
448.0,0.009671085639703697
449.0,0.00986939160331728
450.0,0.01007266735656718
451.0,0.010277811966871126
452.0,0.010478707443192356
453.0,0.010669279751780829
454.0,0.010853998947888254
455.0,0.01103196588647383
456.0,0.011197545433709714
457.0,0.01133918516504703
458.0,0.011468726824989232
459.0,0.011595269046340282
460.0,0.011711663289673612
461.0,0.011819783981544995
462.0,0.011921532099478866
463.0,0.012015242509293788
464.0,0.01210836579522254
465.0,0.012212847095297468
466.0,0.012315231835626965
467.0,0.012413765730566646
468.0,0.01250907075620263
469.0,0.012603486574743236
470.0,0.012696133444623298
471.0,0.012788668590670734
472.0,0.012879298620466675
473.0,0.01296673751764552
474.0,0.01304718314715037
475.0,0.013123688349577323
476.0,0.013198711354621312
477.0,0.013267817709857637
478.0,0.013332932346570816
479.0,0.013399458339257297
480.0,0.013469000167740896
481.0,0.013539177631923745
482.0,0.01360629203011834
483.0,0.013672390345114504
484.0,0.01375091136416164
485.0,0.013837788321542518
486.0,0.013917874429091056
487.0,0.014001301633215973
488.0,0.01409083504620528
489.0,0.014180096340335773
490.0,0.01427491922668379
491.0,0.014384465537605398
492.0,0.014508331114477876
493.0,0.014644996401587378
494.0,0.01478607462863384
495.0,0.014941085875749688
496.0,0.015115297022424267
497.0,0.015298670295848549
498.0,0.01549553386041586
499.0,0.015710589815504876
500.0,0.01593947035090223
501.0,0.016179936212271536
502.0,0.016432562965147453
503.0,0.016689130706340385
504.0,0.016945752560410744
505.0,0.017207519825186954
506.0,0.017474443482026883
507.0,0.017757963741166297
508.0,0.01803953965284367
509.0,0.018314758654888665
510.0,0.01859207841552239
511.0,0.018871581167568173
512.0,0.019156504564090633
513.0,0.019455800887873263
514.0,0.019774129005073138
515.0,0.0201083912379413
516.0,0.020466999656770117
517.0,0.020854927485219017
518.0,0.02125907483992172
519.0,0.021670335144147786
520.0,0.022079076225575995
521.0,0.02249783979317154
522.0,0.02293601547705417
523.0,0.023392965904408577
524.0,0.023875840085235765
525.0,0.024385645032012057
526.0,0.024925110673864884
527.0,0.02549274483351336
528.0,0.026064763568628652
529.0,0.026637431571492128
530.0,0.027212501343830818
531.0,0.027802097579173034
532.0,0.028410764486998474
533.0,0.02903940873293761
534.0,0.029661708068903482
535.0,0.03026642321237577
536.0,0.0308684477920238
537.0,0.03145923565454525
538.0,0.032038167295056166
539.0,0.032603315222683234
540.0,0.03314906017704307
541.0,0.03366977712407414
542.0,0.03415524195876228
543.0,0.034598156716535586
544.0,0.03500048271065233
545.0,0.03536549731450352
546.0,0.03569083157137248
547.0,0.0359673083134946
548.0,0.03620112636509204
549.0,0.03640424069064477
550.0,0.03657306398073403
551.0,0.03671183642666196
552.0,0.036828595545949507
553.0,0.036917793877267895
554.0,0.03697457022708431
555.0,0.037000722261064864
556.0,0.036996245381255975
557.0,0.036960606092246225
558.0,0.03689302288030332
559.0,0.036793534187549944
560.0,0.03666273296030076
561.0,0.03650325324074815
562.0,0.03631701332579311
563.0,0.036107886926366586
564.0,0.03587395695005098
565.0,0.035614343797880685
566.0,0.035323876050696104
567.0,0.03500294307987443
568.0,0.03465864301661177
569.0,0.034289122544282104
570.0,0.0338969167035771
571.0,0.033487351789744595
572.0,0.03307018050285988
573.0,0.03264845584706576
574.0,0.03222751403109374
575.0,0.031801405151905125
576.0,0.03136510369288962
577.0,0.03092131285425755
578.0,0.03047743278936415
579.0,0.030020491217640784
580.0,0.029546065405963072
581.0,0.029066390011763043
582.0,0.028581152845036466
583.0,0.028092083271743847
584.0,0.027591478950744625
585.0,0.027079705383190274
586.0,0.026570011682934935
587.0,0.02605726934776197
588.0,0.025530247777258715
589.0,0.024989580236369033
590.0,0.024441459418318448
591.0,0.023904072841161028
592.0,0.023382493425413164
593.0,0.02284973397840772
594.0,0.022291829920711638
595.0,0.021703813678092886
596.0,0.021081859468628773
597.0,0.02043228192259671
598.0,0.019769406978763136
599.0,0.019121150176096703
600.0,0.018515283665938822
601.0,0.017981592733907585
602.0,0.01753155010964493
603.0,0.017163583962133314
604.0,0.016872527312347643
605.0,0.016629870488151642
606.0,0.01641401556105877
607.0,0.016216142028514055
608.0,0.016030471402713985
609.0,0.015843915022870168
610.0,0.015662158675800834
611.0,0.015488654486479719
612.0,0.01531845610660798
613.0,0.01515077696139715
614.0,0.014982830390742432
615.0,0.014824832747617278
616.0,0.014679054432106728
617.0,0.01453717240662355
618.0,0.014405041720188813
619.0,0.014285382908660016
620.0,0.014180645161966893
621.0,0.01408599849503799
622.0,0.01400293744779127
623.0,0.013924550640255504
624.0,0.013853114971368916
625.0,0.013793746560866741
626.0,0.013734913222370405
627.0,0.013681246702148228
628.0,0.013644295402429885
629.0,0.013622872181485718
630.0,0.013618387255576436
631.0,0.013618280999953686
632.0,0.013622901294841918
633.0,0.013645797790721215
634.0,0.01367533372083828
635.0,0.013709291636839021
636.0,0.013757918158845172
637.0,0.01381690614185239
638.0,0.013875042175343775
639.0,0.01393493420093703
640.0,0.01399475928051514
641.0,0.014052479731040558
642.0,0.014100511669212432
643.0,0.014130436805082336
644.0,0.014152687378042244
645.0,0.014166034255361304
646.0,0.014162182072363735
647.0,0.01414745809719374
648.0,0.014120574011678672
649.0,0.014074091137102961
650.0,0.01400047556815157
651.0,0.013891537036584809
652.0,0.013762388320908306
653.0,0.013615562753789579
654.0,0.013448733711949804
655.0,0.013235535337291595
656.0,0.012951013580051223
657.0,0.012593651798770162
658.0,0.012220125929614703
659.0,0.011869812922677405
660.0,0.011526673372714012
661.0,0.011189558832415064
662.0,0.010861865986685568
663.0,0.010538789335291553
664.0,0.010217320890880632
665.0,0.009910514859547007
666.0,0.009623769298335574
667.0,0.0093587281400691
668.0,0.009125316409870018
669.0,0.008922359493066702
670.0,0.008742990198360952
671.0,0.008586698737123723
672.0,0.00845958643019339
673.0,0.008354238226943443
674.0,0.008265712167023643
675.0,0.008194831826537564
676.0,0.008141952223221591
677.0,0.008114817627791123
678.0,0.008119269286775126
679.0,0.008155412660689105
680.0,0.00822151716657734
681.0,0.008332682302945664
682.0,0.00849634179990678
683.0,0.008699499213885131
684.0,0.008947361049141112
685.0,0.009256972014019905
686.0,0.009632817687885983
687.0,0.010073073613356473
688.0,0.010490215299956219
689.0,0.010887262055519407
690.0,0.01130228598758264
691.0,0.011719731632787406
692.0,0.012148692665464044
693.0,0.01258493103456095
694.0,0.013012749596942878
695.0,0.013406557829853033
696.0,0.013748961366237312
697.0,0.014038675511678315
698.0,0.014283710330067307
699.0,0.014480445004146534
700.0,0.01462611092032307
701.0,0.014722579068868638
702.0,0.014771054511519088
703.0,0.014765701896449468
704.0,0.014701846971898002
705.0,0.014586267341319945
706.0,0.014425971193322803
707.0,0.014229130490686817
708.0,0.01399770500385473
709.0,0.013727136752773173
710.0,0.013417567486405957
711.0,0.013063904047075003
712.0,0.012680885732198773
713.0,0.012286520839204328
714.0,0.011876401409033522
715.0,0.011470143377828597
716.0,0.011055598803785446
717.0,0.010630952424856446
718.0,0.010185896738008795
719.0,0.009757116714066509
720.0,0.009360240332145286
721.0,0.009012361362557324
722.0,0.008676452851680254
723.0,0.008321051100890842
724.0,0.007941710745421285
725.0,0.0075712020888572375
726.0,0.0072132257160831634
727.0,0.006846362532153494
728.0,0.006473453769005736
729.0,0.006095921304156387
730.0,0.005719075726479951
731.0,0.0053689397029135
732.0,0.005072567473823663
733.0,0.004820210931178455
734.0,0.004602785297539794
735.0,0.004419246737614431
736.0,0.0042693248163785304
737.0,0.004160259407303097
738.0,0.004087439664684241
739.0,0.0040323348812325065
740.0,0.003986856981253656
741.0,0.003957987799126299
742.0,0.003936780288710795
743.0,0.003910790099964928
744.0,0.0038947832248173676
745.0,0.003893577954860719
746.0,0.0038829400759655868
747.0,0.003871086610854121
748.0,0.003860779827796317
749.0,0.003853157230681915
750.0,0.0038477941554130703
751.0,0.003834000055366521
752.0,0.0038163101598328204
753.0,0.00379776688140784
754.0,0.003791438379844781
755.0,0.0037935800434029257
756.0,0.003789172948403045
757.0,0.003776151936404308
758.0,0.003747958680006949
759.0,0.003701110972920986
760.0,0.0036226154940983144
761.0,0.003529245438184673
762.0,0.00348530469058137
763.0,0.003500584257586266
764.0,0.0035276177403913644
765.0,0.003580907227995007
766.0,0.0036497278990654204
767.0,0.0037020171462927133
768.0,0.0037452834036939926
769.0,0.003773484258409779
770.0,0.00379347320153964
771.0,0.003809365276694912
772.0,0.003818011239089729
773.0,0.0038326616902528733
774.0,0.0038575967849018198
775.0,0.003879054178521081
776.0,0.0039007908574925964
777.0,0.003919186926684483
778.0,0.003940459457299396
779.0,0.003968779486103473
780.0,0.003997168408431754
781.0,0.0040261464706707615
782.0,0.004060698804727205
783.0,0.004092097636747041
784.0,0.004116453526385396
785.0,0.0041459151545398445
786.0,0.004179492892103081
787.0,0.004215530564078028
788.0,0.004252766424555553
789.0,0.004282612465346955
790.0,0.004311965703507373
791.0,0.004355758622307962
792.0,0.004410958188610174
793.0,0.004465114638385478
794.0,0.00450805870699496
795.0,0.004544281773960526
796.0,0.004587540184434974
797.0,0.0046267663942093475
798.0,0.0046637011589089564
799.0,0.004689798244168661
800.0,0.004717069042028321
801.0,0.004750257992006642
802.0,0.00477976254484439
803.0,0.004802326679233056
804.0,0.004820872550660358
805.0,0.004829196336580131
806.0,0.004832292611408551
807.0,0.004835011911749091
808.0,0.004823053000528001
809.0,0.00479116544777249
810.0,0.004750364852811785
811.0,0.004703686576285152
812.0,0.004646597529386591
813.0,0.004585944614576478
814.0,0.004511920756420188
815.0,0.004437727545067931
816.0,0.004373511889158424
817.0,0.004297512130559447
818.0,0.00421651895594659
819.0,0.00413620331955808
820.0,0.004063915947547555
821.0,0.003987770548735911
822.0,0.003887167842367899
823.0,0.0037399575583363038
824.0,0.003564168555935517
825.0,0.003425208417726934
826.0,0.0032832886628500558
827.0,0.0031201434596941032
828.0,0.0029612353102369377
829.0,0.0028056520072946038
830.0,0.002652465232185112
831.0,0.0025175151353628543
832.0,0.0023989402345563834
833.0,0.0023133315398131482
834.0,0.0022512698574068653
835.0,0.002199637641383376
836.0,0.0021534402463002375
837.0,0.0021192231928675287
838.0,0.002098720867620215
839.0,0.0020686827748902592
840.0,0.002032554227623551
841.0,0.001998632976712095
842.0,0.001987401452631767
843.0,0.001993404702514449
844.0,0.0019717834844198154
845.0,0.001943769034689151
846.0,0.0019261722436552334
847.0,0.0019022736076818674
848.0,0.00186983441423286
849.0,0.0018490099748179306
850.0,0.0018277611068272133
851.0,0.0018040270503493418
852.0,0.0017806532506820009
853.0,0.001760206379262548
854.0,0.0017566860713072673
855.0,0.0017485196365685004
856.0,0.0017312694600626964
857.0,0.0017171305411399901
858.0,0.0016986142324106122
859.0,0.0016816150102890125
860.0,0.0016495616296098778
861.0,0.0016217896503893583
862.0,0.0016073657872396456
863.0,0.0015991985039763175
864.0,0.0015890379790554487
865.0,0.0015720770366587841
866.0,0.001549765317460347
867.0,0.0015315434404675934
868.0,0.0015254503247706544
869.0,0.0015089558314207
870.0,0.0014719009422796045
871.0,0.0014455934433767372
872.0,0.0014224989529911943
873.0,0.0013844403100009574
874.0,0.001362882502458909
875.0,0.0013557483273846456
876.0,0.001355275160242753
877.0,0.0013424277234535022
878.0,0.0013112357798229135
879.0,0.0012779759563516678
880.0,0.001240311795567502
881.0,0.0012025585372217732
882.0,0.0011750575270594555
883.0,0.0011607508528017685
884.0,0.0011331236466185191
885.0,0.0011134430361272852
886.0,0.001087808478082368
887.0,0.001052458986482496
888.0,0.0010162589390705266
889.0,0.0010112767510967685
890.0,0.0009868831771798051
891.0,0.0009354067031110535
892.0,0.000913466187175662
893.0,0.0008850824664204601
894.0,0.0008451678351270973
895.0,0.0008143514961410683
896.0,0.0007866054727290432
897.0,0.00075226851799027
898.0,0.0007043747205924697
899.0,0.0006612946627004556
