/begin_header
/west_longitude=UNKNOWN
/south_latitude=NA
/north_latitude=UNKNOWN
/calibration_files=NA
/cruise=NA
/station=NA
/documents=NA
/data_type=NA
/affiliations=NOAA
/experiment=NA
/units=nm,dl
/start_date=2019-08-12
/end_date=NA
/missing=9999
/start_time=14:52:56
/data_file_name=NA
/cloud_percent=NA
/water_depth=NA
/data_status=NA
/east_longitude=NA
/wind_speed=NA
/secchi=NA
/measurement_depth=NA
/fields=wavelength,rrs
/delimiter=comma
/contact=NA
/end_time=NA
/wave_height=NA
/investigators=NA
/end_header@
325.0,0.014140373741255435
326.0,0.014051365665878423
327.0,0.013984653041566004
328.0,0.013935867327030666
329.0,0.01383693436668866
330.0,0.013680919893089801
331.0,0.013586473965877272
332.0,0.01356946945176218
333.0,0.013514332372725332
334.0,0.013370835289541153
335.0,0.013354687107605637
336.0,0.013386083407939583
337.0,0.013204691144913802
338.0,0.013041758702047417
339.0,0.013023837443786148
340.0,0.01297651707942589
341.0,0.012886749561872465
342.0,0.012759880575638488
343.0,0.012686571507850412
344.0,0.01264551144292556
345.0,0.012565593372964378
346.0,0.012481318405103917
347.0,0.012387336422082179
348.0,0.012346735210854614
349.0,0.01230187734407295
350.0,0.012165254454685496
351.0,0.012084626336406999
352.0,0.012056690256694669
353.0,0.011985170007654812
354.0,0.011922047607848426
355.0,0.011874204074696243
356.0,0.011788312970184444
357.0,0.011719984180418313
358.0,0.011699832362297574
359.0,0.011656571950013702
360.0,0.011590450036328954
361.0,0.011490035887358216
362.0,0.011409544121304117
363.0,0.011362508661649364
364.0,0.011323258518055986
365.0,0.01127712105463854
366.0,0.011227146851849931
367.0,0.011180763114180222
368.0,0.011127168416248915
369.0,0.011077246273864347
370.0,0.01104021506712485
371.0,0.011003901871411209
372.0,0.010936687169692075
373.0,0.01087367243506459
374.0,0.01082128226168645
375.0,0.010779408346641732
376.0,0.010741835067768204
377.0,0.010708856135975185
378.0,0.01065331686001816
379.0,0.010588632247023177
380.0,0.010555969303652706
381.0,0.01052005339774191
382.0,0.010462486655365292
383.0,0.01044154878728121
384.0,0.01042490166249332
385.0,0.010350806790291623
386.0,0.010294986258572083
387.0,0.01026272417085116
388.0,0.010210164593861901
389.0,0.01015632411881198
390.0,0.010121414160333974
391.0,0.010089716625748573
392.0,0.010057491422573325
393.0,0.010014310323787082
394.0,0.009974189024627402
395.0,0.009933591676513224
396.0,0.009864602667585484
397.0,0.009789932736183237
398.0,0.00972714579734926
399.0,0.009684534618524629
400.0,0.009638251739264886
401.0,0.009574386366234457
402.0,0.009531285430558143
403.0,0.009498900872485862
404.0,0.009451443545042631
405.0,0.009398789181765241
406.0,0.009346003393796667
407.0,0.009288786489829245
408.0,0.009234000865784214
409.0,0.00918984150692838
410.0,0.009143909473149945
411.0,0.009099394267899893
412.0,0.009058334936554634
413.0,0.009015614055361335
414.0,0.008978575036515368
415.0,0.008948252768989891
416.0,0.008924043266822392
417.0,0.008902433013572552
418.0,0.00887514491194681
419.0,0.008848536811100921
420.0,0.00883223689834982
421.0,0.008818156063415154
422.0,0.008809768294017705
423.0,0.008801599251978341
424.0,0.008791810648231436
425.0,0.008783590628988222
426.0,0.00877692539547159
427.0,0.008769705825990777
428.0,0.008761572876395902
429.0,0.008753311546591242
430.0,0.00873685764355228
431.0,0.008718088277197054
432.0,0.008702807990139588
433.0,0.008692489038462346
434.0,0.008680458300092116
435.0,0.008667263332686703
436.0,0.008664188436898502
437.0,0.008671524636458951
438.0,0.008681966995137274
439.0,0.008702611406336597
440.0,0.008729813093039107
441.0,0.00875313336641668
442.0,0.008784082864593017
443.0,0.00882580184906361
444.0,0.008874254430633107
445.0,0.008926852267217091
446.0,0.008982928458924557
447.0,0.009046091377955026
448.0,0.009114467093901336
449.0,0.009181646192223777
450.0,0.00924578878886997
451.0,0.009310885197351048
452.0,0.009381053632186035
453.0,0.009445964484377865
454.0,0.009501695391669895
455.0,0.00956052074464647
456.0,0.009620122391972002
457.0,0.009666300788799386
458.0,0.00970873747362114
459.0,0.009753106112974617
460.0,0.009793621370962546
461.0,0.009835375601438132
462.0,0.009883053636258977
463.0,0.009928101099180499
464.0,0.009970627230990266
465.0,0.01002201743100312
466.0,0.010073838148722125
467.0,0.010126334609393703
468.0,0.010173737283153742
469.0,0.010218347219561419
470.0,0.010268515304553668
471.0,0.01032019275193408
472.0,0.01036890057168342
473.0,0.010419671353424271
474.0,0.010470468331129384
475.0,0.010516040069371851
476.0,0.010565148376913015
477.0,0.010613924101842896
478.0,0.01065621995415953
479.0,0.010702645227483366
480.0,0.01075768991169291
481.0,0.01081393917695044
482.0,0.010864691158452868
483.0,0.010911818101692571
484.0,0.010964458222194044
485.0,0.011022739040778889
486.0,0.01107978300082137
487.0,0.01113482353291542
488.0,0.011191948467534709
489.0,0.01125005312794813
490.0,0.011308524528614182
491.0,0.011375323386605862
492.0,0.011449395614917968
493.0,0.011530007078065323
494.0,0.011612139214759985
495.0,0.011702254070512789
496.0,0.0118073784367678
497.0,0.011921813704385737
498.0,0.012044768903442122
499.0,0.012176777098655242
500.0,0.012319282513573549
501.0,0.012469119218416917
502.0,0.012622001159826545
503.0,0.012784094604261314
504.0,0.012956107956821877
505.0,0.013129814168229104
506.0,0.013305798245261324
507.0,0.013494444434309572
508.0,0.013690177116238485
509.0,0.013889644161933746
510.0,0.014088305381671573
511.0,0.014292299507037592
512.0,0.014506212833055953
513.0,0.014725063888241163
514.0,0.01495050668596895
515.0,0.01518795367824279
516.0,0.015433885999576744
517.0,0.015685315045333985
518.0,0.015931321321645164
519.0,0.016171259695005387
520.0,0.01640216778108044
521.0,0.016629110968517307
522.0,0.016857843520085493
523.0,0.017091248956929032
524.0,0.017323867868716526
525.0,0.01755331568081601
526.0,0.017787536384760085
527.0,0.018022143134384168
528.0,0.018242241408953315
529.0,0.018453868212321037
530.0,0.01866238571486619
531.0,0.018873824215663394
532.0,0.019082914099763797
533.0,0.019284372474228685
534.0,0.019481961986987296
535.0,0.019672814102124535
536.0,0.019860025383950854
537.0,0.02004402372809882
538.0,0.020222785724995102
539.0,0.020400636456271163
540.0,0.020573555432375965
541.0,0.020736487243830058
542.0,0.020891697896338518
543.0,0.02104124985163017
544.0,0.021187115458047728
545.0,0.02132855539588669
546.0,0.021464394409001487
547.0,0.021589337548987446
548.0,0.021706634535186703
549.0,0.021822786404051935
550.0,0.02193845738933791
551.0,0.022055675812989624
552.0,0.02217168637746846
553.0,0.022285541692457007
554.0,0.02239486014923528
555.0,0.02249930901835994
556.0,0.02259888665195203
557.0,0.022694408393027915
558.0,0.022776570292722922
559.0,0.022843242029155025
560.0,0.02290008805890372
561.0,0.022946748513464836
562.0,0.022986895891799683
563.0,0.023015378908034116
564.0,0.02302921432925676
565.0,0.02303872954281066
566.0,0.02303820231107458
567.0,0.023022410273049458
568.0,0.022993867924621124
569.0,0.022953750453088416
570.0,0.02289936105475156
571.0,0.02283754467922704
572.0,0.022770443652896356
573.0,0.022692395495252
574.0,0.02260749926930164
575.0,0.02251884005505684
576.0,0.022417519373110574
577.0,0.02230210843412154
578.0,0.022174233588485668
579.0,0.02203233892274835
580.0,0.021879736412618152
581.0,0.02171396601116372
582.0,0.021536936180498855
583.0,0.02135168275399596
584.0,0.021155884354298028
585.0,0.020949991285265774
586.0,0.02073533119917064
587.0,0.020516160652466982
588.0,0.020288609748965344
589.0,0.02004810773957666
590.0,0.019800389577833352
591.0,0.019553001892093545
592.0,0.019304357749823038
593.0,0.019036976402742184
594.0,0.018740074576444242
595.0,0.018413744535711058
596.0,0.018058849333100452
597.0,0.01766859657322941
598.0,0.0172538548217867
599.0,0.016848719860412458
600.0,0.016472705732606056
601.0,0.01614303978344436
602.0,0.01587182140479375
603.0,0.015659114857256247
604.0,0.015500619036994684
605.0,0.015372356690538127
606.0,0.015260151695734536
607.0,0.015155958685944071
608.0,0.015056193470151674
609.0,0.014956923578493472
610.0,0.014857126859219607
611.0,0.01475789863778069
612.0,0.014655433036741078
613.0,0.014558087350776289
614.0,0.014464530480785099
615.0,0.014361369013668792
616.0,0.014259177643591605
617.0,0.014169747370433552
618.0,0.014087053667866606
619.0,0.01400918167819187
620.0,0.013939492229785836
621.0,0.013874359195423475
622.0,0.013812960572144806
623.0,0.013760473116238953
624.0,0.013714123983204405
625.0,0.013669231498714412
626.0,0.013627790559079294
627.0,0.013587597744049492
628.0,0.013556504861472373
629.0,0.01353806434420167
630.0,0.013526094871332318
631.0,0.013511749135522111
632.0,0.013495510842454048
633.0,0.013488711335366171
634.0,0.013485361472083656
635.0,0.013481534672913872
636.0,0.013478194595345614
637.0,0.01347822404456643
638.0,0.013480906362882489
639.0,0.013484601232163423
640.0,0.013483084461484496
641.0,0.013467874953936185
642.0,0.013444845392637314
643.0,0.013420125049386783
644.0,0.01338939432924662
645.0,0.013350927988384853
646.0,0.013308102457326915
647.0,0.013264665342302773
648.0,0.013213513280646964
649.0,0.013152711219331276
650.0,0.013083190661669075
651.0,0.012991747207809906
652.0,0.012876927178950776
653.0,0.012740359128252545
654.0,0.012595129601239813
655.0,0.012407009595814386
656.0,0.012153517167056446
657.0,0.011869195147836872
658.0,0.011590946863677447
659.0,0.011332409177421099
660.0,0.011080210994413578
661.0,0.010834776450580319
662.0,0.010611890474678514
663.0,0.010403453623983157
664.0,0.010201321801098366
665.0,0.010019665106718726
666.0,0.009860106809480376
667.0,0.009716580325577257
668.0,0.00959001063285079
669.0,0.009486091445822622
670.0,0.009404153467702861
671.0,0.009342550927536672
672.0,0.009302129072735399
673.0,0.009276579456054127
674.0,0.00926334769700937
675.0,0.009259458796659068
676.0,0.009267918223654654
677.0,0.009292813583652032
678.0,0.009340266903341407
679.0,0.009410285799671311
680.0,0.009500759047468967
681.0,0.009612752231103814
682.0,0.009750314577501563
683.0,0.00991585794999764
684.0,0.010116643790021142
685.0,0.010365395376744259
686.0,0.010638606333459638
687.0,0.010901701263201414
688.0,0.011060970263216906
689.0,0.01116501803182942
690.0,0.011269720132457773
691.0,0.011366181010325657
692.0,0.011453248748592517
693.0,0.01152140473182074
694.0,0.011565227269889952
695.0,0.011579730511369485
696.0,0.011558153112515835
697.0,0.011506083435137236
698.0,0.011433528151334147
699.0,0.011333323849297042
700.0,0.011202472913200926
701.0,0.011040513932239237
702.0,0.010851539819995268
703.0,0.010638479835227147
704.0,0.010419421958653733
705.0,0.01019011065744547
706.0,0.00993737400890805
707.0,0.009671382276845799
708.0,0.009392431511736167
709.0,0.009096719671808464
710.0,0.008792815556963368
711.0,0.00848008042589155
712.0,0.008157089497008763
713.0,0.007835196967765301
714.0,0.007519568182615273
715.0,0.0072228754567711965
716.0,0.00693536597927462
717.0,0.006655507693513464
718.0,0.006361569384554637
719.0,0.006062007472594326
720.0,0.005785662901924197
721.0,0.005545725560372511
722.0,0.00533379616753574
723.0,0.005115939664301853
724.0,0.004890811052292075
725.0,0.004671251483040084
726.0,0.004457884755763605
727.0,0.004240042470436765
728.0,0.004018789159161698
729.0,0.0037965944897977834
730.0,0.0035835090597438036
731.0,0.003385456329494516
732.0,0.003212867976231433
733.0,0.003071092934955004
734.0,0.002953611033903457
735.0,0.0028551774006220767
736.0,0.002780086300350948
737.0,0.0027277076741381405
738.0,0.002685356527029127
739.0,0.0026490646966251565
740.0,0.0026149743609626243
741.0,0.0025884105608112357
742.0,0.0025712381548953
743.0,0.002556684429465951
744.0,0.0025454283835166973
745.0,0.002536097992970366
746.0,0.0025226097900951407
747.0,0.002510555780548625
748.0,0.00250050069348771
749.0,0.002492614979122033
750.0,0.002484586593525606
751.0,0.0024717001963593848
752.0,0.002460623003238199
753.0,0.002447548491936743
754.0,0.0024357383941765566
755.0,0.002424849217806222
756.0,0.0024231133669485585
757.0,0.0024267368685521027
758.0,0.002432551824327156
759.0,0.002433798941655411
760.0,0.0024359002333107158
761.0,0.0024279959350643784
762.0,0.0023919261235688656
763.0,0.002352827263849262
764.0,0.0023570844387366214
765.0,0.002360744667749936
766.0,0.0023542420138366275
767.0,0.002351374746796589
768.0,0.0023521390203895516
769.0,0.0023534233376005095
770.0,0.0023568429278759883
771.0,0.0023583855401799894
772.0,0.002354492001773978
773.0,0.002358324016355194
774.0,0.0023696326398160387
775.0,0.0023774244201402285
776.0,0.0023869491223248557
777.0,0.0023989709245665768
778.0,0.002410867850363627
779.0,0.0024218719335751594
780.0,0.002427931422592093
781.0,0.0024360038537343293
782.0,0.0024460452800588446
783.0,0.0024580063446251526
784.0,0.002471190201353787
785.0,0.0024874514666065996
786.0,0.0025049075006988364
787.0,0.0025183538597068826
788.0,0.002522722335751328
789.0,0.002535368635920923
790.0,0.002560308276783851
791.0,0.0025859729780006724
792.0,0.0026104317892797794
793.0,0.0026281557296142432
794.0,0.0026441815859664453
795.0,0.0026613289179142014
796.0,0.0026714418459199553
797.0,0.002690423502701082
798.0,0.0027192319362913074
799.0,0.002733716382388537
800.0,0.002742180398344759
801.0,0.0027554332520269443
802.0,0.002766029044017216
803.0,0.002772363618958043
804.0,0.002782005894315881
805.0,0.0027905641805247945
806.0,0.002794889259170232
807.0,0.002791407697763136
808.0,0.0027853065486096182
809.0,0.0027689570069073218
810.0,0.0027567547482742517
811.0,0.002748705013696218
812.0,0.002723731632930355
813.0,0.0026913278006241497
814.0,0.0026596136595083255
815.0,0.002625175247844885
816.0,0.0025922310317015524
817.0,0.0025624818418338866
818.0,0.002522182319531165
819.0,0.0024681348252862177
820.0,0.0024175637764524338
821.0,0.0023714306461990018
822.0,0.0023293917416060293
823.0,0.002260023591672658
824.0,0.00217668491990404
825.0,0.0021193713772871938
826.0,0.002046714298080882
827.0,0.0019572427446382388
828.0,0.0018859306891446908
829.0,0.0018152610444421614
830.0,0.001736311225384744
831.0,0.0016729936556409788
832.0,0.0016157751120782972
833.0,0.0015650546800111647
834.0,0.0015364744974941205
835.0,0.0015196229637293548
836.0,0.001496393461147492
837.0,0.001472245287592482
838.0,0.001456948537328097
839.0,0.001440104133143863
840.0,0.001421094532164773
841.0,0.0014022375658380196
842.0,0.0013858690590491994
843.0,0.0013769468243594925
844.0,0.0013719088692678411
845.0,0.0013682231460601358
846.0,0.0013615909629944329
847.0,0.0013476564207275882
848.0,0.001326979102057513
849.0,0.0013179351126551171
850.0,0.0013058060114954314
851.0,0.0012823573407938775
852.0,0.0012745976530330056
853.0,0.0012752441229488768
854.0,0.0012704865931493976
855.0,0.001251795693140025
856.0,0.001238893002763228
857.0,0.0012341804307655357
858.0,0.0012221578669113597
859.0,0.0012028690122529132
860.0,0.0011982235077389782
861.0,0.0011886429095725238
862.0,0.001174867468116876
863.0,0.0011743432907957022
864.0,0.001176743190128001
865.0,0.001161108240171679
866.0,0.0011480899668389294
867.0,0.0011447030386033473
868.0,0.0011300499773099248
869.0,0.001122462347201304
870.0,0.0011179012224820223
871.0,0.0010997490560148008
872.0,0.0010718714476198432
873.0,0.0010550904279419773
874.0,0.0010552738612445265
875.0,0.001061903718270528
876.0,0.0010479589659634595
877.0,0.001022969014333913
878.0,0.0009918763198461882
879.0,0.0009875883048372511
880.0,0.000987279037436345
881.0,0.0009761890702250258
882.0,0.0009512692149160441
883.0,0.0009273714260199914
884.0,0.0009383207238195761
885.0,0.0009504091833164981
886.0,0.0009527645538724762
887.0,0.0009102916023959299
888.0,0.0008735363408350098
889.0,0.0008990217230601916
890.0,0.000906451763887761
891.0,0.0008787121762398647
892.0,0.0008557376759048043
893.0,0.0008378039272233762
894.0,0.0008286053543716873
895.0,0.0008080186766605479
896.0,0.0007995111793517098
897.0,0.000787784925850946
898.0,0.000783686260652226
899.0,0.0007736713662913136
