/begin_header
/west_longitude=UNKNOWN
/south_latitude=NA
/north_latitude=UNKNOWN
/calibration_files=NA
/cruise=NA
/station=NA
/documents=NA
/data_type=NA
/affiliations=NOAA
/experiment=NA
/units=nm,dl
/start_date=2019-08-01
/end_date=NA
/missing=9999
/start_time=14:21:18
/data_file_name=NA
/cloud_percent=NA
/water_depth=NA
/data_status=NA
/east_longitude=NA
/wind_speed=NA
/secchi=NA
/measurement_depth=NA
/fields=wavelength,rrs
/delimiter=comma
/contact=NA
/end_time=NA
/wave_height=NA
/investigators=NA
/end_header@
325.0,0.01352489150328064
326.0,0.013562136978427638
327.0,0.013505970840385188
328.0,0.013381541683570836
329.0,0.013308299676832395
330.0,0.013244996686562274
331.0,0.013181317695965375
332.0,0.013098209895199239
333.0,0.013021285455457434
334.0,0.012945180783995685
335.0,0.01290652077683943
336.0,0.012871315363602406
337.0,0.012809159901864958
338.0,0.012751080002624296
339.0,0.012698395788740968
340.0,0.012588927073714692
341.0,0.012487044598771747
342.0,0.01246457044461431
343.0,0.01243120363122891
344.0,0.012367057115653187
345.0,0.012262687759699416
346.0,0.0122037498273436
347.0,0.012189579909729374
348.0,0.01211643000324618
349.0,0.012034173929247915
350.0,0.011994018008231189
351.0,0.011971894320241904
352.0,0.011935504464693443
353.0,0.01188294589495149
354.0,0.011827273706604184
355.0,0.01177041865842757
356.0,0.01172669100302894
357.0,0.011679494805479718
358.0,0.01163569626595831
359.0,0.011602099063835417
360.0,0.011548191169780297
361.0,0.011482002319952495
362.0,0.01143949203651184
363.0,0.011411899292601498
364.0,0.011351596979774704
365.0,0.011288729583608213
366.0,0.011250125163169724
367.0,0.01121361993427561
368.0,0.011174202920076448
369.0,0.011140424461896083
370.0,0.011107327311019719
371.0,0.011074321045943216
372.0,0.01103244207945839
373.0,0.010981555850751754
374.0,0.010938339618385027
375.0,0.010886436900999153
376.0,0.010827999558780643
377.0,0.010780702161789153
378.0,0.010756103884170361
379.0,0.01074455041589129
380.0,0.010702311256773048
381.0,0.01066391558788208
382.0,0.010652764877259054
383.0,0.010624796681423193
384.0,0.0105884019291369
385.0,0.01053950432073506
386.0,0.010492200256863904
387.0,0.010461164959078572
388.0,0.010444960060309547
389.0,0.0104265482114821
390.0,0.01040616480904691
391.0,0.010398798442450861
392.0,0.010396177756121271
393.0,0.010355838454007778
394.0,0.010306457216146174
395.0,0.010260243876791336
396.0,0.01020543685225064
397.0,0.010158327504799187
398.0,0.010126223191569738
399.0,0.010085592535554268
400.0,0.010040296550655829
401.0,0.010014027551388381
402.0,0.009982831340157662
403.0,0.009947306137852805
404.0,0.009916284819949382
405.0,0.00987722687534355
406.0,0.00982608453216946
407.0,0.009788192306139865
408.0,0.009752605387166336
409.0,0.009706519858096481
410.0,0.009663087597294949
411.0,0.00962576725468205
412.0,0.009583085186824793
413.0,0.009545840146889414
414.0,0.00951663027909392
415.0,0.009484718011646883
416.0,0.009453250346169246
417.0,0.009433150427855006
418.0,0.009416530852159242
419.0,0.009400099002261256
420.0,0.009381749449089335
421.0,0.009360251756541708
422.0,0.009342515835925146
423.0,0.009327353135933783
424.0,0.009310996374771504
425.0,0.009291672691704715
426.0,0.00927910021473698
427.0,0.009270820400974811
428.0,0.009250417160647726
429.0,0.009227907209201138
430.0,0.009212533775003804
431.0,0.009182356009727213
432.0,0.009145211959197227
433.0,0.009123588007882818
434.0,0.009104708019374144
435.0,0.009085447485546683
436.0,0.009077143457122365
437.0,0.009076950124286791
438.0,0.009076197659094922
439.0,0.009082861956872901
440.0,0.00909635139089625
441.0,0.00911643840302252
442.0,0.009145435516439163
443.0,0.009181710964594237
444.0,0.00922191088153846
445.0,0.009273040271646858
446.0,0.009339077249895274
447.0,0.009402435192820267
448.0,0.009463058207105652
449.0,0.009527393080518804
450.0,0.009589853493041128
451.0,0.009650878619060962
452.0,0.009715855287794783
453.0,0.00978072282857361
454.0,0.009838216230698034
455.0,0.009893739175266755
456.0,0.009944295829893311
457.0,0.009987536012474287
458.0,0.010023870856323539
459.0,0.010057191790811553
460.0,0.010092202700014022
461.0,0.010127123092644467
462.0,0.010163268159177211
463.0,0.010194468652561935
464.0,0.010225807125443628
465.0,0.010264988673010466
466.0,0.010307898285545373
467.0,0.010348813591027151
468.0,0.010388498725800954
469.0,0.010429914183700418
470.0,0.010468507184163334
471.0,0.010506575842585774
472.0,0.010546188135605906
473.0,0.010587796239705948
474.0,0.010633279048171577
475.0,0.010680011102377913
476.0,0.010724238623127274
477.0,0.010765068622017366
478.0,0.010803028716184339
479.0,0.010840164377139494
480.0,0.01087889518833977
481.0,0.010921824896502768
482.0,0.010968307465310611
483.0,0.011012671936768324
484.0,0.01106221219459875
485.0,0.011115448310971754
486.0,0.011166179791085102
487.0,0.011220205589976663
488.0,0.011277826509804984
489.0,0.0113285708674074
490.0,0.011378877142412843
491.0,0.011442258753687755
492.0,0.011518657968786723
493.0,0.011605118185501575
494.0,0.011693995564600466
495.0,0.011791738532029973
496.0,0.0118999045565158
497.0,0.012019208456032444
498.0,0.012150231796703973
499.0,0.012294570923414088
500.0,0.012451411559147203
501.0,0.01261763071929423
502.0,0.012794190551597345
503.0,0.012979522441794664
504.0,0.013171729360989795
505.0,0.013372986763437286
506.0,0.013584499699509745
507.0,0.013808938151559818
508.0,0.01404289562629743
509.0,0.014284015466169891
510.0,0.014532476856389425
511.0,0.014789629409664393
512.0,0.015054294478150506
513.0,0.015326552825948202
514.0,0.015611038884176667
515.0,0.0159084367272217
516.0,0.0162240734094174
517.0,0.01655507425322164
518.0,0.016879553137729493
519.0,0.01719687768455678
520.0,0.017511307291689676
521.0,0.017819066873207348
522.0,0.01812786182375213
523.0,0.018451232842373537
524.0,0.018776531323289092
525.0,0.0190967999477684
526.0,0.019425093813119035
527.0,0.019757446700854202
528.0,0.020072558033455982
529.0,0.020375456308551046
530.0,0.02067252556823857
531.0,0.020972870659708775
532.0,0.021276770786859252
533.0,0.021583209665574914
534.0,0.021877080133170735
535.0,0.0221560366158867
536.0,0.022431391225188866
537.0,0.02270070604645218
538.0,0.022966040399997355
539.0,0.023232352547003676
540.0,0.023493246825625848
541.0,0.023737566005307978
542.0,0.02397311373370343
543.0,0.024199782194271706
544.0,0.02441379418019008
545.0,0.02461888374810444
546.0,0.02482023959778962
547.0,0.02501018842517529
548.0,0.025190313048368607
549.0,0.02536537065665359
550.0,0.025530211641752287
551.0,0.025686519478061075
552.0,0.025841103224789896
553.0,0.025989331779336856
554.0,0.026122800480968454
555.0,0.026246078312937942
556.0,0.02635837969969207
557.0,0.026452486042622875
558.0,0.02652886219286827
559.0,0.026588489910494856
560.0,0.02663285802640386
561.0,0.02666204843400366
562.0,0.02668003209304483
563.0,0.02668334746870184
564.0,0.026672429187348756
565.0,0.026648500160390644
566.0,0.02661308243086429
567.0,0.026569004925901668
568.0,0.026515318008800748
569.0,0.026451550554623827
570.0,0.02637446363200014
571.0,0.026288637727219483
572.0,0.026199563848519153
573.0,0.02610345616548785
574.0,0.026000281200638808
575.0,0.02588974003091493
576.0,0.025766216468582303
577.0,0.025631164660818752
578.0,0.025492814828872806
579.0,0.025341355398453315
580.0,0.025173707504207533
581.0,0.024995841051764618
582.0,0.024808784146137956
583.0,0.024610209756327765
584.0,0.024411319975750394
585.0,0.02421424624872519
586.0,0.024011484096657893
587.0,0.02380446122909249
588.0,0.023598808506874878
589.0,0.02337634536912748
590.0,0.0231452393494899
591.0,0.022931379362164758
592.0,0.022714992239108233
593.0,0.022477547508945206
594.0,0.02221335197097945
595.0,0.021919540040158565
596.0,0.021593774963893704
597.0,0.02123112776679316
598.0,0.020838082788747898
599.0,0.020437133237799564
600.0,0.02005486478061469
601.0,0.0197164501939147
602.0,0.019428131782406533
603.0,0.019191550256368983
604.0,0.019001408379995623
605.0,0.018834153676261282
606.0,0.018676319676839182
607.0,0.0185298769498818
608.0,0.018384938573806762
609.0,0.018230679351663445
610.0,0.018079262591735708
611.0,0.017930244431165854
612.0,0.017771858526858343
613.0,0.01761813292860584
614.0,0.017473467060595698
615.0,0.017328408122288332
616.0,0.01718582870978642
617.0,0.017054160942252188
618.0,0.016935468270608038
619.0,0.016829658954169845
620.0,0.016735371527696764
621.0,0.016651465018846026
622.0,0.016573450267149938
623.0,0.016508880119018986
624.0,0.016453233573809317
625.0,0.016392925654069728
626.0,0.016340928665226667
627.0,0.016298286481425367
628.0,0.016268534007958295
629.0,0.016247819767765487
630.0,0.01622432495194564
631.0,0.01620635843589601
632.0,0.01619639093601871
633.0,0.016192222560091618
634.0,0.016190562213312044
635.0,0.016196181591342465
636.0,0.01620803031828841
637.0,0.01622348259745717
638.0,0.016243388169020847
639.0,0.016256893708708944
640.0,0.016260334305041375
641.0,0.016258660616393934
642.0,0.016248476150620663
643.0,0.01621933904806308
644.0,0.016183830408368197
645.0,0.016140998907064323
646.0,0.016081281787496647
647.0,0.01601213931456672
648.0,0.015934157470867173
649.0,0.015840139543148814
650.0,0.01572551397830423
651.0,0.015588708100087625
652.0,0.015422954237974887
653.0,0.015227555041157387
654.0,0.015019479945307982
655.0,0.014743001492780277
656.0,0.014375793850887728
657.0,0.013953029339245065
658.0,0.013531283732911834
659.0,0.013138038233109028
660.0,0.012757014329216419
661.0,0.012390267901169535
662.0,0.012049505050453926
663.0,0.011733148859393309
664.0,0.011439233155084692
665.0,0.011180697525929106
666.0,0.010956704019965692
667.0,0.010752411369473917
668.0,0.010591749632969178
669.0,0.010481396462162808
670.0,0.010399613115580741
671.0,0.010346907888503296
672.0,0.010317712861647428
673.0,0.010315263117498847
674.0,0.010337772885216407
675.0,0.010379536011650706
676.0,0.010441175117673012
677.0,0.01051878964538534
678.0,0.010622789319992013
679.0,0.010756651024858468
680.0,0.010921554630650577
681.0,0.011121979854559112
682.0,0.011358007191736937
683.0,0.01162927323680479
684.0,0.011960116305437505
685.0,0.012396557791836151
686.0,0.012903180287974816
687.0,0.013420790620634105
688.0,0.01379238361128885
689.0,0.014111636057404902
690.0,0.014475101149204746
691.0,0.014848746271802576
692.0,0.01522823501308478
693.0,0.015613128802495968
694.0,0.01597861303151756
695.0,0.016297857990579447
696.0,0.016556972024288887
697.0,0.016760408153686596
698.0,0.016914379652544907
699.0,0.017014774308255144
700.0,0.017052511713324635
701.0,0.017017273966281037
702.0,0.016913500005793045
703.0,0.0167475682029122
704.0,0.016529163697194326
705.0,0.016261746146419977
706.0,0.015949613041403826
707.0,0.015598678571043106
708.0,0.015210566520008278
709.0,0.014779222711933552
710.0,0.014315645387058673
711.0,0.013827157285197789
712.0,0.013309635733091938
713.0,0.012787179841915668
714.0,0.012283151566343823
715.0,0.01179935966998888
716.0,0.011324470923749677
717.0,0.010863149350402588
718.0,0.01038258244624345
719.0,0.009888185554401564
720.0,0.009430792178273247
721.0,0.009026223521402543
722.0,0.008655629274881813
723.0,0.008296187994535449
724.0,0.007939473260972852
725.0,0.007577175027253444
726.0,0.007217641691882629
727.0,0.006867326389144725
728.0,0.006514639233929219
729.0,0.006161168243532617
730.0,0.0058148047623478
731.0,0.005494322959817928
732.0,0.005213355501241447
733.0,0.004987064445180259
734.0,0.004805442014678752
735.0,0.004653763311416046
736.0,0.004524973523933675
737.0,0.004422933069140605
738.0,0.004358489291096331
739.0,0.004309515618375408
740.0,0.004263090100149464
741.0,0.004228698921925758
742.0,0.004201760824239111
743.0,0.004175307104152428
744.0,0.004156581184656398
745.0,0.004140508121655001
746.0,0.004126304662578134
747.0,0.004114550541699488
748.0,0.004098526635486465
749.0,0.00408226078123318
750.0,0.004067431286082267
751.0,0.0040539012191246815
752.0,0.004039136005067
753.0,0.004024633169759782
754.0,0.004010744905573656
755.0,0.004000216450630556
756.0,0.003996201751937018
757.0,0.004001879920916095
758.0,0.0040200435217613234
759.0,0.004056963735290737
760.0,0.004097000217444453
761.0,0.0040987818433275355
762.0,0.004060889043678815
763.0,0.004013526917880365
764.0,0.00398004423888272
765.0,0.0039521785599786145
766.0,0.003932947802562478
767.0,0.0039214678355272425
768.0,0.003916248286606584
769.0,0.003918954063574081
770.0,0.003930402952960633
771.0,0.003942152471194894
772.0,0.003936031984218497
773.0,0.0039383535433901015
774.0,0.003954660228249099
775.0,0.003964475389453606
776.0,0.003972937923290662
777.0,0.003987182903750719
778.0,0.004001046733609446
779.0,0.004013965999275747
780.0,0.0040330343546635785
781.0,0.004054896203250885
782.0,0.004075786372403123
783.0,0.004097496735530859
784.0,0.004122316190803346
785.0,0.004144617160090615
786.0,0.004171288577491295
787.0,0.004203224909452253
788.0,0.004227782699386685
789.0,0.004254781224358105
790.0,0.00428514151217495
791.0,0.004321972422859374
792.0,0.0043606355944056175
793.0,0.004384748903100967
794.0,0.004414172987400848
795.0,0.004450668300582478
796.0,0.004480411026959624
797.0,0.004509330758707873
798.0,0.004538773211884635
799.0,0.0045652615622562166
800.0,0.00458954735339712
801.0,0.004614008152952007
802.0,0.00462912780351511
803.0,0.004634530303329396
804.0,0.004643572186243266
805.0,0.004650991365169754
806.0,0.0046550669383521905
807.0,0.004654431435150082
808.0,0.004644928989981343
809.0,0.0046252847505912405
810.0,0.004600212986339489
811.0,0.004572266800355753
812.0,0.0045354560839633365
813.0,0.004498368550171915
814.0,0.004463352356541092
815.0,0.004416934241503537
816.0,0.004365637051574361
817.0,0.004317356891682804
818.0,0.004256251962565681
819.0,0.004178502867325027
820.0,0.0041045610565835725
821.0,0.0040172824413126345
822.0,0.0039040012638556386
823.0,0.0038093093819067682
824.0,0.0037190239908444244
825.0,0.003591235579139193
826.0,0.003459601385346663
827.0,0.0033380985084357543
828.0,0.003219629494710427
829.0,0.0031062326261169894
830.0,0.0029992535689123225
831.0,0.0029122594833344713
832.0,0.002840704690912241
833.0,0.0027661191377506577
834.0,0.002715618678548945
835.0,0.002686783724893389
836.0,0.002642012254547455
837.0,0.002603868937955866
838.0,0.0025855433632824784
839.0,0.0025633886108717813
840.0,0.0025376215470641187
841.0,0.002519576306533011
842.0,0.002502883049127976
843.0,0.0024867479200174417
844.0,0.0024608461688874913
845.0,0.002440477506232231
846.0,0.0024400093479178125
847.0,0.0024272261166795447
848.0,0.002398104557066833
849.0,0.002389583246150083
850.0,0.002388738361617561
851.0,0.0023826937504316395
852.0,0.00236777199779747
853.0,0.0023418169411882858
854.0,0.00231543791311281
855.0,0.002307171724609719
856.0,0.0023118879227493295
857.0,0.0022893040698256074
858.0,0.002271577987884267
859.0,0.002268953360009142
860.0,0.002257579400082185
861.0,0.0022390803905151324
862.0,0.0022262604531266593
863.0,0.002218139640481609
864.0,0.002214312525217715
865.0,0.0021944878278301184
866.0,0.0021789900843453536
867.0,0.00216889503287495
868.0,0.0021475987055778033
869.0,0.002125154836939499
870.0,0.002110378534873158
871.0,0.002109831360168944
872.0,0.002103907193425931
873.0,0.002076335445890982
874.0,0.0020515243155034327
875.0,0.002038753986744782
876.0,0.0020177118529281822
877.0,0.0019979698209593305
878.0,0.0019897769120556857
879.0,0.0019860429148618767
880.0,0.001976349066913544
881.0,0.0019482293141306413
882.0,0.0019326804944356062
883.0,0.0019259705924447208
884.0,0.0019024498443476214
885.0,0.0018800928226495415
886.0,0.0018639436563356992
887.0,0.0018587410102955944
888.0,0.0018490803068988084
889.0,0.00183299293671336
890.0,0.0018195336843953192
891.0,0.0018002817843346566
892.0,0.0017591121235931554
893.0,0.0017588346611019628
894.0,0.0017920470203623342
895.0,0.001777299287614427
896.0,0.0017391014580521043
897.0,0.001704660047044317
898.0,0.0016953221129079356
899.0,0.0016887349254316726
