/begin_header
/west_longitude=UNKNOWN
/south_latitude=NA
/north_latitude=UNKNOWN
/calibration_files=NA
/cruise=NA
/station=NA
/documents=NA
/data_type=NA
/affiliations=NOAA
/experiment=NA
/units=nm,dl
/start_date=2019-08-07
/end_date=NA
/missing=9999
/start_time=11:27:38
/data_file_name=NA
/cloud_percent=NA
/water_depth=NA
/data_status=NA
/east_longitude=NA
/wind_speed=NA
/secchi=NA
/measurement_depth=NA
/fields=wavelength,rrs
/delimiter=comma
/contact=NA
/end_time=NA
/wave_height=NA
/investigators=NA
/end_header@
325.0,0.006588305380374651
326.0,0.0065526881602048824
327.0,0.006513758371783532
328.0,0.006498163970538172
329.0,0.006507294951573995
330.0,0.006578574994606452
331.0,0.006620136851465492
332.0,0.006662099962059393
333.0,0.006651401920732004
334.0,0.006612417902152758
335.0,0.006625886211831376
336.0,0.006696884306519016
337.0,0.006782831650276275
338.0,0.006822715634797855
339.0,0.006848275225333887
340.0,0.006916928166712537
341.0,0.006982527019595558
342.0,0.007053240522380122
343.0,0.007094701971349514
344.0,0.007108946221997432
345.0,0.0071768700696573
346.0,0.007297932701947144
347.0,0.007458621684340118
348.0,0.007535301113467755
349.0,0.0075699709325066835
350.0,0.007634121723712849
351.0,0.00770800303866939
352.0,0.007792453955909905
353.0,0.007914922479320524
354.0,0.007981225971796575
355.0,0.00798258822768591
356.0,0.008062509951619005
357.0,0.008166342350954387
358.0,0.008208265242121062
359.0,0.008266051756383133
360.0,0.008328720205205212
361.0,0.008372056269423164
362.0,0.008408782951801263
363.0,0.008447635649484642
364.0,0.008483342002494117
365.0,0.008521304296948197
366.0,0.00855609881505047
367.0,0.008571425388393537
368.0,0.008569271072144804
369.0,0.008590591527493467
370.0,0.00863007456164368
371.0,0.008675117988799106
372.0,0.008720079242544714
373.0,0.008729918119694851
374.0,0.008706658787336348
375.0,0.008730604944993059
376.0,0.008770609853028414
377.0,0.008781976223233508
378.0,0.008815899016365047
379.0,0.008856648412061126
380.0,0.008834948616317511
381.0,0.008849392449465025
382.0,0.008937350769473058
383.0,0.008975761988812326
384.0,0.008987477693010336
385.0,0.009028231115679044
386.0,0.009062486666031998
387.0,0.009086602076723651
388.0,0.009100964824845062
389.0,0.00912608281219488
390.0,0.009163275527766617
391.0,0.009190434861434218
392.0,0.009220256318915172
393.0,0.009225448672705267
394.0,0.00923163512908115
395.0,0.009245016761880609
396.0,0.00925956073939482
397.0,0.0092558286819686
398.0,0.009240305138457012
399.0,0.00921545649715172
400.0,0.009201271520621042
401.0,0.009203974429087962
402.0,0.009176878296889419
403.0,0.009133483316298107
404.0,0.009118871476707107
405.0,0.009108135985071316
406.0,0.009085368997436175
407.0,0.00905326060900535
408.0,0.009011950916184825
409.0,0.008962916140699165
410.0,0.008924882823048454
411.0,0.008896346922643197
412.0,0.008868624259785421
413.0,0.008838993172702748
414.0,0.008810232861509061
415.0,0.008801911992693548
416.0,0.008801887377022652
417.0,0.008791073790600089
418.0,0.008791996375267654
419.0,0.008800188173948013
420.0,0.008804618291373483
421.0,0.008811969710332861
422.0,0.008826754769567517
423.0,0.008839549398156035
424.0,0.00885202702754539
425.0,0.008869144005319038
426.0,0.00888208504410148
427.0,0.00888791825564611
428.0,0.00889449104387744
429.0,0.008897536731774297
430.0,0.008887382948444083
431.0,0.008870008621755344
432.0,0.008852401599499436
433.0,0.008835985785837459
434.0,0.00882579832102214
435.0,0.008821757544668959
436.0,0.008822157698743734
437.0,0.008838188295161978
438.0,0.00887403535589253
439.0,0.008920641645267109
440.0,0.008978977448663768
441.0,0.009051896809186114
442.0,0.009146482183154243
443.0,0.009264867716987753
444.0,0.009407283065428903
445.0,0.00956813132472979
446.0,0.009748670269861778
447.0,0.009943220047239729
448.0,0.010149403037294398
449.0,0.010361465111349203
450.0,0.010577307376080747
451.0,0.010796241133977808
452.0,0.01101129243834359
453.0,0.01122352647463063
454.0,0.011435219020100963
455.0,0.011629909982854134
456.0,0.011805753892717373
457.0,0.011962783803871238
458.0,0.012109744819878669
459.0,0.012246254079650885
460.0,0.012370143810574379
461.0,0.01248759384078045
462.0,0.012601096529728868
463.0,0.0127164578371473
464.0,0.012832948958529567
465.0,0.012946414876048962
466.0,0.013058169912753579
467.0,0.013170310124301648
468.0,0.013283070153671148
469.0,0.01339551011144289
470.0,0.013500643221050563
471.0,0.013602650799153718
472.0,0.013703288263599688
473.0,0.013800329119291327
474.0,0.013892296085652709
475.0,0.01397780713337422
476.0,0.014069425921000273
477.0,0.01415923589608179
478.0,0.01421753181513584
479.0,0.014278797880189204
480.0,0.014356827363248009
481.0,0.014439112453977481
482.0,0.014521442287604703
483.0,0.014605412457142242
484.0,0.014691541609039072
485.0,0.014781628522674789
486.0,0.014883239340012022
487.0,0.014988747466276467
488.0,0.015092845094167598
489.0,0.015201526798113166
490.0,0.015314658482964738
491.0,0.015438779489357287
492.0,0.015581828122414676
493.0,0.015743163910662265
494.0,0.01590314189548122
495.0,0.01607725199329068
496.0,0.016271948757801503
497.0,0.01648170649439729
498.0,0.016708564745739733
499.0,0.016952712534579938
500.0,0.017210672086533207
501.0,0.017478385921361826
502.0,0.017754888259593017
503.0,0.018036384030204654
504.0,0.018317760374261048
505.0,0.018608903374357867
506.0,0.018908256175470234
507.0,0.01920675333085654
508.0,0.019505152785755035
509.0,0.01980550805567391
510.0,0.020101805544227726
511.0,0.02040228148246505
512.0,0.020718712599844848
513.0,0.021044119900158233
514.0,0.021386994877229393
515.0,0.021759755191324042
516.0,0.02215860542586581
517.0,0.022580434716287307
518.0,0.023015408715153913
519.0,0.023459167322153845
520.0,0.02390611697808149
521.0,0.02436627181821897
522.0,0.0248503377306326
523.0,0.025355361786765247
524.0,0.02588868617941046
525.0,0.02645089006059865
526.0,0.02704541869250563
527.0,0.027667303608264228
528.0,0.028297100346461445
529.0,0.028924057272693954
530.0,0.029552902889260702
531.0,0.030204576809050122
532.0,0.030879380335603612
533.0,0.03156704795865185
534.0,0.03225456794051926
535.0,0.03292713138955272
536.0,0.03358325693374167
537.0,0.03422948250362118
538.0,0.03487264026064957
539.0,0.035491432087345134
540.0,0.036088046009730854
541.0,0.036666548652355725
542.0,0.03720562052069294
543.0,0.03769504044078037
544.0,0.03813757465792629
545.0,0.038535380880827357
546.0,0.03889229146408325
547.0,0.03920478773466289
548.0,0.039470529989543146
549.0,0.039697109986744514
550.0,0.039888173441967066
551.0,0.040049204872593426
552.0,0.04018331490626327
553.0,0.040287163016560254
554.0,0.040359485244567
555.0,0.04040103540147322
556.0,0.04041028296990241
557.0,0.040381019743424465
558.0,0.04031656870930304
559.0,0.0402172889459877
560.0,0.04008549378289754
561.0,0.03992446465694579
562.0,0.03973342161419276
563.0,0.03951117951175711
564.0,0.039258260919379936
565.0,0.03897547721936733
566.0,0.03866295768539468
567.0,0.038326944351743567
568.0,0.03796248977359407
569.0,0.037567933703712905
570.0,0.03714359300980451
571.0,0.03669911607706578
572.0,0.03624811071826069
573.0,0.035796256263219334
574.0,0.035335578412950173
575.0,0.034860807070654073
576.0,0.03438053759584988
577.0,0.03389549628960221
578.0,0.033396026605956045
579.0,0.032883592435916924
580.0,0.03235961693499281
581.0,0.031820317351443306
582.0,0.03127163851651789
583.0,0.03072447816550366
584.0,0.03017005841431549
585.0,0.029605048810980777
586.0,0.02903441314771384
587.0,0.02846257110824767
588.0,0.027886259103343296
589.0,0.02728940730162217
590.0,0.026681517277465667
591.0,0.02608488375789313
592.0,0.025502700475772012
593.0,0.02491048145904809
594.0,0.02427972846109879
595.0,0.023611130041229084
596.0,0.022917380861417015
597.0,0.02219096435484379
598.0,0.0214450334456666
599.0,0.020722247747355448
600.0,0.020057586825345655
601.0,0.019474528535135423
602.0,0.01898652085064531
603.0,0.018590418997849252
604.0,0.018268984208564244
605.0,0.018007766941704938
606.0,0.01778683069557265
607.0,0.017579408515305685
608.0,0.0173814617459003
609.0,0.017190914714150553
610.0,0.016999049529204734
611.0,0.01680739289479238
612.0,0.016623554946051843
613.0,0.01644386474503156
614.0,0.016269660441563073
615.0,0.016105910695923473
616.0,0.01595026891583659
617.0,0.01579917628658907
618.0,0.015659073290589742
619.0,0.015533484026941819
620.0,0.015422363757173364
621.0,0.015325058619785809
622.0,0.015232925922046123
623.0,0.015149548733100749
624.0,0.015075406104706927
625.0,0.014998002547878444
626.0,0.014933390193084258
627.0,0.01488208400068965
628.0,0.014844092779378665
629.0,0.014820339563177604
630.0,0.014808116780019078
631.0,0.014806291022925277
632.0,0.014814418815378205
633.0,0.014832937530077814
634.0,0.014862270266118253
635.0,0.014904684958492734
636.0,0.014952138524383225
637.0,0.014999687753576945
638.0,0.015054595958280834
639.0,0.015116597326331815
640.0,0.015183386212971018
641.0,0.015243361050330601
642.0,0.015290135330594373
643.0,0.015319297300363197
644.0,0.01533898278278066
645.0,0.015347121240860536
646.0,0.015337832987927773
647.0,0.01531594756937744
648.0,0.015281265524638982
649.0,0.01521942014055989
650.0,0.015131921277730179
651.0,0.015012488465062201
652.0,0.014862835517853393
653.0,0.014689201692387003
654.0,0.014504039041517116
655.0,0.014265996763978156
656.0,0.013948157073313547
657.0,0.013551524342253343
658.0,0.013143086523067194
659.0,0.01277771495538487
660.0,0.012417423788473951
661.0,0.012050516934073451
662.0,0.011706070999950304
663.0,0.011368070631714997
664.0,0.011027012465510303
665.0,0.010700191876895488
666.0,0.010395235863836704
667.0,0.010121418727056736
668.0,0.009875555456274696
669.0,0.009661087358060452
670.0,0.009475088815710093
671.0,0.009314326580672803
672.0,0.009176253939506987
673.0,0.009064879195090619
674.0,0.008979653764465483
675.0,0.008908973516474131
676.0,0.008851798068189663
677.0,0.008817443619926674
678.0,0.008823561499252449
679.0,0.008868297560255974
680.0,0.008942649154394482
681.0,0.009059174593597393
682.0,0.009223841283718701
683.0,0.009442383924765225
684.0,0.009708070628605724
685.0,0.01003869872922819
686.0,0.010441761330853973
687.0,0.010904417922349712
688.0,0.011316652633463967
689.0,0.011707975149090194
690.0,0.012134582145503479
691.0,0.012566663263559732
692.0,0.01300337050514597
693.0,0.013444785362620056
694.0,0.013867442060156974
695.0,0.014249768294643025
696.0,0.014586677719977969
697.0,0.014871620287784484
698.0,0.015099403042459936
699.0,0.015276634564026323
700.0,0.015404074872162693
701.0,0.015472879523331476
702.0,0.015486949141925017
703.0,0.015452203005526927
704.0,0.015359440432283659
705.0,0.015217352409214114
706.0,0.015038452214652942
707.0,0.014814265659397335
708.0,0.014542352450490967
709.0,0.014229173907158593
710.0,0.013884546741278966
711.0,0.013510997399361643
712.0,0.013103387925376025
713.0,0.01267238910240151
714.0,0.012236593574744426
715.0,0.011800233380329692
716.0,0.011344261508848083
717.0,0.010882364260081188
718.0,0.010420284209617168
719.0,0.009996198239959595
720.0,0.009596671785021826
721.0,0.009228306664608868
722.0,0.008874946377267275
723.0,0.008512252608399046
724.0,0.00812617622002214
725.0,0.007745956950935447
726.0,0.007378205569497719
727.0,0.007011877057691239
728.0,0.006623856431514643
729.0,0.006222380805761624
730.0,0.005841406682720829
731.0,0.005497933782928674
732.0,0.005201826341460206
733.0,0.004945861977315556
734.0,0.004726763493110467
735.0,0.004544591651086491
736.0,0.004404246627862337
737.0,0.004303937644201167
738.0,0.004222448151440685
739.0,0.004170899290781534
740.0,0.004144655764846006
741.0,0.004112663228249735
742.0,0.004076211447559975
743.0,0.004062779166431286
744.0,0.004049306636116404
745.0,0.004037263535755453
746.0,0.004032420284590238
747.0,0.004027827654276699
748.0,0.004012839252554729
749.0,0.003999207585470275
750.0,0.003990661267943818
751.0,0.003986112615724305
752.0,0.003979611064045402
753.0,0.003970547350714425
754.0,0.003963468331132972
755.0,0.003958951857104278
756.0,0.003947185048275717
757.0,0.0039299225946477796
758.0,0.0038994414600836925
759.0,0.0038217548424935646
760.0,0.0037102304451947913
761.0,0.003626987560370428
762.0,0.003592242135625421
763.0,0.003610138183244393
764.0,0.003667367222005246
765.0,0.0037395963264642146
766.0,0.003809683608560277
767.0,0.0038605981589991565
768.0,0.003902451115855551
769.0,0.003941658113735672
770.0,0.003964164765021454
771.0,0.003978643833165466
772.0,0.00400434578634554
773.0,0.004030471094100853
774.0,0.004053681126121497
775.0,0.004072128994357936
776.0,0.00408650297756771
777.0,0.004103268991622314
778.0,0.00413164292808343
779.0,0.004168085658698847
780.0,0.004204852717638119
781.0,0.004234964576269098
782.0,0.004257121892039312
783.0,0.004286808329329903
784.0,0.004322049755002208
785.0,0.004351667722292637
786.0,0.004383687172760756
787.0,0.004415680251663818
788.0,0.004445803743349857
789.0,0.004480338630189733
790.0,0.00452456664020749
791.0,0.004573111850531353
792.0,0.004621095080011605
793.0,0.004676092295364355
794.0,0.004723687316533219
795.0,0.0047596057984914154
796.0,0.004794571753803755
797.0,0.004830929248157293
798.0,0.004867040399903844
799.0,0.00491135880318004
800.0,0.004950023465380933
801.0,0.004967414948062356
802.0,0.004994417598751823
803.0,0.005028255813652337
804.0,0.005046770538229044
805.0,0.005062014688855145
806.0,0.005073949540053538
807.0,0.0050572876924222035
808.0,0.005029254146964361
809.0,0.005009066231125631
810.0,0.004966559101524206
811.0,0.004900469922661271
812.0,0.004843393827178129
813.0,0.004784098737167385
814.0,0.004708265428934449
815.0,0.004631164812202227
816.0,0.004567703014566689
817.0,0.004494833413581006
818.0,0.004423097196911274
819.0,0.004352936560650342
820.0,0.004253040851559164
821.0,0.004146144952593833
822.0,0.004041716790976192
823.0,0.00391470874588013
824.0,0.00376543758711771
825.0,0.0036024337926617205
826.0,0.0034413939813549748
827.0,0.003286202776806526
828.0,0.003124831109705478
829.0,0.0029621462790822015
830.0,0.002815059602175565
831.0,0.0026981528079832702
832.0,0.0025993283636870017
833.0,0.0025040609252229866
834.0,0.002427574959717697
835.0,0.0023730496377467685
836.0,0.0023337077087080263
837.0,0.0022992857856003208
838.0,0.0022759053179014525
839.0,0.002247694501406177
840.0,0.002226716043665545
841.0,0.0022018596093145463
842.0,0.002186142115815395
843.0,0.002182245923550579
844.0,0.002144690539739058
845.0,0.002103849879682634
846.0,0.002096965213169376
847.0,0.002082179838420169
848.0,0.0020664855603587627
849.0,0.002054478172271029
850.0,0.002041264945730216
851.0,0.002032081450673556
852.0,0.0020003538698183184
853.0,0.0019676514929606805
854.0,0.0019647953299041883
855.0,0.0019510461477816518
856.0,0.0019214548660675338
857.0,0.0018877962568453158
858.0,0.0018683848021675618
859.0,0.0018643513266525177
860.0,0.0018525113640551246
861.0,0.001829101225985659
862.0,0.0018098740119389212
863.0,0.0017908035397843122
864.0,0.0017855675065946007
865.0,0.0017692273152410162
866.0,0.0017463668847893649
867.0,0.001728593323407409
868.0,0.0017143681396221619
869.0,0.0016909650879650185
870.0,0.0016576878361463261
871.0,0.0016325743968527776
872.0,0.001624533409739691
873.0,0.0016179423173541263
874.0,0.0015936360184640795
875.0,0.0015506563368888253
876.0,0.001514602660219474
877.0,0.0014922264072989681
878.0,0.0014740205098570584
879.0,0.0014520142327830582
880.0,0.0014231394342957059
881.0,0.0014161224150728133
882.0,0.0013913391888903588
883.0,0.0013483480643547755
884.0,0.0013424794327837044
885.0,0.001326815980538221
886.0,0.001289982886159676
887.0,0.0012630431900359396
888.0,0.0012281409112267273
889.0,0.001187455949064452
890.0,0.0011567947502597552
891.0,0.001131636430416366
892.0,0.0010835665525617652
893.0,0.001036014812112091
894.0,0.0009939536078550915
895.0,0.000988318116462179
896.0,0.0009766519608542345
897.0,0.0009038531950886621
898.0,0.0008577132397490014
899.0,0.0008309941026753854
