/begin_header
/west_longitude=UNKNOWN
/south_latitude=NA
/north_latitude=UNKNOWN
/calibration_files=NA
/cruise=NA
/station=NA
/documents=NA
/data_type=NA
/affiliations=NOAA
/experiment=NA
/units=nm,dl
/start_date=2019-08-07
/end_date=NA
/missing=9999
/start_time=11:13:14
/data_file_name=NA
/cloud_percent=NA
/water_depth=NA
/data_status=NA
/east_longitude=NA
/wind_speed=NA
/secchi=NA
/measurement_depth=NA
/fields=wavelength,rrs
/delimiter=comma
/contact=NA
/end_time=NA
/wave_height=NA
/investigators=NA
/end_header@
325.0,0.00577173797898489
326.0,0.005880544912951395
327.0,0.0059115390478535045
328.0,0.00584549722909873
329.0,0.0059782261273378795
330.0,0.006063818883916674
331.0,0.0060362959675415466
332.0,0.006022220577043792
333.0,0.006050332722216155
334.0,0.006139592609345028
335.0,0.006143356424491311
336.0,0.0061011406129460235
337.0,0.006138504616482685
338.0,0.006215124407352606
339.0,0.006335333642945559
340.0,0.006327841232248674
341.0,0.006296378860418847
342.0,0.006398624525515118
343.0,0.006438668061736934
344.0,0.006451417782781051
345.0,0.006595793548256425
346.0,0.006722646793487154
347.0,0.006783818869225866
348.0,0.006850685359130297
349.0,0.006924368661822666
350.0,0.006987718593532134
351.0,0.007049461514530635
352.0,0.0071191550129775
353.0,0.0071796986186874415
354.0,0.0072594344427523065
355.0,0.007351285284648327
356.0,0.007413530232667448
357.0,0.007457222347524169
358.0,0.007492051346037823
359.0,0.007538602503868322
360.0,0.007609155817414816
361.0,0.0076615900871134955
362.0,0.007693749522636945
363.0,0.00770935082323153
364.0,0.007734056159976491
365.0,0.00777735898879571
366.0,0.00781022832766391
367.0,0.007830965421408743
368.0,0.007835914608100509
369.0,0.007850789903009279
370.0,0.007865452885362778
371.0,0.007877945071516386
372.0,0.007904017364342947
373.0,0.007931246850382781
374.0,0.007949941181133645
375.0,0.007959351940229958
376.0,0.00796129520288344
377.0,0.007972171605418795
378.0,0.007976559670907414
379.0,0.007986325050741816
380.0,0.008028227715377268
381.0,0.008064341060205486
382.0,0.00808236127863236
383.0,0.008103885166455469
384.0,0.008131012673325323
385.0,0.008166320638727496
386.0,0.008182275558915257
387.0,0.008178921836174637
388.0,0.008195596762203413
389.0,0.00823285034341557
390.0,0.008272489811946768
391.0,0.008281088769814477
392.0,0.008290454566111539
393.0,0.008342428919978393
394.0,0.008356991833801914
395.0,0.008341979612387532
396.0,0.008349239017609745
397.0,0.008340994351595925
398.0,0.008322350767340754
399.0,0.008307055433303765
400.0,0.008293925072660044
401.0,0.008268491202090087
402.0,0.008248900224623254
403.0,0.00823687932080634
404.0,0.008213723638245319
405.0,0.008182826577272474
406.0,0.008145791902320735
407.0,0.008114791511593472
408.0,0.008090201201903752
409.0,0.008062150976470814
410.0,0.00802519837136551
411.0,0.007981373741377291
412.0,0.007943508233957473
413.0,0.00791763144517306
414.0,0.007902716690843404
415.0,0.0078879498936657
416.0,0.007875254153334298
417.0,0.007867717884939047
418.0,0.00786632673926102
419.0,0.007868327364295772
420.0,0.00787176176924686
421.0,0.007878988751436208
422.0,0.007885037689683629
423.0,0.00789248207497426
424.0,0.00789979767439238
425.0,0.007909801561230199
426.0,0.007918287667147346
427.0,0.007926144108369804
428.0,0.00792991074938445
429.0,0.00792179078968818
430.0,0.00790589278651736
431.0,0.007894727488118541
432.0,0.007880785250325772
433.0,0.007855948524307963
434.0,0.007838372107487952
435.0,0.007834015918656664
436.0,0.007844411490142627
437.0,0.00786113428328912
438.0,0.007880485689699995
439.0,0.007910586353482435
440.0,0.007958667101319419
441.0,0.008025761898609873
442.0,0.008108499265437734
443.0,0.008206712180235044
444.0,0.008325216944195067
445.0,0.008463704440785402
446.0,0.008620012088266845
447.0,0.008790427780240974
448.0,0.008972035140076813
449.0,0.009155558473609585
450.0,0.0093445905219126
451.0,0.00953902912235722
452.0,0.009726258187394572
453.0,0.009908236939106635
454.0,0.010091028812975768
455.0,0.01026216116502183
456.0,0.010416723497760117
457.0,0.010551351410844439
458.0,0.010675782211020743
459.0,0.010790972377927078
460.0,0.010901294242279607
461.0,0.011006568573621903
462.0,0.011106164820276303
463.0,0.0111998656654218
464.0,0.011290489783045745
465.0,0.011386036206020782
466.0,0.011480573173646097
467.0,0.011576697533226774
468.0,0.011674590782086039
469.0,0.011772220911034718
470.0,0.011864348618221828
471.0,0.011953542056781436
472.0,0.01204039862552773
473.0,0.012122599095616056
474.0,0.012200417972163887
475.0,0.0122746620423445
476.0,0.012346643974918968
477.0,0.012418178128309173
478.0,0.012483115226842369
479.0,0.012545663642569493
480.0,0.012609925135571711
481.0,0.012674653996806683
482.0,0.012741843245410767
483.0,0.012810244926758044
484.0,0.012885479830193123
485.0,0.012966375026738
486.0,0.013045844361569229
487.0,0.01312874645991694
488.0,0.013215140954372267
489.0,0.013307263011329826
490.0,0.013402401925597576
491.0,0.013501560280145753
492.0,0.01361645376548852
493.0,0.013749125526857933
494.0,0.013886208016386837
495.0,0.014034533489534868
496.0,0.014198670885714661
497.0,0.0143756607932509
498.0,0.014568718252926516
499.0,0.014777464188570769
500.0,0.014998126183427959
501.0,0.015228332485158664
502.0,0.015468136382989028
503.0,0.015709144420835326
504.0,0.015949484403192958
505.0,0.01619916409437839
506.0,0.016458367229567276
507.0,0.016719195817605625
508.0,0.01697890267167422
509.0,0.017237161234529758
510.0,0.017502207430561766
511.0,0.017768028963423763
512.0,0.018033448211698652
513.0,0.018312416721337165
514.0,0.018611364502428365
515.0,0.01893228960319792
516.0,0.019276195170716603
517.0,0.019640741465893292
518.0,0.02002369896861527
519.0,0.02041055559169099
520.0,0.02079181993636491
521.0,0.021186564924800488
522.0,0.021600504778482327
523.0,0.022030670443856128
524.0,0.022484383229121545
525.0,0.02296612037806539
526.0,0.023478367013929684
527.0,0.024014590096802
528.0,0.02455400399011814
529.0,0.025088977710553323
530.0,0.025623914440058404
531.0,0.02618075894867803
532.0,0.02675892155118691
533.0,0.027347611240087555
534.0,0.027934012082277433
535.0,0.028506423250744244
536.0,0.02907165191313904
537.0,0.029629286728179764
538.0,0.030176786357492158
539.0,0.030707326589795848
540.0,0.03122047638998074
541.0,0.03171173912257587
542.0,0.032168797552958664
543.0,0.0325853722397838
544.0,0.03296816715487578
545.0,0.03331524500489058
546.0,0.03362094156581489
547.0,0.03388683165860855
548.0,0.034114367969611856
549.0,0.034302557760297996
550.0,0.03446088785562296
551.0,0.03459579034248193
552.0,0.034705811891708974
553.0,0.03479128320282484
554.0,0.03485107080000112
555.0,0.0348829910928448
556.0,0.03488625826483149
557.0,0.03485887049919784
558.0,0.03480108274785344
559.0,0.034713739247654696
560.0,0.034595219532072514
561.0,0.034449868019522135
562.0,0.03427993426917704
563.0,0.03408813351166826
564.0,0.033873394933046815
565.0,0.03362994088775644
566.0,0.033357855380563996
567.0,0.033063271716662554
568.0,0.03274912635757622
569.0,0.032412314844843915
570.0,0.032048027223875605
571.0,0.03166316075034307
572.0,0.03126995044339585
573.0,0.03087972091091832
574.0,0.030488329206452995
575.0,0.030087927709480607
576.0,0.02968057985895044
577.0,0.029267720169306705
578.0,0.028847465496133075
579.0,0.028414794796537312
580.0,0.027966969278901566
581.0,0.027510034588161775
582.0,0.027046821511284798
583.0,0.026579140811912778
584.0,0.026107539545258164
585.0,0.025631199735172173
586.0,0.0251471362107331
587.0,0.024657158800408953
588.0,0.024162346056023652
589.0,0.023655077173305224
590.0,0.023140800659530357
591.0,0.02263220635086292
592.0,0.022134114130641237
593.0,0.021620884495745604
594.0,0.021079445088138322
595.0,0.020507127476526422
596.0,0.01991139972313542
597.0,0.01929073347827765
598.0,0.018652638243600556
599.0,0.01802929499558682
600.0,0.017451259802607078
601.0,0.01694630653885536
602.0,0.01652440082968087
603.0,0.0161810823228209
604.0,0.015901522221155227
605.0,0.015668492143680577
606.0,0.015467507987684297
607.0,0.015286074711151901
608.0,0.01511517909607718
609.0,0.014945586532556185
610.0,0.014778909273726378
611.0,0.014615034856277739
612.0,0.014454241157112718
613.0,0.014297159329471665
614.0,0.014144736000974734
615.0,0.013998730442945567
616.0,0.013858971884992457
617.0,0.013726340865570522
618.0,0.013604665410133675
619.0,0.013494245113217538
620.0,0.013396467546258266
621.0,0.013309006963542657
622.0,0.01322480594941417
623.0,0.013148641952520445
624.0,0.013082188945651687
625.0,0.013026104256973795
626.0,0.012974116947209426
627.0,0.01292521439482403
628.0,0.012890735668750375
629.0,0.012872154061237748
630.0,0.012867207885984893
631.0,0.012862898290228658
632.0,0.012862647846132318
633.0,0.012881055177023131
634.0,0.012911252368397508
635.0,0.012952169313063307
636.0,0.01299515846141076
637.0,0.013039754652112415
638.0,0.013092713277846058
639.0,0.013147980066732175
640.0,0.013202601249737303
641.0,0.013250916059052691
642.0,0.013288673128978717
643.0,0.01331445519422407
644.0,0.01333741525507151
645.0,0.013353308374592471
646.0,0.013347178371553392
647.0,0.013327677758413875
648.0,0.01330327575052014
649.0,0.013260865645479214
650.0,0.013191028874957772
651.0,0.013088856122861297
652.0,0.01295599403072054
653.0,0.012800689151072195
654.0,0.01264409625176582
655.0,0.012444362485285456
656.0,0.012173483501439148
657.0,0.011831182073470899
658.0,0.01147155557323588
659.0,0.011144449288758046
660.0,0.010828719302180014
661.0,0.010516310118714161
662.0,0.010210766330009318
663.0,0.00991185087410082
664.0,0.009614856377170506
665.0,0.009331107637952335
666.0,0.009066971069415708
667.0,0.008820910882651578
668.0,0.008600229858773343
669.0,0.008409308360375345
670.0,0.008248370108553282
671.0,0.008111436032503963
672.0,0.007993487005366789
673.0,0.007895983366348669
674.0,0.007816287881973749
675.0,0.007748868110782349
676.0,0.007707092385257232
677.0,0.00769237503972868
678.0,0.007693622522842012
679.0,0.007718781675121368
680.0,0.007791358353532408
681.0,0.007900077062991116
682.0,0.008044952777465439
683.0,0.008237927654558311
684.0,0.00847407999336031
685.0,0.008764079963493234
686.0,0.009121023636989854
687.0,0.009538363159264304
688.0,0.009911870223940966
689.0,0.010259221775496211
690.0,0.010628047077482845
691.0,0.011009434141452355
692.0,0.011406140732161433
693.0,0.011811621261932224
694.0,0.012196373616972662
695.0,0.012537602579504658
696.0,0.012838310113282698
697.0,0.013096661930628065
698.0,0.013316205451788573
699.0,0.013487051257605603
700.0,0.013606550392042675
701.0,0.013682880157948283
702.0,0.01370944819591519
703.0,0.013685397937675158
704.0,0.013608752655096498
705.0,0.01348908552401817
706.0,0.013339413059528996
707.0,0.013150981959845254
708.0,0.01292161443396245
709.0,0.012650906921914224
710.0,0.012345936048479524
711.0,0.012017354701721019
712.0,0.011665429572669103
713.0,0.01129625228227039
714.0,0.010908038243730846
715.0,0.010526916744058368
716.0,0.010141321173533226
717.0,0.00974807343708049
718.0,0.009344931688170754
719.0,0.008956234683349672
720.0,0.008587378916968863
721.0,0.008256552450264635
722.0,0.00794273821570469
723.0,0.007621712862091776
724.0,0.007284176805605336
725.0,0.006952979260299484
726.0,0.006628902058385672
727.0,0.006289235646444713
728.0,0.005939897520111757
729.0,0.005589262834039079
730.0,0.005250287561153904
731.0,0.0049351366483788555
732.0,0.0046513838644801015
733.0,0.004417155810690393
734.0,0.004227859082814863
735.0,0.0040633206739396684
736.0,0.003931022884059431
737.0,0.0038334827921335532
738.0,0.003763230053136276
739.0,0.0037113502264495756
740.0,0.0036752891352184133
741.0,0.0036442880330514148
742.0,0.0036193828853250884
743.0,0.00361317048014645
744.0,0.003608724664948921
745.0,0.0035977317257541047
746.0,0.0035864949009724464
747.0,0.003576533045222403
748.0,0.003572147154698955
749.0,0.0035591904638071657
750.0,0.003540171184805825
751.0,0.003537809899539808
752.0,0.0035342368017538643
753.0,0.0035220843475205106
754.0,0.0035167195043392025
755.0,0.0035120087837865388
756.0,0.003505751003582122
757.0,0.0034956529589192436
758.0,0.0034737680387133367
759.0,0.0034349133779918795
760.0,0.0033686760345117577
761.0,0.0032885048781307893
762.0,0.003247423968163442
763.0,0.003247855411529078
764.0,0.003274592937876919
765.0,0.003316852175726695
766.0,0.0033650706613726914
767.0,0.0034179521324566664
768.0,0.0034633723655239576
769.0,0.0034881656901927078
770.0,0.003502403709467472
771.0,0.003514267693262943
772.0,0.003537287248129256
773.0,0.0035579887893372533
774.0,0.0035755575535837913
775.0,0.0035954419513598754
776.0,0.003617996319091512
777.0,0.003645019794135576
778.0,0.0036673779669672084
779.0,0.003686735871545336
780.0,0.003713554083150936
781.0,0.0037423559040131358
782.0,0.0037740047066848774
783.0,0.003799989419202497
784.0,0.0038209613508023996
785.0,0.003842742149376941
786.0,0.00387528412860703
787.0,0.003913384423119002
788.0,0.003935782379854202
789.0,0.0039668977624650265
790.0,0.004007355160505715
791.0,0.004044874250041928
792.0,0.004086948015413172
793.0,0.004133302308228089
794.0,0.004177776421050605
795.0,0.004217943833994193
796.0,0.004244756812923921
797.0,0.004277038176727319
798.0,0.004313121904819098
799.0,0.004341749836702468
800.0,0.00437167571646535
801.0,0.00440807275206545
802.0,0.004439686159774947
803.0,0.004461829809758213
804.0,0.004468716558684754
805.0,0.004476172941383307
806.0,0.004484736070155216
807.0,0.004484475720542793
808.0,0.004467521124520835
809.0,0.004440475948176557
810.0,0.004403827204335304
811.0,0.00435789587331904
812.0,0.004305510386014659
813.0,0.0042445983305641885
814.0,0.004181742200895675
815.0,0.004130149574665858
816.0,0.004075129790425452
817.0,0.003999703702073124
818.0,0.003932697035102619
819.0,0.003878397176322836
820.0,0.003805560323810123
821.0,0.0037073346704596735
822.0,0.0035965779786382634
823.0,0.0034771349838723783
824.0,0.0033462423589919028
825.0,0.003214818059603089
826.0,0.003073688082848305
827.0,0.0029224295385684032
828.0,0.0027813717167931885
829.0,0.002639828807792317
830.0,0.0024911743730462186
831.0,0.0023755132369066598
832.0,0.0022852373228233617
833.0,0.0022057374644194557
834.0,0.0021417771540566195
835.0,0.002094155462934597
836.0,0.0020582421523374526
837.0,0.0020208377993407647
838.0,0.0019963759985716493
839.0,0.0019737331783091345
840.0,0.001942794220618518
841.0,0.0019257224826752766
842.0,0.001913278683391291
843.0,0.0018945222178499885
844.0,0.0018793427715241245
845.0,0.0018642632409394274
846.0,0.0018382996099690601
847.0,0.0018167873256921658
848.0,0.001791278189513193
849.0,0.0017634009890609421
850.0,0.0017475323291212788
851.0,0.0017410827893537674
852.0,0.0017219259160618928
853.0,0.0016995598382203148
854.0,0.00170101491732087
855.0,0.0016770817160605134
856.0,0.0016445585462568062
857.0,0.0016435206901118597
858.0,0.0016328276053829845
859.0,0.0016044688974888696
860.0,0.0015963542768743378
861.0,0.0015855617604610868
862.0,0.0015716172157271544
863.0,0.0015611649350700302
864.0,0.0015577171811411202
865.0,0.0015419103304054325
866.0,0.0015234136916055763
867.0,0.0015076716120274761
868.0,0.0014815454467388871
869.0,0.0014528726370575005
870.0,0.0014395602951607874
871.0,0.0014179141357978935
872.0,0.0013963059574086355
873.0,0.0013990399977703888
874.0,0.0013779140746414513
875.0,0.0013423048687534681
876.0,0.0013222810965555002
877.0,0.0013020833306512138
878.0,0.0012659149199581918
879.0,0.0012392485389257375
880.0,0.0012276116406021835
881.0,0.0012030763297762007
882.0,0.0011806421476311055
883.0,0.0011611409843627085
884.0,0.0011344602364119888
885.0,0.0011152533119460184
886.0,0.0010936665194946577
887.0,0.0010885016161731825
888.0,0.0010868861062175697
889.0,0.0010483048431215406
890.0,0.0010048815389013931
891.0,0.0009868717671609704
892.0,0.0009576795261808732
893.0,0.0009176909195397586
894.0,0.0008710001339310155
895.0,0.0008519723799069228
896.0,0.0008443787051786838
897.0,0.0007902886825914987
898.0,0.0007666680153373791
899.0,0.0007625320905127215
