/begin_header
/west_longitude=UNKNOWN
/south_latitude=NA
/north_latitude=UNKNOWN
/calibration_files=NA
/cruise=NA
/station=NA
/documents=NA
/data_type=NA
/affiliations=NOAA
/experiment=NA
/units=nm,dl
/start_date=2019-08-16
/end_date=NA
/missing=9999
/start_time=14:05:42
/data_file_name=NA
/cloud_percent=NA
/water_depth=NA
/data_status=NA
/east_longitude=NA
/wind_speed=NA
/secchi=NA
/measurement_depth=NA
/fields=wavelength,rrs
/delimiter=comma
/contact=NA
/end_time=NA
/wave_height=NA
/investigators=NA
/end_header@
325.0,0.015094616912935038
326.0,0.015090548640578582
327.0,0.01511619399908391
328.0,0.015099458341712257
329.0,0.015046748018654804
330.0,0.014997490299507041
331.0,0.014931019569284984
332.0,0.014927803287544308
333.0,0.014917643639695239
334.0,0.014836195945303327
335.0,0.014782776319930163
336.0,0.014773737486090654
337.0,0.014793689361526002
338.0,0.01478785994443356
339.0,0.014733596787539199
340.0,0.014664568186348528
341.0,0.014626714194684415
342.0,0.014632070663953028
343.0,0.014641605807389676
344.0,0.014651793326794203
345.0,0.014635124155831056
346.0,0.014619909470534018
347.0,0.014622570376516725
348.0,0.014616338148052554
349.0,0.014601121544107596
350.0,0.014563038327666169
351.0,0.014543170622089444
352.0,0.01453843576007734
353.0,0.014562380607100984
354.0,0.014559675524300524
355.0,0.014528671315418523
356.0,0.014516651727550258
357.0,0.014506328131993696
358.0,0.01448340727892335
359.0,0.014470394469366387
360.0,0.014457269536545417
361.0,0.014427083486873382
362.0,0.014380514406938485
363.0,0.014333754413353075
364.0,0.014311577294886654
365.0,0.014291433019040331
366.0,0.014261993276530757
367.0,0.014225393088058239
368.0,0.014184082698671746
369.0,0.01415254559130974
370.0,0.014134911581601683
371.0,0.014114560813009384
372.0,0.014067801166629154
373.0,0.014020239279115065
374.0,0.01396801903790483
375.0,0.013934986550482345
376.0,0.013906323476223207
377.0,0.013835274062890895
378.0,0.013779400326769813
379.0,0.013747703076898562
380.0,0.013709773157089562
381.0,0.013680925474508563
382.0,0.013668773466194944
383.0,0.013643902210098239
384.0,0.013612545402855877
385.0,0.013588911093180098
386.0,0.01355696032308754
387.0,0.013517419099169602
388.0,0.013496621581025556
389.0,0.013478234072545284
390.0,0.013459748205425188
391.0,0.013433259563810387
392.0,0.013407088892505473
393.0,0.013380098180629347
394.0,0.01333751908487676
395.0,0.013283303989505696
396.0,0.013222833172084067
397.0,0.01316303493144048
398.0,0.013097911265451767
399.0,0.013038476164332327
400.0,0.012983500632168021
401.0,0.01291249324475396
402.0,0.012850986335781859
403.0,0.01279592327961615
404.0,0.01272013686704967
405.0,0.012637998826362507
406.0,0.012555160091941958
407.0,0.012464050416176879
408.0,0.012369587703977674
409.0,0.01227697626522011
410.0,0.012185931780932373
411.0,0.012096947334148657
412.0,0.012014362180035817
413.0,0.01194209079499019
414.0,0.011882193932022042
415.0,0.01182621322165249
416.0,0.011773173518867178
417.0,0.011718152136215802
418.0,0.011669180855358572
419.0,0.011627908883164671
420.0,0.011590163981613092
421.0,0.011553609184941119
422.0,0.011523295646956817
423.0,0.011490352794366167
424.0,0.011459578324811408
425.0,0.011431809792658867
426.0,0.011399213143088616
427.0,0.011358517131079505
428.0,0.011309668018793604
429.0,0.011258872667633101
430.0,0.011210126124409366
431.0,0.011155374113124197
432.0,0.01109557000415723
433.0,0.011033520425824138
434.0,0.010986510890719154
435.0,0.010957134531047432
436.0,0.010930847498091093
437.0,0.010918550515664505
438.0,0.010923404091327579
439.0,0.0109360653643484
440.0,0.010961039549295951
441.0,0.011005933256469091
442.0,0.01107166570932144
443.0,0.011155797072163517
444.0,0.01125153842820916
445.0,0.011364956516602938
446.0,0.011498989307642078
447.0,0.011645683430810514
448.0,0.01179827999635551
449.0,0.011948059449141157
450.0,0.012095424592500863
451.0,0.012245066050118793
452.0,0.012399501385943711
453.0,0.012547430996752627
454.0,0.012683602988830506
455.0,0.012807815437015998
456.0,0.012920307153539553
457.0,0.013027078862107863
458.0,0.013124283082126955
459.0,0.013210945645795943
460.0,0.013296256344453217
461.0,0.013376772770603718
462.0,0.013451932298617065
463.0,0.013528300409288685
464.0,0.013605859558580879
465.0,0.013678944137290294
466.0,0.013753904064726272
467.0,0.013834571553601576
468.0,0.013908514757853915
469.0,0.013976589661167275
470.0,0.014042092546527015
471.0,0.014102699496129805
472.0,0.014157602471670624
473.0,0.014214451942744902
474.0,0.014265250386607666
475.0,0.014302946767248184
476.0,0.0143399518818531
477.0,0.014376374203678955
478.0,0.014406782591621314
479.0,0.014439752217887663
480.0,0.014477642199546998
481.0,0.014518054832102298
482.0,0.014566004905060173
483.0,0.01462151169929723
484.0,0.01468012004663832
485.0,0.014747091848569491
486.0,0.01483400751962454
487.0,0.014922119017456234
488.0,0.01500684873663507
489.0,0.01510127670280131
490.0,0.01520476281854411
491.0,0.015323887546620474
492.0,0.015457819454727633
493.0,0.015605830786438962
494.0,0.015759472220486473
495.0,0.015923030692578326
496.0,0.01609897682436976
497.0,0.01628735296516245
498.0,0.016486906506336996
499.0,0.016701294607844624
500.0,0.01692567784958713
501.0,0.017155426279091404
502.0,0.017388342138242203
503.0,0.017620783149873843
504.0,0.017852909350426147
505.0,0.018085510405202294
506.0,0.018314267342588425
507.0,0.01853732233255867
508.0,0.018758219779249383
509.0,0.01897848259287018
510.0,0.019184249420065535
511.0,0.0193847278346589
512.0,0.019594061506078238
513.0,0.01981052444165269
514.0,0.02003806452208207
515.0,0.020286754476226975
516.0,0.020549978536190713
517.0,0.020825955207697776
518.0,0.021118898821989557
519.0,0.021419638670203345
520.0,0.021722730026801286
521.0,0.022045746041945823
522.0,0.022396344477675346
523.0,0.02276518581255076
524.0,0.02316628588546067
525.0,0.023600675849974946
526.0,0.024060445581480634
527.0,0.024545856329094284
528.0,0.02504906432591477
529.0,0.02555167235027341
530.0,0.02605954319401858
531.0,0.02660404254245194
532.0,0.027175734023259845
533.0,0.027757859920164274
534.0,0.0283503577557639
535.0,0.0289410252743759
536.0,0.029524875022452796
537.0,0.030111543701421113
538.0,0.03070448685534915
539.0,0.03129168353285879
540.0,0.03187053203400247
541.0,0.032436809145714854
542.0,0.032977321121394745
543.0,0.03348782008070142
544.0,0.03397900864764776
545.0,0.03444330414784579
546.0,0.03487866945562117
547.0,0.03529318412927425
548.0,0.035683344968729894
549.0,0.03603955590924168
550.0,0.03637508563102684
551.0,0.03669786087557531
552.0,0.036997656792572164
553.0,0.037271635944569836
554.0,0.03752018404120999
555.0,0.03773710590489817
556.0,0.037922916031607155
557.0,0.038080562699644646
558.0,0.03820642537017714
559.0,0.03829799179681843
560.0,0.03835281177974977
561.0,0.03837051712241145
562.0,0.038350584159330334
563.0,0.03829930602989377
564.0,0.038215528843944066
565.0,0.038083955235298526
566.0,0.03791158808635754
567.0,0.03770485943034765
568.0,0.037457052430305886
569.0,0.03716770494977389
570.0,0.03684486891143017
571.0,0.036488255633349585
572.0,0.036107128046865666
573.0,0.035707684670993355
574.0,0.03528485439559869
575.0,0.0348337332607733
576.0,0.03436560474355664
577.0,0.03388408824329447
578.0,0.033379260379875694
579.0,0.03285895491421943
580.0,0.032331389489447894
581.0,0.0317882488584682
582.0,0.031237794391169436
583.0,0.030692569991807823
584.0,0.03014144375962525
585.0,0.029586124678181096
586.0,0.029046843604526758
587.0,0.028512851143765817
588.0,0.027961979574227764
589.0,0.027403140536385383
590.0,0.02685425075138091
591.0,0.026322456145294697
592.0,0.025799709615640026
593.0,0.025262123386759046
594.0,0.02469703388048662
595.0,0.02410068103347818
596.0,0.02347308380297424
597.0,0.022818599051532763
598.0,0.022151660044503276
599.0,0.02150995520865715
600.0,0.020914421204411792
601.0,0.020387844958863706
602.0,0.0199420311706602
603.0,0.019573570999674484
604.0,0.019265584336719405
605.0,0.01900050539989812
606.0,0.018762224684541105
607.0,0.018534855440841866
608.0,0.01831570420028198
609.0,0.018102628935385567
610.0,0.01788763923033744
611.0,0.017674188694419328
612.0,0.017474279004718894
613.0,0.017277293119471862
614.0,0.017079535703092386
615.0,0.016890660788563317
616.0,0.0167132063186178
617.0,0.01654510778075015
618.0,0.01639088947043104
619.0,0.016249987825925852
620.0,0.016118551870425678
621.0,0.015999866328708083
622.0,0.015896662466424426
623.0,0.015800419656143296
624.0,0.015712578940659146
625.0,0.01563803752444252
626.0,0.015568110871939472
627.0,0.015499645122796673
628.0,0.015444216045415621
629.0,0.015400622559515312
630.0,0.0153691371256451
631.0,0.015342104521158672
632.0,0.015321655389923586
633.0,0.015320891653434329
634.0,0.01533363784300908
635.0,0.015353157569962786
636.0,0.015383608515429567
637.0,0.015425530139179928
638.0,0.015482966153506195
639.0,0.015552121150937018
640.0,0.01562822977350181
641.0,0.015704645866072932
642.0,0.015774529924604177
643.0,0.015832051014869487
644.0,0.01588667217314867
645.0,0.015937697564587273
646.0,0.015971222652115466
647.0,0.015988314897589954
648.0,0.015987292248693045
649.0,0.015953484535582256
650.0,0.015883475819720983
651.0,0.01578056284778562
652.0,0.015647077858443083
653.0,0.015485638842865097
654.0,0.015318383564537541
655.0,0.015092349988188578
656.0,0.014779390775920784
657.0,0.014407862799576985
658.0,0.014028278563915971
659.0,0.013678923383957101
660.0,0.013337016458316498
661.0,0.013002929415905962
662.0,0.012678824213915524
663.0,0.012363452301565816
664.0,0.012057672451956762
665.0,0.011771931121474817
666.0,0.011510893663705769
667.0,0.011275967118604195
668.0,0.01107274292597871
669.0,0.010903474015028265
670.0,0.01078099469693036
671.0,0.010693250061529613
672.0,0.01061699122865331
673.0,0.010564901385125449
674.0,0.010537656450065358
675.0,0.010522592711271173
676.0,0.010525498306877521
677.0,0.010557207053812136
678.0,0.010619610167923094
679.0,0.010711174164029702
680.0,0.010827753062511894
681.0,0.010985291224954861
682.0,0.011191598633686229
683.0,0.011444594007075972
684.0,0.011755752242759713
685.0,0.012164209716043654
686.0,0.012642737984102556
687.0,0.013142925639532354
688.0,0.013544582146267591
689.0,0.01391270313312439
690.0,0.014317251318313805
691.0,0.014732848209150839
692.0,0.01515890150474904
693.0,0.015585912347693368
694.0,0.015969659602310612
695.0,0.016281798825005835
696.0,0.016537748876178184
697.0,0.01673854713054366
698.0,0.016891492469550726
699.0,0.016988941943633568
700.0,0.01702024896981616
701.0,0.01697977963675627
702.0,0.016879348076675977
703.0,0.016724332401036986
704.0,0.01652486925413517
705.0,0.01628278216681219
706.0,0.016001097753515957
707.0,0.01566917855200262
708.0,0.015292318657616252
709.0,0.014888430315241572
710.0,0.014457626127411412
711.0,0.013998777358523918
712.0,0.013518197980261914
713.0,0.013031531134826246
714.0,0.01255042719748925
715.0,0.012095940757332689
716.0,0.011652934388124717
717.0,0.011207818744513102
718.0,0.010726330802162417
719.0,0.010234907684252396
720.0,0.009778341672900778
721.0,0.00937918997724676
722.0,0.009023977698410353
723.0,0.008663907471459599
724.0,0.0082879946866725
725.0,0.007909598757294082
726.0,0.0075369676493976774
727.0,0.007155893783589639
728.0,0.006774689775514413
729.0,0.006393539706214398
730.0,0.006011550721794065
731.0,0.005661707747379121
732.0,0.005363954128938283
733.0,0.005116083308143482
734.0,0.004906119753013524
735.0,0.00473110880729023
736.0,0.004590003791566284
737.0,0.004482181867377252
738.0,0.004406875866589237
739.0,0.004349436067132163
740.0,0.004303858820149625
741.0,0.004270872569508606
742.0,0.004243008205513302
743.0,0.004210280040555131
744.0,0.004188840468392359
745.0,0.004179375281158045
746.0,0.004163254949638818
747.0,0.004142448628055703
748.0,0.004130384988510332
749.0,0.004117790144533969
750.0,0.004103744977264526
751.0,0.00409107639319448
752.0,0.0040784404805421235
753.0,0.004062325802765283
754.0,0.004048692326464888
755.0,0.004035163285404308
756.0,0.004019491773921765
757.0,0.004013713089571242
758.0,0.004020067795610001
759.0,0.004040692753970346
760.0,0.0040556457936343744
761.0,0.004029859465908394
762.0,0.003998779536220527
763.0,0.003971788846034607
764.0,0.003968187756594773
765.0,0.003964770557371098
766.0,0.003957420796163025
767.0,0.003958776866999356
768.0,0.0039636638530266095
769.0,0.003962857890239553
770.0,0.003963777110268405
771.0,0.0039717593934182945
772.0,0.003989520881859347
773.0,0.004004567818590367
774.0,0.004016070766560881
775.0,0.0040270680577562746
776.0,0.004036801306454632
777.0,0.004053216159489942
778.0,0.004071835255201763
779.0,0.004093491427855085
780.0,0.004120140491627075
781.0,0.004147680102240441
782.0,0.004170947373831445
783.0,0.004193953310693126
784.0,0.0042164146681324
785.0,0.004243345831276255
786.0,0.004273928682067088
787.0,0.004305714083132188
788.0,0.0043356984326718365
789.0,0.004370311950996045
790.0,0.004407927861723727
791.0,0.004442237018068142
792.0,0.004475828181443817
793.0,0.004516850723390868
794.0,0.004546361002705371
795.0,0.004569466827137789
796.0,0.004613620008826922
797.0,0.004651486670786102
798.0,0.004667989170106047
799.0,0.004688364508572362
800.0,0.004715760119568674
801.0,0.0047394243201150784
802.0,0.004758626721481893
803.0,0.0047708567241193526
804.0,0.00478298664527743
805.0,0.0047927329006028
806.0,0.004793399514571967
807.0,0.00478253208697627
808.0,0.004764258186995374
809.0,0.004746494162434636
810.0,0.004722607904467437
811.0,0.0046876166329583215
812.0,0.0046344561829143715
813.0,0.00457916895474154
814.0,0.00453993902905421
815.0,0.004483495112667693
816.0,0.0044186232900014066
817.0,0.004347914785110202
818.0,0.004273605121889724
819.0,0.004197073515772372
820.0,0.004117328017057182
821.0,0.004023311909488776
822.0,0.003906690265198464
823.0,0.003780581443616078
824.0,0.003651581354354099
825.0,0.003514468100452417
826.0,0.00336716658666148
827.0,0.0032165647363796178
828.0,0.003072163342085714
829.0,0.00293759103574744
830.0,0.0028271427904555985
831.0,0.0027121347372404793
832.0,0.002600272042074222
833.0,0.0025237708947310282
834.0,0.0024701136641505387
835.0,0.0024273011700322914
836.0,0.0023915192194037447
837.0,0.002352812957757831
838.0,0.0023071643714912965
839.0,0.0022777844939516167
840.0,0.0022570898684685266
841.0,0.002237228733494662
842.0,0.002209090844768641
843.0,0.002180644874708501
844.0,0.002168397243666555
845.0,0.0021572368557072406
846.0,0.0021421642329427326
847.0,0.002125040748160394
848.0,0.002098073889393314
849.0,0.0020820749863851773
850.0,0.002058599314282544
851.0,0.002027164061286095
852.0,0.0020141851731785817
853.0,0.002003543130828045
854.0,0.0019758168048430898
855.0,0.001958101234119835
856.0,0.001952113250684634
857.0,0.0019347219883870282
858.0,0.001920102471905315
859.0,0.001910607084533696
860.0,0.0018975988194307937
861.0,0.001880817157770343
862.0,0.001860618150623995
863.0,0.0018486329964054605
864.0,0.001831475950453461
865.0,0.0018091000731477718
866.0,0.0017915625495929799
867.0,0.001779402409997233
868.0,0.001766384224168406
869.0,0.0017362848407003612
870.0,0.001699748167115412
871.0,0.0016841608887415479
872.0,0.0016836815453373521
873.0,0.0016606836721995179
874.0,0.001645661580021179
875.0,0.0016357332122440885
876.0,0.001601631838495702
877.0,0.0015755182602147082
878.0,0.0015576549682918242
879.0,0.0015398532457021863
880.0,0.0015156691788663352
881.0,0.0014905655213469343
882.0,0.001460722076558327
883.0,0.0014327663161225266
884.0,0.001427005229270109
885.0,0.001412623933131916
886.0,0.001374342800180877
887.0,0.0013532622802861303
888.0,0.001331214592487115
889.0,0.0013223865735253616
890.0,0.001306628254296214
891.0,0.0012820440011725672
892.0,0.0012777862680824234
893.0,0.0012604036416880063
894.0,0.0012191678842028756
895.0,0.0012083811946713328
896.0,0.0012050033564935426
897.0,0.0011632689132859953
898.0,0.0011387308704458106
899.0,0.0011381633703424969
