/begin_header
/west_longitude=UNKNOWN
/south_latitude=NA
/north_latitude=UNKNOWN
/calibration_files=NA
/cruise=NA
/station=NA
/documents=NA
/data_type=NA
/affiliations=NOAA
/experiment=NA
/units=nm,dl
/start_date=2019-08-12
/end_date=NA
/missing=9999
/start_time=13:48:25
/data_file_name=NA
/cloud_percent=NA
/water_depth=NA
/data_status=NA
/east_longitude=NA
/wind_speed=NA
/secchi=NA
/measurement_depth=NA
/fields=wavelength,rrs
/delimiter=comma
/contact=NA
/end_time=NA
/wave_height=NA
/investigators=NA
/end_header@
325.0,0.019311993070452123
326.0,0.019174813548928332
327.0,0.01910294520299616
328.0,0.019100634302119068
329.0,0.019036229070255817
330.0,0.01895765729590678
331.0,0.018887131930346395
332.0,0.01876517779528721
333.0,0.018599058562249523
334.0,0.018524185365322764
335.0,0.018420736442140276
336.0,0.01825834393529277
337.0,0.018104828131036286
338.0,0.017981179533408928
339.0,0.017902661396332925
340.0,0.017758672803121784
341.0,0.017633322712841747
342.0,0.017546336412458546
343.0,0.01744029206004346
344.0,0.0173156830684081
345.0,0.017193596160881897
346.0,0.017060600184606974
347.0,0.016946062897128206
348.0,0.016850683457812952
349.0,0.016740733601993227
350.0,0.0166036467764414
351.0,0.016511961668199893
352.0,0.016436594118123354
353.0,0.016322185978587086
354.0,0.016199649787901376
355.0,0.016074826505988325
356.0,0.015994112485350116
357.0,0.015915468272870638
358.0,0.01581617227353796
359.0,0.015717860122454495
360.0,0.015618972476900281
361.0,0.015533827825702593
362.0,0.015424041587952053
363.0,0.015303448344164269
364.0,0.015228869075899192
365.0,0.015151696167027984
366.0,0.015062694626247302
367.0,0.014990662115344283
368.0,0.014929477056944562
369.0,0.014860952638211647
370.0,0.014788241423119533
371.0,0.0147104885974944
372.0,0.014610588144401217
373.0,0.014517026285205865
374.0,0.01444640500539241
375.0,0.014361188455887245
376.0,0.014269280945216605
377.0,0.014182298461885779
378.0,0.014095893220547323
379.0,0.014020296607012414
380.0,0.013967084680969622
381.0,0.013912680320557614
382.0,0.013847423141507031
383.0,0.013771485541448478
384.0,0.013689686346153043
385.0,0.013609486600141673
386.0,0.01353674248731239
387.0,0.013471665392275475
388.0,0.01339894153780292
389.0,0.01333664900080774
390.0,0.013290308494907399
391.0,0.013236108644890474
392.0,0.013174997201422681
393.0,0.01311341260676833
394.0,0.013054965755577427
395.0,0.012984286077508598
396.0,0.012881492438649684
397.0,0.012784431071565336
398.0,0.012710377262864244
399.0,0.012649093977465947
400.0,0.01258997045119514
401.0,0.012530349855725025
402.0,0.012477015238084914
403.0,0.012428266101889596
404.0,0.012385116486870698
405.0,0.01233500570366627
406.0,0.012271122747368366
407.0,0.012212043354524417
408.0,0.012152696740333301
409.0,0.012091721228837145
410.0,0.012033475273146242
411.0,0.011982014750840311
412.0,0.011928226994286036
413.0,0.011881317927597685
414.0,0.011840206594783045
415.0,0.011798246238096268
416.0,0.011757889275212818
417.0,0.011723635765216324
418.0,0.011692001477638663
419.0,0.011659363065680946
420.0,0.011625538383574215
421.0,0.011596024973952785
422.0,0.011569280645912039
423.0,0.011541847219648212
424.0,0.011520355959358183
425.0,0.01150388768836593
426.0,0.011481516459047315
427.0,0.011455836479372242
428.0,0.011437351048433396
429.0,0.011415239313382643
430.0,0.011382579190962592
431.0,0.011352254669798018
432.0,0.011322934370311179
433.0,0.01129360961350776
434.0,0.011267585746100997
435.0,0.01124879350118576
436.0,0.01123747290183831
437.0,0.011228761294667409
438.0,0.01122439567677511
439.0,0.011230118977959008
440.0,0.011243014581615769
441.0,0.0112556601240827
442.0,0.011273568400915035
443.0,0.011298568094807926
444.0,0.011333461163309409
445.0,0.011375753203632273
446.0,0.01142154631051627
447.0,0.011476066281968922
448.0,0.011539154388886766
449.0,0.011595438007286674
450.0,0.011651861740736019
451.0,0.011713258167021711
452.0,0.011776418174290515
453.0,0.011835686822204912
454.0,0.011884818284914991
455.0,0.011931931891649147
456.0,0.011976365914078059
457.0,0.012018024216626873
458.0,0.01205552038597923
459.0,0.012087493475422862
460.0,0.0121261423597205
461.0,0.012166597172375625
462.0,0.012203497458229143
463.0,0.012237537344770632
464.0,0.0122724069278476
465.0,0.012317952433098162
466.0,0.012364183561001128
467.0,0.01240727923018219
468.0,0.012445232613243977
469.0,0.012485487664846601
470.0,0.012528024515652422
471.0,0.01256982139628925
472.0,0.012612253381911676
473.0,0.012661593121256313
474.0,0.012710676911655495
475.0,0.012753520330771576
476.0,0.012795552719340608
477.0,0.01283730587823168
478.0,0.012881907241989449
479.0,0.01292885679115816
480.0,0.01297734985992289
481.0,0.013027411087265892
482.0,0.013081233739210246
483.0,0.013140150872529881
484.0,0.013188494683609168
485.0,0.013233351267794121
486.0,0.01329590464488524
487.0,0.01335506521630515
488.0,0.013401758667238342
489.0,0.013452635672582747
490.0,0.013505399775788135
491.0,0.013563294768484549
492.0,0.013633105244730829
493.0,0.013713529144353823
494.0,0.013798656653087733
495.0,0.013888318619207248
496.0,0.013987289188003424
497.0,0.014099266146884299
498.0,0.014223180220954682
499.0,0.014351075600970853
500.0,0.01448586729612453
501.0,0.01462729287726065
502.0,0.01477432199401266
503.0,0.014926227815401951
504.0,0.015084847112312718
505.0,0.015255240076089516
506.0,0.015435530890892946
507.0,0.015626951982518632
508.0,0.015820557456080502
509.0,0.016013905382218935
510.0,0.016208598539372267
511.0,0.016407317949971835
512.0,0.01661590508019243
513.0,0.01682565442579468
514.0,0.017040557880202402
515.0,0.017273296428676265
516.0,0.017513085229895784
517.0,0.017755349953311586
518.0,0.018002742252453623
519.0,0.0182443843361818
520.0,0.018465705892261403
521.0,0.018687553841079264
522.0,0.018915204619103138
523.0,0.019143438608500603
524.0,0.01937322516498885
525.0,0.019602434655229338
526.0,0.019833905615302506
527.0,0.02006705035821394
528.0,0.02028980484332113
529.0,0.020504700235512156
530.0,0.020713215632877733
531.0,0.020920894891864984
532.0,0.021132971840333633
533.0,0.021348952401370268
534.0,0.02155693704027949
535.0,0.021754539600307085
536.0,0.021952223201225453
537.0,0.0221451087551338
538.0,0.022333906711218137
539.0,0.022519979698144704
540.0,0.022699649892057316
541.0,0.022872687659226933
542.0,0.023041118650361583
543.0,0.023203403504427515
544.0,0.023356479218987022
545.0,0.02350715217510129
546.0,0.02365722224484756
547.0,0.023793044587688567
548.0,0.023922486116193114
549.0,0.02405559606081163
550.0,0.024186129547074633
551.0,0.024314466540214845
552.0,0.02444378334576873
553.0,0.024571127078913593
554.0,0.02469578134105036
555.0,0.024816370666386187
556.0,0.024930951087313625
557.0,0.025035095606165396
558.0,0.025131306855280235
559.0,0.025216839890969844
560.0,0.025290702452493003
561.0,0.025351393009210816
562.0,0.025403734857703326
563.0,0.02544411524569758
564.0,0.02547221841253682
565.0,0.02548965933498412
566.0,0.025492957314540342
567.0,0.025481187233483582
568.0,0.025460609315654643
569.0,0.025431148166257706
570.0,0.025385643749421555
571.0,0.025327043353677126
572.0,0.025259062043229502
573.0,0.025179730553925406
574.0,0.0250941650990613
575.0,0.025005106085325645
576.0,0.024901560815391067
577.0,0.024782709998333492
578.0,0.024649075341747064
579.0,0.024498255916776894
580.0,0.024334515246964068
581.0,0.02415791714374221
582.0,0.023968046605032583
583.0,0.02376607488909884
584.0,0.02355170969122774
585.0,0.023323798966887098
586.0,0.023088465248209854
587.0,0.022840616764838124
588.0,0.022571880924364553
589.0,0.02228800873539104
590.0,0.021999573030829174
591.0,0.021719428342837792
592.0,0.021440744297570855
593.0,0.02114563121706416
594.0,0.020824176020131376
595.0,0.02046379394204514
596.0,0.020055009826206623
597.0,0.019618065117408413
598.0,0.019164934184053538
599.0,0.018713136744215854
600.0,0.018290810736431785
601.0,0.01792819447542961
602.0,0.017630738145770562
603.0,0.017397612413289944
604.0,0.017215269983197452
605.0,0.017068902912752433
606.0,0.016948002550211696
607.0,0.016840254934436104
608.0,0.016737873135466087
609.0,0.016633240740647762
610.0,0.016527719626316686
611.0,0.016422094853470504
612.0,0.016320007620188835
613.0,0.016215386919461425
614.0,0.0161089308368041
615.0,0.016005088180566243
616.0,0.01590103418359299
617.0,0.01579248494278068
618.0,0.01569530489730265
619.0,0.015612255436321032
620.0,0.015534264473876564
621.0,0.015459917639153989
622.0,0.015391948096323379
623.0,0.015333548007529882
624.0,0.015280541933216974
625.0,0.015222030366903356
626.0,0.015164399575432471
627.0,0.015115790849586327
628.0,0.015077575079301917
629.0,0.015050338165991864
630.0,0.015032083868341133
631.0,0.015018295982414196
632.0,0.0150042491216867
633.0,0.014990184677284954
634.0,0.014986773129922273
635.0,0.014997966746897384
636.0,0.014994700053142384
637.0,0.014985636879627359
638.0,0.014987997355328927
639.0,0.014987639789386543
640.0,0.014980993408722405
641.0,0.014969388872807795
642.0,0.0149487136813912
643.0,0.014917784708031786
644.0,0.014876822633076024
645.0,0.014828551384717042
646.0,0.014775819256925385
647.0,0.014722356845165796
648.0,0.014663932969922916
649.0,0.014594308039524068
650.0,0.01450596946150513
651.0,0.014396869731926807
652.0,0.014269471580820123
653.0,0.014122037035120721
654.0,0.013958643056731626
655.0,0.013739116118720668
656.0,0.013453148360581512
657.0,0.013141715476080984
658.0,0.012842621590562897
659.0,0.01256055326259679
660.0,0.012290965178421341
661.0,0.012036381732157164
662.0,0.011795702146969253
663.0,0.011568606037887532
664.0,0.011349455567815709
665.0,0.01114778956042425
666.0,0.01096605720520223
667.0,0.010803118486914481
668.0,0.01066642679317659
669.0,0.010556295530506795
670.0,0.010469448282252719
671.0,0.010398699898072631
672.0,0.010341621567472571
673.0,0.010303525754730907
674.0,0.010285141478824006
675.0,0.010278630991510673
676.0,0.010280627463650235
677.0,0.010294577455499306
678.0,0.010332119530604462
679.0,0.010394197128559034
680.0,0.01047270164202026
681.0,0.010580231626496366
682.0,0.010724823323618037
683.0,0.010887513882463225
684.0,0.011073579834102046
685.0,0.011307333566607352
686.0,0.011561139304171995
687.0,0.011801310422383124
688.0,0.01195709499907496
689.0,0.012066007560150232
690.0,0.012170823544109598
691.0,0.012257843396801344
692.0,0.012326536978428785
693.0,0.01238194635461421
694.0,0.012414366917559297
695.0,0.01241600358259916
696.0,0.012384008576494816
697.0,0.012314388570028385
698.0,0.012207533593055663
699.0,0.012066524342178617
700.0,0.011898960798626287
701.0,0.011714878694805895
702.0,0.01150905225872799
703.0,0.01128115800560377
704.0,0.011036234889816648
705.0,0.01077379677556794
706.0,0.010503058528291207
707.0,0.010223386782238282
708.0,0.009931765524000193
709.0,0.009616981120185178
710.0,0.009290650201795867
711.0,0.008956242391446972
712.0,0.008615996079742378
713.0,0.008277431814735883
714.0,0.007932835285100559
715.0,0.007595745349660057
716.0,0.007261251631248793
717.0,0.006935595977988186
718.0,0.006606539092368022
719.0,0.006296438331405868
720.0,0.006027031320220347
721.0,0.005797869239203504
722.0,0.00557432502640017
723.0,0.005339160833463569
724.0,0.005089787065162149
725.0,0.004853771524613754
726.0,0.004633317176010308
727.0,0.004405238271392021
728.0,0.004172806548667023
729.0,0.003939229779842976
730.0,0.0037180285753336964
731.0,0.003523331833384573
732.0,0.0033656246498021784
733.0,0.0032329319209373625
734.0,0.003116681341711762
735.0,0.0030206016265898507
736.0,0.0029379202440808967
737.0,0.0028697838118438915
738.0,0.0028250666058866583
739.0,0.0027976127659808583
740.0,0.0027778602765485653
741.0,0.0027603607204725682
742.0,0.0027461682376667155
743.0,0.0027300167488197376
744.0,0.0027138497955740584
745.0,0.0027007652032305035
746.0,0.002694803522992051
747.0,0.002686100956414452
748.0,0.0026706417380378553
749.0,0.002657045562846533
750.0,0.0026456922861315723
751.0,0.0026373589443132793
752.0,0.0026246704713313216
753.0,0.0026042842624209197
754.0,0.0025933541022603313
755.0,0.0025848967115857735
756.0,0.0025732712702828627
757.0,0.0025723184335843777
758.0,0.0025737166661317697
759.0,0.002532269884726953
760.0,0.002465634540855366
761.0,0.0024144413295361794
762.0,0.0023736077917550745
763.0,0.0023533528619413473
764.0,0.0023754496557441885
765.0,0.0024056528525694125
766.0,0.0024291061616934203
767.0,0.0024545908391256964
768.0,0.0024776001216816933
769.0,0.002489208951090989
770.0,0.002494835653727499
771.0,0.002498036030478027
772.0,0.00250362126419259
773.0,0.0025111209393230893
774.0,0.002522041242333301
775.0,0.002521548519375456
776.0,0.0025203500790929073
777.0,0.0025379376066109083
778.0,0.0025511432115874278
779.0,0.0025588443992453722
780.0,0.0025672438608291106
781.0,0.0025786493583374597
782.0,0.0025926540735132743
783.0,0.0026030688264324702
784.0,0.002616110435588845
785.0,0.002622009372080787
786.0,0.0026239485675671396
787.0,0.0026302219692199793
788.0,0.002647516181657059
789.0,0.002665926742459162
790.0,0.0026817735402239577
791.0,0.002704025283679347
792.0,0.0027309349628537975
793.0,0.002746433379461914
794.0,0.002763111047278263
795.0,0.0027840426011387425
796.0,0.002803862808795626
797.0,0.002822258270934405
798.0,0.002839235942958224
799.0,0.002848452896194225
800.0,0.0028526693698263128
801.0,0.0028659228639215254
802.0,0.002883957629370457
803.0,0.002899841041764245
804.0,0.0029038238532438786
805.0,0.002908525321080159
806.0,0.0029161495706515783
807.0,0.0029068010027347084
808.0,0.0028897413867968115
809.0,0.0028690629324993316
810.0,0.0028415733182246125
811.0,0.0028105790221327866
812.0,0.0027731968205037725
813.0,0.0027323077846113887
814.0,0.002696468375212719
815.0,0.0026570430979855906
816.0,0.0026139478024984814
817.0,0.002580642304835102
818.0,0.002546779585008278
819.0,0.0025061269779068822
820.0,0.0024604274768575385
821.0,0.0024013978594864716
822.0,0.0023271346264982394
823.0,0.0022527657619388084
824.0,0.0021789194374792144
825.0,0.0020917962598309453
826.0,0.002007289110950202
827.0,0.0019290765224631904
828.0,0.0018439388585543442
829.0,0.0017683091919560683
830.0,0.001709599439531052
831.0,0.001641323740005364
832.0,0.0015691227026454167
833.0,0.0015359901826908888
834.0,0.0015064511133063637
835.0,0.001471412159523356
836.0,0.00144663321086055
837.0,0.001428909409691152
838.0,0.0014163090692218628
839.0,0.0014093847564400745
840.0,0.0013973976559414436
841.0,0.0013724180357537197
842.0,0.0013539336831707844
843.0,0.0013486459120489922
844.0,0.0013489973615971019
845.0,0.001338798922204985
846.0,0.0013032125968344315
847.0,0.00129072803362001
848.0,0.0012987724814390558
849.0,0.0012720997690457176
850.0,0.001242650043413725
851.0,0.0012255309236274628
852.0,0.0012132032162291307
853.0,0.001209311632736235
854.0,0.0012003566210993587
855.0,0.0011850117872343991
856.0,0.0011723187345626096
857.0,0.0011620179335530968
858.0,0.0011499943745159852
859.0,0.0011396443726730038
860.0,0.0011382679458719568
861.0,0.001130561644132019
862.0,0.0011133309891072246
863.0,0.0011060370910036625
864.0,0.001105863355140399
865.0,0.0010861687007168495
866.0,0.0010666753316990693
867.0,0.0010495246986467071
868.0,0.0010457609740753561
869.0,0.001040078414731086
870.0,0.0010330887925238535
871.0,0.0010113562547825641
872.0,0.0009804837713832174
873.0,0.0009809958225869334
874.0,0.0009939404462651154
875.0,0.0010035223861331252
876.0,0.0009662995770819202
877.0,0.0009247676901437196
878.0,0.0009125270340915014
879.0,0.0009126950715895487
880.0,0.0009113218735374449
881.0,0.0008678560955618475
882.0,0.0008387928605309639
883.0,0.0008317363536020078
884.0,0.0008353338032729533
885.0,0.0008323583330468994
886.0,0.0008167683148278797
887.0,0.0007903105563939657
888.0,0.0007708978314265355
889.0,0.0007452668477888969
890.0,0.0007175408727393146
891.0,0.0007059727553222208
892.0,0.0007010809836308989
893.0,0.0006848077081033526
894.0,0.000666279069801167
895.0,0.0006506012921388448
896.0,0.0006098972728563098
897.0,0.0005712476262524571
898.0,0.0005371843669920729
899.0,0.0005044213269608207
