/begin_header
/west_longitude=UNKNOWN
/south_latitude=NA
/north_latitude=UNKNOWN
/calibration_files=NA
/cruise=NA
/station=NA
/documents=NA
/data_type=NA
/affiliations=NOAA
/experiment=NA
/units=nm,dl
/start_date=2019-08-01
/end_date=NA
/missing=9999
/start_time=13:38:20
/data_file_name=NA
/cloud_percent=NA
/water_depth=NA
/data_status=NA
/east_longitude=NA
/wind_speed=NA
/secchi=NA
/measurement_depth=NA
/fields=wavelength,rrs
/delimiter=comma
/contact=NA
/end_time=NA
/wave_height=NA
/investigators=NA
/end_header@
325.0,0.01762229677182294
326.0,0.01751736373751423
327.0,0.017475345653890965
328.0,0.017478585745268088
329.0,0.01739655750386445
330.0,0.017319431193417383
331.0,0.01727978989342922
332.0,0.017163054065485968
333.0,0.01702273665915723
334.0,0.016892384286276173
335.0,0.01685295211522033
336.0,0.016852063524154158
337.0,0.016686875625840727
338.0,0.01654521779489583
339.0,0.01648994733195256
340.0,0.016430103866363156
341.0,0.016330204214900435
342.0,0.016227853875707472
343.0,0.01613106938175544
344.0,0.01605797480334369
345.0,0.015984610043394427
346.0,0.015908852706314296
347.0,0.015822175769799197
348.0,0.0157262135937195
349.0,0.01565105090736999
350.0,0.015599402762902868
351.0,0.015561167768487713
352.0,0.015498276301862665
353.0,0.015416367756111469
354.0,0.015335102196919614
355.0,0.01526465125802065
356.0,0.015194621436459419
357.0,0.015127413762318558
358.0,0.015039938987572082
359.0,0.014958751441917564
360.0,0.014886581607037508
361.0,0.014815062211728966
362.0,0.014734038626029771
363.0,0.014653108585653218
364.0,0.014572785788105402
365.0,0.014505606053372333
366.0,0.014447906737008239
367.0,0.014382145530563398
368.0,0.014329174580422776
369.0,0.014282985979526652
370.0,0.01421128625985863
371.0,0.014117556517643955
372.0,0.014040158251759008
373.0,0.013958692905437378
374.0,0.013876754137293501
375.0,0.013805057531847378
376.0,0.013742017292061906
377.0,0.013670068229736387
378.0,0.013599957617817704
379.0,0.013529907068181538
380.0,0.013481358981557737
381.0,0.013436589558690962
382.0,0.013376638416706837
383.0,0.01332440874683368
384.0,0.013268263178467934
385.0,0.0131776912708808
386.0,0.013100555548921986
387.0,0.013044085568097556
388.0,0.012978689990347406
389.0,0.012920984652837919
390.0,0.012873334982905446
391.0,0.012832592628915016
392.0,0.012782612942112859
393.0,0.012705830044495551
394.0,0.012637329528385574
395.0,0.01257831138679687
396.0,0.012492170520625583
397.0,0.012409419758343245
398.0,0.012337385352834237
399.0,0.012268464209310298
400.0,0.0122050714957519
401.0,0.012148848742620096
402.0,0.012099670377795673
403.0,0.012049370940046718
404.0,0.011981364664938158
405.0,0.011910663818538692
406.0,0.011835491890953826
407.0,0.011757061279215367
408.0,0.011679356769173657
409.0,0.011607441197969068
410.0,0.011538190589144818
411.0,0.011471081872342847
412.0,0.011405178006982169
413.0,0.011350649100061151
414.0,0.011308171640118263
415.0,0.011254573128316386
416.0,0.011195894550664484
417.0,0.01115071186837548
418.0,0.011108129073145737
419.0,0.011064335212735777
420.0,0.01101443665783389
421.0,0.01096870894907929
422.0,0.010932618502715681
423.0,0.010886867567031222
424.0,0.010840659424064609
425.0,0.010814044889178937
426.0,0.010782392654102572
427.0,0.01073980978340172
428.0,0.010704427183846201
429.0,0.010664166232478093
430.0,0.010610447290446525
431.0,0.010560179950152182
432.0,0.010510175011182557
433.0,0.01046074736749929
434.0,0.010420163167637395
435.0,0.010389875025606626
436.0,0.010360529545243425
437.0,0.010334874820187872
438.0,0.010317003274744694
439.0,0.010307961579120955
440.0,0.010309251304725523
441.0,0.01031476239939485
442.0,0.010327992654819627
443.0,0.010349456322160425
444.0,0.010380364102932912
445.0,0.01041890587487906
446.0,0.010459217059741404
447.0,0.010513418969794432
448.0,0.010574791336202729
449.0,0.010628845604186688
450.0,0.010678776293347878
451.0,0.010728723020902688
452.0,0.010782831342337689
453.0,0.010833617189641709
454.0,0.01087560911505681
455.0,0.010913705789513005
456.0,0.010946717464978896
457.0,0.010970095185742237
458.0,0.01099139031636403
459.0,0.011013427570384347
460.0,0.011031349919764991
461.0,0.011050699123062667
462.0,0.011076652410030769
463.0,0.011096281372085572
464.0,0.011113694161699031
465.0,0.011147217226363554
466.0,0.011183023914003914
467.0,0.011216928025135294
468.0,0.011248227539918245
469.0,0.011280291063245376
470.0,0.011317291876853614
471.0,0.011355072580789435
472.0,0.011392242134323884
473.0,0.011428339320659727
474.0,0.011468159087644864
475.0,0.011511119120790055
476.0,0.011552063780193019
477.0,0.011594075072779543
478.0,0.01163578024620716
479.0,0.01167630747689124
480.0,0.011716400069014702
481.0,0.011748111621956199
482.0,0.011780845187785185
483.0,0.01182548130716067
484.0,0.011867480694408093
485.0,0.011903935368004097
486.0,0.011934068975225006
487.0,0.011966961571234367
488.0,0.012003758748978044
489.0,0.012043073956295535
490.0,0.01208373681752975
491.0,0.012130060481423236
492.0,0.012186171673072324
493.0,0.012255095437421901
494.0,0.012334161791547135
495.0,0.012422485969831434
496.0,0.012524600353862755
497.0,0.012642927792302344
498.0,0.0127736161851888
499.0,0.01291848528937494
500.0,0.013079237124798967
501.0,0.013254247652338338
502.0,0.01344071355326904
503.0,0.013642048312367708
504.0,0.013852730327686334
505.0,0.014078956514613175
506.0,0.014322517959439443
507.0,0.014578067490613916
508.0,0.014843082997622475
509.0,0.015117935969053309
510.0,0.015404274576430376
511.0,0.01570168340795581
512.0,0.016010963366671103
513.0,0.016326654446937833
514.0,0.016651444878143396
515.0,0.01699394150934675
516.0,0.01735060004660429
517.0,0.017712485081322577
518.0,0.018070251854427337
519.0,0.01842100797453506
520.0,0.01876020244051921
521.0,0.01909848266683649
522.0,0.01943993706395029
523.0,0.019770428575132247
524.0,0.020100232376581546
525.0,0.020432766296227423
526.0,0.02076717729971725
527.0,0.021098525787318207
528.0,0.021413871749970066
529.0,0.021720016712401986
530.0,0.02201907149343365
531.0,0.022310656529765348
532.0,0.022602183208718492
533.0,0.02289475408530353
534.0,0.023173256052478594
535.0,0.023435777532488145
536.0,0.023693931238765772
537.0,0.023945916134050112
538.0,0.02419273245093692
539.0,0.02443657142069865
540.0,0.024674604690261923
541.0,0.024902759840484196
542.0,0.02511693109259655
543.0,0.025315806452718914
544.0,0.025506397601939658
545.0,0.025688802152272434
546.0,0.02586331320985919
547.0,0.026023909370159404
548.0,0.026170579355857742
549.0,0.026303064515544112
550.0,0.026428011270935286
551.0,0.0265498453408348
552.0,0.026665421011744673
553.0,0.026773382375682876
554.0,0.026868256876016988
555.0,0.026950097149009682
556.0,0.027018065686470007
557.0,0.027070871794776342
558.0,0.02710525728683258
559.0,0.02712057651523499
560.0,0.027123918365955523
561.0,0.027118641707637715
562.0,0.027106928263498187
563.0,0.027083146187624717
564.0,0.027047862334539274
565.0,0.027009116441581427
566.0,0.026961765665698707
567.0,0.02690470670642321
568.0,0.02684145270231005
569.0,0.02677231663038935
570.0,0.026695564887471063
571.0,0.026615393137737642
572.0,0.02653838473874815
573.0,0.026464073733606718
574.0,0.02638655873440977
575.0,0.026302210702848335
576.0,0.026211541914424225
577.0,0.02611471740510201
578.0,0.026009430584695924
579.0,0.025897090406773793
580.0,0.025776990705667822
581.0,0.025643226515941746
582.0,0.025502213977407706
583.0,0.025361264647251035
584.0,0.025214313685293616
585.0,0.025060605005880043
586.0,0.02490246681797828
587.0,0.024735759042738767
588.0,0.024559161943452517
589.0,0.02438456476038115
590.0,0.02421437855887394
591.0,0.02404553996082107
592.0,0.02387738395241995
593.0,0.02369659193353534
594.0,0.023488191107881067
595.0,0.023249232026974643
596.0,0.02297609574736724
597.0,0.022667221052143565
598.0,0.022328531522064772
599.0,0.02197426700513561
600.0,0.021628668384390714
601.0,0.02131814810346748
602.0,0.021047451565855385
603.0,0.020817832231421626
604.0,0.02063219036184045
605.0,0.02046787497690586
606.0,0.020312016288584183
607.0,0.02015867009760717
608.0,0.020003438839309967
609.0,0.01984296038816826
610.0,0.01968335328140987
611.0,0.019524206768186232
612.0,0.019354573584149964
613.0,0.019187308148734844
614.0,0.01902695736460568
615.0,0.01887233213185199
616.0,0.018723332639520095
617.0,0.018581201755525606
618.0,0.018448192623203147
619.0,0.018326024588046434
620.0,0.01822061111691437
621.0,0.018129011899705123
622.0,0.01805241859799438
623.0,0.017984505306190345
624.0,0.01792056595117741
625.0,0.017862167922055493
626.0,0.017806108624744955
627.0,0.017752624613312264
628.0,0.0177081592516348
629.0,0.01767318104354131
630.0,0.01764729145047911
631.0,0.01763039823677425
632.0,0.017620870069950785
633.0,0.01761984748477631
634.0,0.01762609753869157
635.0,0.017637763396169976
636.0,0.017647890399106143
637.0,0.017658200467868042
638.0,0.017675014127262793
639.0,0.017694150113347084
640.0,0.01770635756556386
641.0,0.017700838181771077
642.0,0.01768222956501882
643.0,0.017657996190031857
644.0,0.017619580827154924
645.0,0.017567949721065793
646.0,0.01750732114505234
647.0,0.01743117711820202
648.0,0.017333633049042958
649.0,0.017225600833611906
650.0,0.017094104952572933
651.0,0.016919967619693596
652.0,0.01671439290064633
653.0,0.016482137306233203
654.0,0.016229482552195244
655.0,0.01589743138194793
656.0,0.015464434146232914
657.0,0.014963978162547912
658.0,0.014461195677213639
659.0,0.013980118624331189
660.0,0.013517164617332194
661.0,0.013076147731444904
662.0,0.012658976909620308
663.0,0.012270774472549293
664.0,0.011923749323116628
665.0,0.011617275158615437
666.0,0.01135185573374883
667.0,0.011131155623048786
668.0,0.010958583819453097
669.0,0.01083422499143759
670.0,0.010755798215083372
671.0,0.010717323256585143
672.0,0.01070110242213295
673.0,0.010722602944412601
674.0,0.010778696593895642
675.0,0.010843370227251287
676.0,0.010932827503065085
677.0,0.011052238191615531
678.0,0.011201115531946543
679.0,0.011382668655872017
680.0,0.01159290058930392
681.0,0.011840421939165078
682.0,0.012131438928255727
683.0,0.012471135529725244
684.0,0.012878621453836244
685.0,0.013412256167280982
686.0,0.014040924892943363
687.0,0.014695683286714648
688.0,0.015177242372359312
689.0,0.01559129338607006
690.0,0.016049703697695216
691.0,0.016543644138158613
692.0,0.017068322577755746
693.0,0.017608249988803157
694.0,0.01812314453454083
695.0,0.01858440707486731
696.0,0.018998046780724427
697.0,0.019356172691959588
698.0,0.01965212643573942
699.0,0.01988332041416276
700.0,0.020038367881097217
701.0,0.020101462891817985
702.0,0.02007383093447577
703.0,0.019962047788539036
704.0,0.019782678910992234
705.0,0.019545013769902725
706.0,0.019255058613015786
707.0,0.01890625531699238
708.0,0.01849799485281332
709.0,0.018032576968410235
710.0,0.017524212323167726
711.0,0.016982229095813723
712.0,0.016404317584262747
713.0,0.015813267840797125
714.0,0.015231431111336086
715.0,0.014661875035332523
716.0,0.014088453152439295
717.0,0.013524606521928093
718.0,0.012948230781847763
719.0,0.01237163813446158
720.0,0.011822651015963569
721.0,0.011323225023539876
722.0,0.01086490228455838
723.0,0.010413510166241393
724.0,0.009957927720063264
725.0,0.009500275637731193
726.0,0.009052556308966226
727.0,0.008609794929966833
728.0,0.00815342818391936
729.0,0.0076882532523766724
730.0,0.007240126387674012
731.0,0.0068331468324572195
732.0,0.006480874339096064
733.0,0.006185274866968975
734.0,0.00593609299220399
735.0,0.005727728187950619
736.0,0.005559057446859023
737.0,0.005431300702578188
738.0,0.005339689299060249
739.0,0.005271101078688245
740.0,0.005216153910712092
741.0,0.005166090276222054
742.0,0.005123065146442484
743.0,0.005096358971652818
744.0,0.005072583854527997
745.0,0.005048670778370281
746.0,0.005022584478046503
747.0,0.004998328541700385
748.0,0.004980546512878379
749.0,0.004962654208429592
750.0,0.004943472176404846
751.0,0.004919788060309843
752.0,0.004897716282209733
753.0,0.004876459840721962
754.0,0.004858852806413258
755.0,0.004843859436441842
756.0,0.00483810747827536
757.0,0.004846488500450722
758.0,0.004869329462973453
759.0,0.004909937569512718
760.0,0.004944041067580977
761.0,0.0049323513425769275
762.0,0.004875425724175442
763.0,0.004809077278165815
764.0,0.004767053043853821
765.0,0.004737965220748906
766.0,0.004718163078820381
767.0,0.004713313011104654
768.0,0.0047121720321752
769.0,0.004710837320111696
770.0,0.004714072013800206
771.0,0.004721076574223531
772.0,0.004726777177526466
773.0,0.004736385672565791
774.0,0.004750117175276286
775.0,0.0047616276807524605
776.0,0.004774842047576637
777.0,0.0047878562085221545
778.0,0.004802623901308879
779.0,0.00482191382339626
780.0,0.004848548219093012
781.0,0.004875867019671703
782.0,0.004905365660862751
783.0,0.004934477436443986
784.0,0.004966032417806396
785.0,0.005002001870583625
786.0,0.005035164695494878
787.0,0.00506353003698911
788.0,0.005099171386516747
789.0,0.005139293868746562
790.0,0.005182419463283986
791.0,0.005223294920167885
792.0,0.005265220658839569
793.0,0.005311459961629635
794.0,0.00535165510403386
795.0,0.005387191215672776
796.0,0.005425169321633045
797.0,0.005466890243033673
798.0,0.005506318808600296
799.0,0.005538663993443747
800.0,0.005564137544549582
801.0,0.005592689376757993
802.0,0.005618213414647975
803.0,0.005641533269677213
804.0,0.005655711435958563
805.0,0.005660113734751349
806.0,0.005662559902771831
807.0,0.005658923769393066
808.0,0.005647471458509721
809.0,0.005618669234396903
810.0,0.005583109802290973
811.0,0.005545284475406111
812.0,0.0054991201950079505
813.0,0.005447813365791009
814.0,0.005389414148953742
815.0,0.005324110833203058
816.0,0.0052577256748087145
817.0,0.005181645966138544
818.0,0.005105443853633906
819.0,0.005021692162178947
820.0,0.004918375686918263
821.0,0.0048100028390305185
822.0,0.00469946633418188
823.0,0.004557264659008841
824.0,0.004391647035817639
825.0,0.0042346694670010844
826.0,0.004072730416340601
827.0,0.003908349310870257
828.0,0.003742668581708008
829.0,0.003581045148540319
830.0,0.0034315576305417733
831.0,0.00329336301790064
832.0,0.003178075013480758
833.0,0.003107178255270424
834.0,0.003044012961067534
835.0,0.002982577392122703
836.0,0.0029430782735482613
837.0,0.00290781767723391
838.0,0.002873646775419108
839.0,0.0028414238701062935
840.0,0.0028117822926625536
841.0,0.0027847276859380766
842.0,0.002761720609264456
843.0,0.002746382693274092
844.0,0.002722278017434761
845.0,0.002691036067473979
846.0,0.0026717455248768257
847.0,0.0026464547461810366
848.0,0.0026200242749846573
849.0,0.002611453457780405
850.0,0.002592626578446159
851.0,0.00256008620927346
852.0,0.0025377491278636703
853.0,0.0025209613735094026
854.0,0.002510050657955852
855.0,0.00248700088075642
856.0,0.0024629679802497762
857.0,0.0024523794324150874
858.0,0.0024366480094482083
859.0,0.0024113002624573587
860.0,0.002391977981563853
861.0,0.0023773758357082723
862.0,0.002369425564787969
863.0,0.0023601615691231843
864.0,0.0023464977754376216
865.0,0.002338317383433345
866.0,0.002321739046905259
867.0,0.0022903480761212285
868.0,0.00227267136577517
869.0,0.002257812392984577
870.0,0.0022256329749626926
871.0,0.002197393004550955
872.0,0.002172251481238497
873.0,0.0021568030813287386
874.0,0.002135591379949758
875.0,0.002107858040952519
876.0,0.0020866669392455286
877.0,0.002057636040345267
878.0,0.0020201092231758437
879.0,0.002014857147359626
880.0,0.002019698576516242
881.0,0.001993930258365782
882.0,0.001972473072735398
883.0,0.0019505493203517562
884.0,0.0019138073388108728
885.0,0.0018809917214587936
886.0,0.001855762477478978
887.0,0.0018502429034973633
888.0,0.001846193472644567
889.0,0.001804895857802985
890.0,0.0017742144372567652
891.0,0.0017507355030951456
892.0,0.0017292711430396829
893.0,0.001708892781231968
894.0,0.0016871071168835562
895.0,0.0016554136447847136
896.0,0.001631308608816804
897.0,0.0016378723059478624
898.0,0.0016268225116746666
899.0,0.0016060461253442058
