/begin_header
/west_longitude=UNKNOWN
/south_latitude=NA
/north_latitude=UNKNOWN
/calibration_files=NA
/cruise=NA
/station=NA
/documents=NA
/data_type=NA
/affiliations=NOAA
/experiment=NA
/units=nm,dl
/start_date=2019-08-01
/end_date=NA
/missing=9999
/start_time=10:49:20
/data_file_name=NA
/cloud_percent=NA
/water_depth=NA
/data_status=NA
/east_longitude=NA
/wind_speed=NA
/secchi=NA
/measurement_depth=NA
/fields=wavelength,rrs
/delimiter=comma
/contact=NA
/end_time=NA
/wave_height=NA
/investigators=NA
/end_header@
325.0,0.011774631591691193
326.0,0.011757106677009108
327.0,0.011738362315708012
328.0,0.011671657582898657
329.0,0.011633398609089522
330.0,0.01160379914617955
331.0,0.011502714289987429
332.0,0.011438096279321887
333.0,0.011412555616456377
334.0,0.011303614535983395
335.0,0.011226837590304722
336.0,0.011199669481402098
337.0,0.01115947280862081
338.0,0.011095428528423204
339.0,0.011020667807132503
340.0,0.010938192916481838
341.0,0.010841802179793502
342.0,0.010783851205549129
343.0,0.010733967210480543
344.0,0.01066819272415887
345.0,0.01059879718768251
346.0,0.010548821777112158
347.0,0.010505298253335186
348.0,0.010439630115302636
349.0,0.010367435719880271
350.0,0.010300453963159265
351.0,0.010237975492410742
352.0,0.01017927226516413
353.0,0.010146017963582223
354.0,0.010095758521298102
355.0,0.0100235314632517
356.0,0.009970888393795972
357.0,0.009919743095737552
358.0,0.009865142762759257
359.0,0.009812981812539086
360.0,0.009753305350185629
361.0,0.009688904447233736
362.0,0.009629205646679283
363.0,0.009574112833598367
364.0,0.009511927792322464
365.0,0.009462255894430624
366.0,0.009417096841493994
367.0,0.009365416218089631
368.0,0.00931388011993185
369.0,0.009279542331929281
370.0,0.00923098154611714
371.0,0.009164741938437101
372.0,0.009105885159073677
373.0,0.009054203775016324
374.0,0.009006163308032614
375.0,0.008946712083399607
376.0,0.008873707778037202
377.0,0.008812044017723633
378.0,0.008764991353979025
379.0,0.008727515458803698
380.0,0.008683885602871463
381.0,0.0086363383074252
382.0,0.008592048468159235
383.0,0.0085476119757419
384.0,0.008500713566559527
385.0,0.00845124574916648
386.0,0.008401897695816223
387.0,0.008354770710614651
388.0,0.008304312145783648
389.0,0.00825822671886523
390.0,0.008219416295084452
391.0,0.00818288819307128
392.0,0.008144973531410148
393.0,0.008110795017485515
394.0,0.008071595128059236
395.0,0.008028741300568253
396.0,0.007977819897635208
397.0,0.007925539202646697
398.0,0.007872686857353229
399.0,0.00782091760087392
400.0,0.007770537480919782
401.0,0.007728800413586907
402.0,0.007686729993328853
403.0,0.007611691499921869
404.0,0.007589031233288186
405.0,0.007568140904932419
406.0,0.007545899136992452
407.0,0.007512638921299754
408.0,0.007476824636654719
409.0,0.00744851189623807
410.0,0.007418849916558316
411.0,0.007389768436758974
412.0,0.007368358246941287
413.0,0.007345110016930505
414.0,0.007316346430713566
415.0,0.007293929754502916
416.0,0.0072767680632808114
417.0,0.007257356982206453
418.0,0.007239338767650043
419.0,0.00722361327575007
420.0,0.007210208245654393
421.0,0.007198951476317386
422.0,0.007186435346354124
423.0,0.007174528895745937
424.0,0.007162004585188569
425.0,0.007147713656796148
426.0,0.007136973671336783
427.0,0.007127623536487259
428.0,0.007116601031624927
429.0,0.007102055754484396
430.0,0.007083724078482531
431.0,0.00706613822228207
432.0,0.007049669219301708
433.0,0.007028611166932266
434.0,0.007010433421870961
435.0,0.006997702483808292
436.0,0.0069850797416710604
437.0,0.006977871752712006
438.0,0.0069774943349102045
439.0,0.006980081560937842
440.0,0.006986999665769951
441.0,0.006997432300265451
442.0,0.007013675825628835
443.0,0.0070353381107692734
444.0,0.007060641758584908
445.0,0.007092906100494419
446.0,0.0071344720699486235
447.0,0.007175968732532199
448.0,0.0072159529364456965
449.0,0.007259440814395389
450.0,0.007304137655909903
451.0,0.0073487875298760925
452.0,0.007392486888912543
453.0,0.007435145996191897
454.0,0.0074764155817414095
455.0,0.007513161209791164
456.0,0.0075440916031603075
457.0,0.007572310645536091
458.0,0.00759731819304077
459.0,0.007620738789676047
460.0,0.007645340040555476
461.0,0.0076671967859413045
462.0,0.007681911312731426
463.0,0.007699630611290739
464.0,0.007721845109970845
465.0,0.007743823759819385
466.0,0.007766288377063908
467.0,0.007790028240038163
468.0,0.007816672351758609
469.0,0.007842993065105126
470.0,0.007867261026363058
471.0,0.007892726812769252
472.0,0.007918863208960786
473.0,0.007941620733192857
474.0,0.007965975883410316
475.0,0.007993412299749415
476.0,0.008017433172015363
477.0,0.008040720399131954
478.0,0.008065987736909513
479.0,0.008091755988881672
480.0,0.008118426080965895
481.0,0.008141808103577328
482.0,0.008165578405789294
483.0,0.00819340709424557
484.0,0.008223349631369978
485.0,0.008253959228548305
486.0,0.0082856116149231
487.0,0.008320932226135044
488.0,0.008357315596238073
489.0,0.008388590708551004
490.0,0.008421073598534418
491.0,0.008461605746547498
492.0,0.008505799174276253
493.0,0.00855362104197825
494.0,0.00860555130556657
495.0,0.00866407674920407
496.0,0.008729093004977187
497.0,0.008799711370692197
498.0,0.008877245610971465
499.0,0.00896252302051331
500.0,0.009055274820663047
501.0,0.009154569514638788
502.0,0.009261331460251949
503.0,0.009374215809573013
504.0,0.00948911339163345
505.0,0.009611353634829286
506.0,0.009739688326188597
507.0,0.009874168499240495
508.0,0.010014518239013554
509.0,0.01015998598745277
510.0,0.010305815786037604
511.0,0.010454084043223937
512.0,0.010610872826219694
513.0,0.010770109398789683
514.0,0.0109340811876902
515.0,0.011106934968226592
516.0,0.011286619677558642
517.0,0.01147373726579465
518.0,0.011665186045671535
519.0,0.011854509188991743
520.0,0.012037637673492911
521.0,0.012217312161332403
522.0,0.012396744189450757
523.0,0.012579429605275078
524.0,0.012766258985701903
525.0,0.012955540791206846
526.0,0.013147366239929079
527.0,0.013340389314812757
528.0,0.013529400052507143
529.0,0.013711067282400277
530.0,0.013885383540108116
531.0,0.014060272158847106
532.0,0.014237220351705517
533.0,0.014414479149169813
534.0,0.014590243112368262
535.0,0.01476027131918638
536.0,0.014921649547472705
537.0,0.01508064553074526
538.0,0.015238240954431149
539.0,0.015393659584730116
540.0,0.015548661073065295
541.0,0.015700842048083308
542.0,0.015846014527380624
543.0,0.01598207969932709
544.0,0.016114112259392473
545.0,0.016241296546571964
546.0,0.01636039841285026
547.0,0.016475532644594375
548.0,0.016586934774734993
549.0,0.01669186917973689
550.0,0.016792677186523226
551.0,0.016889080659766485
552.0,0.016978545880490952
553.0,0.017062411798711232
554.0,0.017142672981897738
555.0,0.017211660952556114
556.0,0.017270482900786498
557.0,0.01732701895619251
558.0,0.01737367008620957
559.0,0.01740630704441566
560.0,0.01743339289747596
561.0,0.017450883469037497
562.0,0.01745365539038151
563.0,0.01744910874243983
564.0,0.01743873256320427
565.0,0.017419943362915503
566.0,0.01739367069049887
567.0,0.017357823057214276
568.0,0.01731206097754303
569.0,0.017259162216933615
570.0,0.017206421806952386
571.0,0.017148349723198706
572.0,0.01708550612002933
573.0,0.0170150038615488
574.0,0.01693955304376223
575.0,0.016860210925467623
576.0,0.016779060406911142
577.0,0.016696233558946512
578.0,0.016609484801920957
579.0,0.01651760917042229
580.0,0.016421734676208295
581.0,0.01631873758342074
582.0,0.016212457271293522
583.0,0.016105239746011153
584.0,0.015992885648108385
585.0,0.01587670798603999
586.0,0.015762605895074742
587.0,0.015646660041869074
588.0,0.015524720485787024
589.0,0.015407611462332679
590.0,0.015294331642608261
591.0,0.015174481575878612
592.0,0.01505613177027632
593.0,0.0149357580182515
594.0,0.01480597043233832
595.0,0.014664559731669968
596.0,0.014512185414691816
597.0,0.014339493434092451
598.0,0.014147145011020334
599.0,0.013949508474034662
600.0,0.01375689627387705
601.0,0.01357858813091863
602.0,0.013418334783439975
603.0,0.01327869954807294
604.0,0.01315496272461438
605.0,0.013043928635884546
606.0,0.012941035719798535
607.0,0.012838316950567325
608.0,0.012736095694928931
609.0,0.01263444022121937
610.0,0.01253043918622651
611.0,0.012424757948198528
612.0,0.01232278261321539
613.0,0.012222498148654854
614.0,0.012122616524843918
615.0,0.012027997018454478
616.0,0.011938757050434805
617.0,0.011855265745521204
618.0,0.011779344218970016
619.0,0.011709414889054907
620.0,0.011643209106440093
621.0,0.011585804413652177
622.0,0.011539028235027775
623.0,0.011498633290738813
624.0,0.011464550666107468
625.0,0.011434535489940166
626.0,0.011408116190183556
627.0,0.011382327470651092
628.0,0.011362227455935622
629.0,0.011347610410546867
630.0,0.011340506255292742
631.0,0.011338685247499763
632.0,0.01134080249661246
633.0,0.011343946992320827
634.0,0.011352589445674799
635.0,0.011368064904087604
636.0,0.01138673566185805
637.0,0.011409962851845153
638.0,0.011438341441479098
639.0,0.011469563758083032
640.0,0.011501202854420103
641.0,0.011529809351758454
642.0,0.011555007262282759
643.0,0.011572862307588333
644.0,0.01158480341647329
645.0,0.011591713118536972
646.0,0.01159590130941749
647.0,0.01159267631723011
648.0,0.011580662003317267
649.0,0.011558789849688675
650.0,0.011522994745192508
651.0,0.011469299396602291
652.0,0.011392935689266939
653.0,0.011296643185307953
654.0,0.011189505776794768
655.0,0.011053498750151044
656.0,0.010877768021440342
657.0,0.010641842656172767
658.0,0.010381259625292856
659.0,0.01012582274316555
660.0,0.009871117964212096
661.0,0.009620161705374587
662.0,0.009384613588590303
663.0,0.009160508957633632
664.0,0.00894417336012509
665.0,0.008747068097750808
666.0,0.008571502871207344
667.0,0.008418750923630425
668.0,0.008289790753131517
669.0,0.008184903310573248
670.0,0.00810619182334783
671.0,0.008052958310182238
672.0,0.00801884862923921
673.0,0.008002960708950558
674.0,0.008003193178047808
675.0,0.008015929273375081
676.0,0.008041539410183462
677.0,0.00807806758510107
678.0,0.008135279339048371
679.0,0.008213904658328403
680.0,0.008311387927111728
681.0,0.008434624478295159
682.0,0.008584529490718076
683.0,0.008768557675296726
684.0,0.008990384582549598
685.0,0.009264097924650765
686.0,0.009611293734028543
687.0,0.010023148460982869
688.0,0.010364155493769445
689.0,0.010661613923612114
690.0,0.01096697163302312
691.0,0.011284576997198172
692.0,0.011618191395350568
693.0,0.011963951699131076
694.0,0.012309299703902241
695.0,0.012635600276758086
696.0,0.012920290626435729
697.0,0.01316528118480013
698.0,0.01337765504017686
699.0,0.013548766514932226
700.0,0.01367415535026285
701.0,0.013755531019992656
702.0,0.013787107376927085
703.0,0.013764416450146658
704.0,0.013695262534881295
705.0,0.01358860185373396
706.0,0.01344953296951917
707.0,0.013275813448714624
708.0,0.01306760085890763
709.0,0.012826127621023531
710.0,0.012553114864553652
711.0,0.012252060041258136
712.0,0.01192943443382417
713.0,0.011591333573960813
714.0,0.011243415393320143
715.0,0.010902208578003116
716.0,0.01056504018770528
717.0,0.01024168241343975
718.0,0.009910783422995345
719.0,0.00957626487557486
720.0,0.009240023820351802
721.0,0.008927602256315673
722.0,0.008640448799632114
723.0,0.008365297529609402
724.0,0.008090218894092855
725.0,0.0078081168546205795
726.0,0.007528082383168525
727.0,0.007245176213429223
728.0,0.006954977871941935
729.0,0.006660617139797665
730.0,0.006376372748354242
731.0,0.006110417496880024
732.0,0.0058723852021362495
733.0,0.00566882147763942
734.0,0.00549661739337814
735.0,0.0053575124864533984
736.0,0.005245198210311626
737.0,0.005157385440105915
738.0,0.005090692078036237
739.0,0.0050415458634490585
740.0,0.005004763263293613
741.0,0.004975873477574257
742.0,0.004952140849923087
743.0,0.004933765973720472
744.0,0.0049177988118134985
745.0,0.004903424706343448
746.0,0.004890122958964682
747.0,0.004877361122483075
748.0,0.004865509440188292
749.0,0.004854843506809983
750.0,0.004845693689019875
751.0,0.0048350385918556026
752.0,0.00482403779386088
753.0,0.004814057990792402
754.0,0.0048021490562481835
755.0,0.004789031906849842
756.0,0.004778686003599878
757.0,0.004773301459409315
758.0,0.004775878360382875
759.0,0.004802937968837535
760.0,0.004844703537664146
761.0,0.004863796698962161
762.0,0.00484504487869859
763.0,0.004803556798020198
764.0,0.004777584934445228
765.0,0.004760251912673477
766.0,0.004750191628217112
767.0,0.004743171118176776
768.0,0.004737883333487464
769.0,0.004737462350712781
770.0,0.004739697210230094
771.0,0.004745013401522742
772.0,0.004750689459685829
773.0,0.004760341569588498
774.0,0.004770781573270476
775.0,0.004780510228319351
776.0,0.00479237362857073
777.0,0.004806549428568001
778.0,0.0048228531001422385
779.0,0.00483956459551019
780.0,0.0048535518309599495
781.0,0.004870715977489599
782.0,0.004892937719801756
783.0,0.004913597749707026
784.0,0.004932814700167274
785.0,0.004952986439267998
786.0,0.004974805501087332
787.0,0.004999983796172157
788.0,0.005029014874372554
789.0,0.005057339218698756
790.0,0.005082033291496673
791.0,0.005109872709286153
792.0,0.00514232237206306
793.0,0.005170960639994575
794.0,0.005202092483824884
795.0,0.005234067474751946
796.0,0.005262519278933743
797.0,0.005290546631837696
798.0,0.005315840829995337
799.0,0.005340036074033815
800.0,0.0053626522382610176
801.0,0.005387712600686547
802.0,0.0054091705982243655
803.0,0.005424156533153318
804.0,0.005439021607530607
805.0,0.005448436412393511
806.0,0.0054502540274084755
807.0,0.005445496118790963
808.0,0.005435338782091443
809.0,0.005422200636834434
810.0,0.005402451138708536
811.0,0.005377441672417767
812.0,0.005350345396962807
813.0,0.00531822737284717
814.0,0.005282943217707884
815.0,0.005247068232276616
816.0,0.0052094996444946255
817.0,0.005159223297930398
818.0,0.005106001197281733
819.0,0.00505412489515574
820.0,0.004992668112933141
821.0,0.004921372207087344
822.0,0.004835215542457532
823.0,0.004739190310763551
824.0,0.0046361204316246185
825.0,0.004527143040568305
826.0,0.00441901468063092
827.0,0.004310443518947189
828.0,0.004198563976566528
829.0,0.004090315781077039
830.0,0.003988030632088083
831.0,0.003897716533610189
832.0,0.0038210854209196343
833.0,0.003759971248265074
834.0,0.003710066595389516
835.0,0.0036696715443471015
836.0,0.003632617516603775
837.0,0.0036005673860729044
838.0,0.0035765240421103462
839.0,0.0035553077137576855
840.0,0.0035362197604756006
841.0,0.0035220473609596905
842.0,0.0035033342185609973
843.0,0.00348215608492449
844.0,0.003471151978218511
845.0,0.0034612834846589934
846.0,0.0034448754795999978
847.0,0.0034294536256364453
848.0,0.003415944404074442
849.0,0.003400971426702582
850.0,0.003385814508722597
851.0,0.003372524238714913
852.0,0.0033627175189926903
853.0,0.0033515613775330208
854.0,0.003341633291884978
855.0,0.003324134944787469
856.0,0.0033043710184601388
857.0,0.003298368429837095
858.0,0.0032927979681759644
859.0,0.0032820747383152924
860.0,0.003266899155127876
861.0,0.0032511117146562588
862.0,0.0032440142021431598
863.0,0.00323731482168487
864.0,0.0032254706565101182
865.0,0.0032110721609782296
866.0,0.0032023371141661656
867.0,0.003194074601907072
868.0,0.003178531822266768
869.0,0.0031597037582741113
870.0,0.003138013132869752
871.0,0.0031250396663202616
872.0,0.0031201883241492776
873.0,0.003107662798179879
874.0,0.003092862291210017
875.0,0.0030766584993437234
876.0,0.0030669303585153878
877.0,0.0030499118218430188
878.0,0.0030264388585312884
879.0,0.003004089049099262
880.0,0.0029919415813792873
881.0,0.002988310648195794
882.0,0.0029744178856851164
883.0,0.002951906752448244
884.0,0.0029438372165805065
885.0,0.0029272280959706546
886.0,0.0028971872506612763
887.0,0.002887501599662456
888.0,0.0028814026535531347
889.0,0.0028667985680294874
890.0,0.0028545041747871725
891.0,0.002841725130220214
892.0,0.0028266592801639966
893.0,0.002812102892084772
894.0,0.00280400310120012
895.0,0.0027917596162626364
896.0,0.002775705234099218
897.0,0.0027551456256492694
898.0,0.002745056866213854
899.0,0.0027422163108421216
