/begin_header
/west_longitude=UNKNOWN
/south_latitude=NA
/north_latitude=UNKNOWN
/calibration_files=NA
/cruise=NA
/station=NA
/documents=NA
/data_type=NA
/affiliations=NOAA
/experiment=NA
/units=nm,dl
/start_date=2019-10-08
/end_date=NA
/missing=9999
/start_time=11:26:24
/data_file_name=NA
/cloud_percent=NA
/water_depth=NA
/data_status=NA
/east_longitude=NA
/wind_speed=NA
/secchi=NA
/measurement_depth=NA
/fields=wavelength,rrs
/delimiter=comma
/contact=NA
/end_time=NA
/wave_height=NA
/investigators=NA
/end_header@
325.0,0.0003385567211224916
326.0,0.00035382130111945233
327.0,0.0003568191670836607
328.0,0.00033563335056887894
329.0,0.00031683890090549084
330.0,0.00030970338133018145
331.0,0.0003255546619974651
332.0,0.000319412336491808
333.0,0.000320282927937379
334.0,0.00034519994256712567
335.0,0.0003430314867548396
336.0,0.0003248024278684607
337.0,0.0003628337886181729
338.0,0.0004099118408153915
339.0,0.0004153116527293526
340.0,0.0004130158817513089
341.0,0.00042764911749016576
342.0,0.000473094817162527
343.0,0.00048356811633132747
344.0,0.0004889223391350047
345.0,0.0005167853643171487
346.0,0.0005608056752691569
347.0,0.0005909125374852597
348.0,0.000589987423457849
349.0,0.0005934910965640886
350.0,0.0006301685009122095
351.0,0.0006729808674108925
352.0,0.0007073498667348139
353.0,0.0007212920792778953
354.0,0.0007513236772482487
355.0,0.0007894325670897217
356.0,0.0008597941459458165
357.0,0.0009095685503729658
358.0,0.00088246708638641
359.0,0.0009420804665943059
360.0,0.001041635645024089
361.0,0.001071167562455139
362.0,0.0010871681888903104
363.0,0.0011151663516207895
364.0,0.0011462025517016213
365.0,0.0011685609169508884
366.0,0.0011758748433361305
367.0,0.0012284531640420308
368.0,0.0012962236162720115
369.0,0.0013063266889172544
370.0,0.0013360229834739642
371.0,0.001394283425036111
372.0,0.0014174941118756813
373.0,0.0014433210177860166
374.0,0.0014796081165905348
375.0,0.0014987057079685977
376.0,0.001524703437867161
377.0,0.0015583904941036174
378.0,0.0015951352431892753
379.0,0.0016208683725247638
380.0,0.0016567326239579152
381.0,0.001728864050567515
382.0,0.0018186842985165603
383.0,0.0018573877349953405
384.0,0.0018631965157023724
385.0,0.001914313756625838
386.0,0.0019553078375757604
387.0,0.001983761500900011
388.0,0.002033828342884036
389.0,0.0020928349032401034
390.0,0.0021369566517916673
391.0,0.0021961587999686986
392.0,0.0022427035663420496
393.0,0.0022355668464133405
394.0,0.002278855391585029
395.0,0.002354372223600365
396.0,0.0023482667418508567
397.0,0.002351181072486786
398.0,0.0023672110885375876
399.0,0.002373888437873632
400.0,0.0023811526149788275
401.0,0.0023976706305131644
402.0,0.0024090913345121085
403.0,0.0024175995731464013
404.0,0.0024265514181501455
405.0,0.002444237181975514
406.0,0.002454675857627478
407.0,0.002472013065694956
408.0,0.002491560204869005
409.0,0.002508911012114143
410.0,0.0025234628939863587
411.0,0.0025378709500036506
412.0,0.002561233499831761
413.0,0.002594213912814783
414.0,0.002620720704094183
415.0,0.0026318205104584
416.0,0.0026544864430762274
417.0,0.0026997536634210243
418.0,0.0027425193533420723
419.0,0.0027771784316883395
420.0,0.002809024648485626
421.0,0.002848427288603082
422.0,0.0028887616291039257
423.0,0.0029366566219765633
424.0,0.0029836752015038764
425.0,0.003005526474656209
426.0,0.003043848534223732
427.0,0.003099297833804042
428.0,0.0031266343599117784
429.0,0.0031567877925198122
430.0,0.0032124136996747655
431.0,0.003243699425713547
432.0,0.0032658800749733726
433.0,0.0033061779511427206
434.0,0.003339924085228313
435.0,0.003367117035211903
436.0,0.003401303082829795
437.0,0.0034422083722791853
438.0,0.0034983259404219856
439.0,0.003564006916619569
440.0,0.003634700770768264
441.0,0.0037048444034278273
442.0,0.0037851897443837773
443.0,0.0038734406220143
444.0,0.003966289283114416
445.0,0.004066847357398295
446.0,0.004183377247883406
447.0,0.004298391070906922
448.0,0.004408548245059124
449.0,0.0045240985204825735
450.0,0.0046357867819376685
451.0,0.004744312310248837
452.0,0.0048587209214981525
453.0,0.004971026738445813
454.0,0.005067740763241791
455.0,0.005163777529824736
456.0,0.005257604749260256
457.0,0.005331101678336275
458.0,0.0054099602546367215
459.0,0.005498699607873711
460.0,0.005579372362628968
461.0,0.0056504258193294495
462.0,0.0057169217748198956
463.0,0.0057944500352044
464.0,0.005882229082535796
465.0,0.0059554953109194125
466.0,0.006033702504544625
467.0,0.006125172260829481
468.0,0.006225896009690657
469.0,0.006328799407394446
470.0,0.0064226636550388655
471.0,0.006521364733547702
472.0,0.006628754770291856
473.0,0.0067347139671715085
474.0,0.006832588412030849
475.0,0.006927740066660461
476.0,0.007028909341236227
477.0,0.00712997166841816
478.0,0.0072249541814864105
479.0,0.007310991792445387
480.0,0.007386066075262039
481.0,0.007462828070876064
482.0,0.007541497904033269
483.0,0.00761639048041466
484.0,0.0076887715656208154
485.0,0.007754247957700908
486.0,0.007804087233837589
487.0,0.007854401636360111
488.0,0.007916820151573824
489.0,0.00797478113112882
490.0,0.008024529284366238
491.0,0.00807432307114982
492.0,0.00813244265314918
493.0,0.008204844949306084
494.0,0.008292444055088262
495.0,0.008379500052746142
496.0,0.008466276136522016
497.0,0.008561480564384707
498.0,0.008666052279063708
499.0,0.00878533694816381
500.0,0.00892290485907068
501.0,0.009074767727749887
502.0,0.009231740934439634
503.0,0.009394617876983476
504.0,0.00955768353398305
505.0,0.00973018525669021
506.0,0.00991616477701064
507.0,0.010107268780179228
508.0,0.010302529677107791
509.0,0.010504884484564053
510.0,0.010715431944413507
511.0,0.010930447365789213
512.0,0.011144735623703387
513.0,0.011371877826136339
514.0,0.011611001594854784
515.0,0.011846890058220838
516.0,0.012096892745148472
517.0,0.012364358139331412
518.0,0.012624039674358562
519.0,0.01287314620653442
520.0,0.013110868111076628
521.0,0.013338911874241155
522.0,0.013563461632062684
523.0,0.013789824213612767
524.0,0.0140220185166109
525.0,0.014251339714443492
526.0,0.014483135506465914
527.0,0.014709275621143042
528.0,0.014918512293621001
529.0,0.01512214706450302
530.0,0.015322406526880633
531.0,0.015521257211309755
532.0,0.01571744392548807
533.0,0.015909694638834508
534.0,0.016100950939996084
535.0,0.016288487293502
536.0,0.016476053201103437
537.0,0.016656525104074674
538.0,0.016828415765870672
539.0,0.017011153248388863
540.0,0.01719760213228047
541.0,0.017375304446000314
542.0,0.01754919873769139
543.0,0.01772159329444301
544.0,0.017892560328528737
545.0,0.018066099098346056
546.0,0.018241760102022265
547.0,0.01840848992796052
548.0,0.018566999229843676
549.0,0.018734438068495347
550.0,0.018903255187427692
551.0,0.019073369248340813
552.0,0.019254449684118463
553.0,0.019436281931401716
554.0,0.019606200255109493
555.0,0.01977030311479504
556.0,0.019932467707512412
557.0,0.020093580536737692
558.0,0.020242863442949923
559.0,0.020377142188030346
560.0,0.020502214007190926
561.0,0.020614329931805255
562.0,0.020713359019603233
563.0,0.020804963190438314
564.0,0.020888480187169076
565.0,0.02095832592028664
566.0,0.021018549324912726
567.0,0.02107160686746512
568.0,0.02111239783254394
569.0,0.02114023720279773
570.0,0.02115658774060723
571.0,0.021164546716966583
572.0,0.02117132880760583
573.0,0.021171298859676283
574.0,0.021165658807362438
575.0,0.02115654454259471
576.0,0.021141103832928037
577.0,0.02111470117622159
578.0,0.02107051258475179
579.0,0.021015553473412326
580.0,0.02095293397965185
581.0,0.02087731154686435
582.0,0.02079422465867401
583.0,0.0207096896089404
584.0,0.02062140260844447
585.0,0.02052841038640437
586.0,0.020424480606771704
587.0,0.020322092811828125
588.0,0.020227197636640874
589.0,0.02011917848096647
590.0,0.019994795690771193
591.0,0.019858612921618016
592.0,0.01970656248036351
593.0,0.0195358976322412
594.0,0.019338760867818276
595.0,0.019105657319321727
596.0,0.01882320936651099
597.0,0.018490751094911686
598.0,0.018118133883753933
599.0,0.01773165728472321
600.0,0.017349377860597048
601.0,0.016989969225875475
602.0,0.01668081164577957
603.0,0.016420686814554934
604.0,0.016198248277021106
605.0,0.01599291643590058
606.0,0.015794647977308604
607.0,0.015610223704207121
608.0,0.015426287427680336
609.0,0.01522838039636995
610.0,0.01503688295774828
611.0,0.014857574471743545
612.0,0.01468048628758017
613.0,0.014508345287481444
614.0,0.014343070855033318
615.0,0.014184535178312913
616.0,0.014038209455769746
617.0,0.01390220498016509
618.0,0.013770173846619535
619.0,0.013649512674828165
620.0,0.013556717387680411
621.0,0.013481973582887014
622.0,0.013413259053233506
623.0,0.013348234324166656
624.0,0.013287753304538182
625.0,0.013229207762993966
626.0,0.01317603773592656
627.0,0.01313079155931533
628.0,0.01307983550389176
629.0,0.013027909568562968
630.0,0.012986837665170212
631.0,0.012946323345772389
632.0,0.012909653368546664
633.0,0.012883866501726318
634.0,0.012868245317416852
635.0,0.0128574349194801
636.0,0.012858054338153398
637.0,0.012868215256885493
638.0,0.012873080800531015
639.0,0.012882709388153408
640.0,0.012897326433546638
641.0,0.01289823047884201
642.0,0.012886551423905171
643.0,0.01286588186175305
644.0,0.01283440202152521
645.0,0.012793224732985248
646.0,0.012733721641330867
647.0,0.012644847318832694
648.0,0.01252032686024748
649.0,0.012375425089956541
650.0,0.01220221474913489
651.0,0.011991111788294352
652.0,0.011744681402006693
653.0,0.011469352813678113
654.0,0.011172742627089047
655.0,0.010830793015491755
656.0,0.010443132459068572
657.0,0.010012050174372842
658.0,0.009593640270871728
659.0,0.009226636590534382
660.0,0.008879839062182752
661.0,0.00855124996906239
662.0,0.008259004509666348
663.0,0.007999199080934842
664.0,0.0077723078397597695
665.0,0.007587184059631891
666.0,0.0074382518911069355
667.0,0.007308317335238313
668.0,0.007235491657299607
669.0,0.007227640830878965
670.0,0.0072406037897778126
671.0,0.007277511454848042
672.0,0.007355307631199001
673.0,0.00745887916412431
674.0,0.007581104308742727
675.0,0.007719437738413879
676.0,0.007868852803242187
677.0,0.008032055573086694
678.0,0.008209559269659843
679.0,0.008400496475602752
680.0,0.008609741426694299
681.0,0.00883702850908568
682.0,0.009080993948887972
683.0,0.009339514027229094
684.0,0.009650993058163438
685.0,0.010099294878313072
686.0,0.010637785935803855
687.0,0.011186425138145861
688.0,0.011482247374295259
689.0,0.011662722506402717
690.0,0.011861308178923015
691.0,0.01209374929636417
692.0,0.01236079199028552
693.0,0.012638366541337483
694.0,0.012904652479788729
695.0,0.013136378043796476
696.0,0.013310272252337363
697.0,0.013455878168169436
698.0,0.013592430060898789
699.0,0.013683176501311067
700.0,0.013720437815056672
701.0,0.01370656988222765
702.0,0.013645418483223332
703.0,0.01353232201604164
704.0,0.013386163589146308
705.0,0.013207376762535394
706.0,0.012993499704641883
707.0,0.012753152621771369
708.0,0.012484255604421372
709.0,0.012177391763618777
710.0,0.01184837592865056
711.0,0.011502508753391337
712.0,0.011128816941780063
713.0,0.010747894975286176
714.0,0.01037883988412953
715.0,0.010036555778952667
716.0,0.009714085914463976
717.0,0.009397091102858787
718.0,0.009043869336219961
719.0,0.008641819981488016
720.0,0.008239871466748368
721.0,0.007883652261736119
722.0,0.007579612004705609
723.0,0.007288222735873001
724.0,0.0069864594231706795
725.0,0.006672504851339023
726.0,0.006362183607036988
727.0,0.00605099582126469
728.0,0.0057237977150454795
729.0,0.005388171907831874
730.0,0.0050691202421328406
731.0,0.004762493510805775
732.0,0.004478360805228233
733.0,0.004252860088947175
734.0,0.004076332588075628
735.0,0.0039238113584036055
736.0,0.0037962542884585012
737.0,0.0036935418904300945
738.0,0.0036157012219949583
739.0,0.0035604261679388093
740.0,0.003528499664720898
741.0,0.0034843873431167722
742.0,0.003433739555368876
743.0,0.003411323068994686
744.0,0.003394184646765285
745.0,0.0033741029632135223
746.0,0.003358460196102437
747.0,0.003344391875923925
748.0,0.00331829626409378
749.0,0.0032960728199514532
750.0,0.0032823048506436443
751.0,0.0032681255659426
752.0,0.003248709009846214
753.0,0.0032245803471325565
754.0,0.0032013275064679326
755.0,0.0031810826476720245
756.0,0.0031799374349701153
757.0,0.003192079696260537
758.0,0.0032306576893563394
759.0,0.0033568452001789375
760.0,0.003510827550917183
761.0,0.0035056084698335765
762.0,0.0034576133812255242
763.0,0.0033935278474322
764.0,0.003313931192988999
765.0,0.0032322523737177075
766.0,0.003156664184017557
767.0,0.003106783949249848
768.0,0.003083262012159309
769.0,0.0030768478621148003
770.0,0.003058373575201019
771.0,0.0030412524682857365
772.0,0.003053512577259501
773.0,0.003059071311934815
774.0,0.0030563139387484706
775.0,0.0030763554505024147
776.0,0.0030950878340041312
777.0,0.0030894175811083044
778.0,0.003089162022462205
779.0,0.0031007500980618843
780.0,0.0031197936751300864
781.0,0.003142027868523572
782.0,0.0031579709480579455
783.0,0.003176293331703106
784.0,0.003199616333466302
785.0,0.0032338603743514416
786.0,0.0032600588408406043
787.0,0.0032777052780491346
788.0,0.0033094202140626513
789.0,0.003347246799691491
790.0,0.003376137230198725
791.0,0.003400217321646459
792.0,0.0034225500728063706
793.0,0.003450860743251464
794.0,0.003480262479892783
795.0,0.0035141929016172884
796.0,0.003538330695447212
797.0,0.0035645838633512894
798.0,0.003602607666060868
799.0,0.003622859012054163
800.0,0.003640416661045603
801.0,0.0036789145611404645
802.0,0.00369315762459178
803.0,0.003682877531926477
804.0,0.0037051104672740864
805.0,0.003730409494319062
806.0,0.00373205744915035
807.0,0.0037335278365020264
808.0,0.0037366786907876517
809.0,0.0037271069864147945
810.0,0.003716756121264285
811.0,0.0037133363182908358
812.0,0.0036993435647091405
813.0,0.003684643189526072
814.0,0.0036672007700877148
815.0,0.0036313761636598612
816.0,0.0035844820931921683
817.0,0.0035345084743116347
818.0,0.0034769350905645958
819.0,0.003417132332802801
820.0,0.003347933829589412
821.0,0.0032729926276120194
822.0,0.003184921343113726
823.0,0.003100677091676476
824.0,0.0030070004708342727
825.0,0.002885497063864643
826.0,0.002768826514553578
827.0,0.0026624574112803752
828.0,0.0025496337829113845
829.0,0.0024347705625384964
830.0,0.002322780953590225
831.0,0.0022464766070239973
832.0,0.002186644111479472
833.0,0.002116776412057487
834.0,0.0020563483776819486
835.0,0.002014704430670215
836.0,0.0019972326118786366
837.0,0.0019700918843803586
838.0,0.0019139276119450863
839.0,0.0018789647824983807
840.0,0.001863811776449523
841.0,0.0018625673435036904
842.0,0.0018459394345051775
843.0,0.0018103621512313012
844.0,0.0018087794125074288
845.0,0.0018066987851623026
846.0,0.001771932153446774
847.0,0.0017469853369987537
848.0,0.0017237986728276874
849.0,0.0017164830938283047
850.0,0.0017053871289059788
851.0,0.001685762960876749
852.0,0.001669000445881592
853.0,0.0016565982162898654
854.0,0.0016410841709550573
855.0,0.00162719361908145
856.0,0.001612921304124077
857.0,0.0015826695146240997
858.0,0.001564742565433238
859.0,0.0015635429107156852
860.0,0.0015413527321508213
861.0,0.0015303536289049296
862.0,0.001531315679217865
863.0,0.0015211351785662636
864.0,0.001499842328524288
865.0,0.0014914197822442825
866.0,0.0014724027143684195
867.0,0.0014512226252980458
868.0,0.0014523487440960335
869.0,0.0014532509836682913
870.0,0.0014364793402956468
871.0,0.0013992887863433115
872.0,0.0013559338114851494
873.0,0.0013588553892044425
874.0,0.001367049174343595
875.0,0.0013634091935320531
876.0,0.0013294189433371297
877.0,0.0013051062391369736
878.0,0.0013089180283934491
879.0,0.001271382454042291
880.0,0.0012423257409004895
881.0,0.0012699237001313124
882.0,0.0012687175807132034
883.0,0.001234147706100487
884.0,0.0012498764003788933
885.0,0.0012440865546607311
886.0,0.001191486721789006
887.0,0.0011628443856303756
888.0,0.001158470103312288
889.0,0.0011423384857096827
890.0,0.0011537737708594003
891.0,0.0011643954780640728
892.0,0.0011128211855672573
893.0,0.0010762897713841764
894.0,0.0010946375076484663
895.0,0.0011048908038858846
896.0,0.0011172603638333032
897.0,0.0011372603540193008
898.0,0.0011019643224586464
899.0,0.0010458119089016274
