/begin_header
/west_longitude=UNKNOWN
/south_latitude=NA
/north_latitude=UNKNOWN
/calibration_files=NA
/cruise=NA
/station=NA
/documents=NA
/data_type=NA
/affiliations=NOAA
/experiment=NA
/units=nm,dl
/start_date=2019-08-16
/end_date=NA
/missing=9999
/start_time=14:11:56
/data_file_name=NA
/cloud_percent=NA
/water_depth=NA
/data_status=NA
/east_longitude=NA
/wind_speed=NA
/secchi=NA
/measurement_depth=NA
/fields=wavelength,rrs
/delimiter=comma
/contact=NA
/end_time=NA
/wave_height=NA
/investigators=NA
/end_header@
325.0,0.01645052440234572
326.0,0.016593197518916754
327.0,0.016666266586408882
328.0,0.016563736475251188
329.0,0.016480367245009443
330.0,0.016441494077860212
331.0,0.016403578035435084
332.0,0.0164185052678213
333.0,0.016426362211187817
334.0,0.01633505914610129
335.0,0.01626585270116466
336.0,0.016245368430147063
337.0,0.01625711954773822
338.0,0.016241179947520147
339.0,0.016172539150799477
340.0,0.01612395101659812
341.0,0.01611088183785553
342.0,0.016114696081925797
343.0,0.016116744304669795
344.0,0.016117964024228666
345.0,0.016120821515450242
346.0,0.016101556554587896
347.0,0.016077921669878367
348.0,0.016091991949544755
349.0,0.01609107806497232
350.0,0.01604320512103952
351.0,0.016032856308768648
352.0,0.016046819370116473
353.0,0.01606155454545842
354.0,0.016057181379930723
355.0,0.01603335141092172
356.0,0.016019449261703064
357.0,0.016012775726515993
358.0,0.015995046725811042
359.0,0.01597648859512209
360.0,0.015953915969612854
361.0,0.015926673210837926
362.0,0.015894406371922326
363.0,0.01586482045588551
364.0,0.01584119684004117
365.0,0.01580804268059833
366.0,0.015764932590324097
367.0,0.01573103057945597
368.0,0.015700561077935684
369.0,0.015673874868518085
370.0,0.01564856517437682
371.0,0.015613107973524946
372.0,0.015577380636088416
373.0,0.015535798276633669
374.0,0.015463014163123363
375.0,0.015423529653031056
376.0,0.015398581856951055
377.0,0.01532864745928822
378.0,0.015271614854995091
379.0,0.015235300710032523
380.0,0.015196418016260756
381.0,0.015168339727941798
382.0,0.015157328038993997
383.0,0.015133635938336712
384.0,0.015105179751589325
385.0,0.015083601886672765
386.0,0.015048841996451994
387.0,0.015002377510609224
388.0,0.01497110640505268
389.0,0.014945967295941314
390.0,0.014924968191951377
391.0,0.014906617876099879
392.0,0.014886003522912408
393.0,0.01485552202620804
394.0,0.014805490274397684
395.0,0.014742372198610723
396.0,0.014676418179655665
397.0,0.014615216491926158
398.0,0.014547720443774934
399.0,0.014479953386649277
400.0,0.014416833945178337
401.0,0.01434312247912305
402.0,0.014278465419093434
403.0,0.014217216231248681
404.0,0.014130764694224685
405.0,0.014040892143948857
406.0,0.013953465424575266
407.0,0.013854027647274687
408.0,0.013746012720585113
409.0,0.013632442158434533
410.0,0.013532492291121473
411.0,0.013443819436753041
412.0,0.013349490962262048
413.0,0.013265094073469144
414.0,0.013196147156147026
415.0,0.013134666096235726
416.0,0.013076865837737326
417.0,0.013016613074524331
418.0,0.012963565245257807
419.0,0.01291975727771948
420.0,0.01287839101577487
421.0,0.01283896141941048
422.0,0.01280621163343052
423.0,0.012771035314915932
424.0,0.012735194323073781
425.0,0.012694511294418375
426.0,0.012655896084220668
427.0,0.012616144844932143
428.0,0.012563319785136964
429.0,0.012505628810069077
430.0,0.012446960519789312
431.0,0.012382782096678067
432.0,0.01231522699589925
433.0,0.01224874174070712
434.0,0.012194535677299162
435.0,0.012156966564614898
436.0,0.012130604576161958
437.0,0.01211826620644818
438.0,0.012117401506925236
439.0,0.012128345711834722
440.0,0.012155452967551647
441.0,0.012204092595546018
442.0,0.012275782009720747
443.0,0.012367990739215611
444.0,0.012472451539846805
445.0,0.01259630586922876
446.0,0.0127443675105554
447.0,0.012906170355000274
448.0,0.013072360124323334
449.0,0.013233541792043798
450.0,0.013394194106490075
451.0,0.013559085210085345
452.0,0.01372812529512107
453.0,0.013888766046199486
454.0,0.014034649753252013
455.0,0.014172373617897046
456.0,0.014299889312726879
457.0,0.014411714675295312
458.0,0.014516436943927258
459.0,0.014616006665283838
460.0,0.014703245797303036
461.0,0.014783336979663417
462.0,0.014866925162482994
463.0,0.014950078147145662
464.0,0.015031288428060719
465.0,0.015110537986348111
466.0,0.015190611794519287
467.0,0.015271789916661343
468.0,0.015349304678111927
469.0,0.01542096168190791
470.0,0.015485927834801402
471.0,0.015549632575296363
472.0,0.015611205514840349
473.0,0.015669049002950138
474.0,0.01572056698598117
475.0,0.0157623984908687
476.0,0.015799786585230548
477.0,0.015833921263231163
478.0,0.015863871549737084
479.0,0.015895204646276702
480.0,0.015931380758319104
481.0,0.015978959011774936
482.0,0.01603432104782742
483.0,0.016089743701018254
484.0,0.016150667993217887
485.0,0.016222034533542404
486.0,0.016308322712124634
487.0,0.01639911986485402
488.0,0.01649185307719974
489.0,0.016590838214077454
490.0,0.01670045291133106
491.0,0.01683121396664376
492.0,0.01697418691144913
493.0,0.01712937487537968
494.0,0.017293832737983995
495.0,0.017469601776696913
496.0,0.01765774555589976
497.0,0.017859756609853214
498.0,0.018072988900820146
499.0,0.01829769827857089
500.0,0.018537028464562514
501.0,0.01878550058807943
502.0,0.01903151964788624
503.0,0.019277828654868705
504.0,0.019527760144635715
505.0,0.019772657094547823
506.0,0.020011830363632507
507.0,0.02025254135221751
508.0,0.020487589646092975
509.0,0.020715522470106485
510.0,0.020932682243978335
511.0,0.02114660194473301
512.0,0.02136400194820855
513.0,0.02159490086036179
514.0,0.021842906419176404
515.0,0.022105877180353
516.0,0.022383830622297592
517.0,0.022677357070379628
518.0,0.02298301978909848
519.0,0.023296749925381978
520.0,0.02362261983763498
521.0,0.02396661155085339
522.0,0.024337133420590042
523.0,0.02473496095701886
524.0,0.025163617684517615
525.0,0.025620518415433873
526.0,0.02611514968371657
527.0,0.02664331760385632
528.0,0.02717673860162768
529.0,0.02771561199798313
530.0,0.02826855364971091
531.0,0.028852313438599602
532.0,0.02946440979679618
533.0,0.03009419561318975
534.0,0.030728643516797226
535.0,0.03135771428013291
536.0,0.03198896356400261
537.0,0.03262174196431467
538.0,0.03325464479924638
539.0,0.03388777427211899
540.0,0.03451387098714446
541.0,0.035119910644279675
542.0,0.03570093000952932
543.0,0.03625248261713687
544.0,0.03677331828792989
545.0,0.03726853750756733
546.0,0.037744899465905465
547.0,0.038183991140610996
548.0,0.03858802714360177
549.0,0.03897066853536227
550.0,0.039327846463601206
551.0,0.03966427786074193
552.0,0.039985007769216104
553.0,0.04027735287584952
554.0,0.04052905153297822
555.0,0.040755020378862444
556.0,0.04095523473139605
557.0,0.04111193064094114
558.0,0.04123564585536949
559.0,0.041330510403179754
560.0,0.04137882038868249
561.0,0.041386000739375185
562.0,0.04136378781444298
563.0,0.041302288380866116
564.0,0.041198643468724545
565.0,0.04105270388500011
566.0,0.04086066223288679
567.0,0.04062052166750358
568.0,0.04034787313952
569.0,0.04003858904414411
570.0,0.03967949197353704
571.0,0.03929153841038075
572.0,0.038888782852226626
573.0,0.03845611388576232
574.0,0.0379956794916253
575.0,0.03751522198336554
576.0,0.037009308057799235
577.0,0.03648412815217307
578.0,0.03595025035110005
579.0,0.035399331463788666
580.0,0.03483193910075224
581.0,0.03425712776923438
582.0,0.033678240327679056
583.0,0.03309242076496309
584.0,0.03250550781672144
585.0,0.031921505856199815
586.0,0.03134634675059955
587.0,0.030775281140863163
588.0,0.030191497242686362
589.0,0.029590887298405717
590.0,0.02899586604169176
591.0,0.028434381494639387
592.0,0.02787943206182466
593.0,0.027299899582846558
594.0,0.026697633836546452
595.0,0.02606589249411559
596.0,0.02539806356753953
597.0,0.02470438203173431
598.0,0.02399794357953562
599.0,0.023310080496880187
600.0,0.02267191957267108
601.0,0.022113383488454673
602.0,0.02164071211247154
603.0,0.021248989730660285
604.0,0.020922647821304145
605.0,0.020635686964336302
606.0,0.020371553732572108
607.0,0.020125187601464683
608.0,0.01988724421679858
609.0,0.019652017206045855
610.0,0.019422303589003972
611.0,0.0191984835295285
612.0,0.0189746161410005
613.0,0.018755522236948714
614.0,0.018546469460324747
615.0,0.01834121761566936
616.0,0.018146462511462423
617.0,0.01796779990094845
618.0,0.017800210414926826
619.0,0.01764281778717985
620.0,0.017501839837306833
621.0,0.017374548768737237
622.0,0.017257867453624436
623.0,0.01715481613455693
624.0,0.01706521771917324
625.0,0.016982302532602727
626.0,0.016902070023941854
627.0,0.01682450199496027
628.0,0.01676578411822789
629.0,0.016723269546124783
630.0,0.016690011107705162
631.0,0.016659463787096773
632.0,0.016635420261244177
633.0,0.016639845212851008
634.0,0.016657329423502558
635.0,0.016675242807267652
636.0,0.016708097950185834
637.0,0.016756370381191366
638.0,0.01682181998133025
639.0,0.01689866458136138
640.0,0.016981847125146617
641.0,0.017064755144787298
642.0,0.017140402366381636
643.0,0.01720650395896754
644.0,0.01726550604303683
645.0,0.017318084053523856
646.0,0.017356995275982532
647.0,0.017375177495916293
648.0,0.01736718464777587
649.0,0.01733258022827488
650.0,0.017263975462945474
651.0,0.017151586568628936
652.0,0.017008048802000717
653.0,0.016838255780125055
654.0,0.016662055121179173
655.0,0.016420077015106328
656.0,0.016077427828744602
657.0,0.01567516323421515
658.0,0.015268476824348962
659.0,0.014895590873786122
660.0,0.01452676313058652
661.0,0.014159922435014438
662.0,0.013809788750282975
663.0,0.013472179556532585
664.0,0.01314236708665902
665.0,0.012830988169813706
666.0,0.01254327228996514
667.0,0.012277081843950653
668.0,0.012048886230042539
669.0,0.011866490054290926
670.0,0.011724963611988385
671.0,0.01161632193541202
672.0,0.011528363792026071
673.0,0.011466302179323682
674.0,0.011428952772899523
675.0,0.011409707528307434
676.0,0.011411746930716643
677.0,0.011442590187567209
678.0,0.011501307132816843
679.0,0.011590748865182842
680.0,0.011718133163637954
681.0,0.011890116368100317
682.0,0.012112825740805773
683.0,0.012390645193623779
684.0,0.012732744134414558
685.0,0.01317790550412953
686.0,0.013700019941704214
687.0,0.014246962487873069
688.0,0.014689275372240029
689.0,0.0150980080680575
690.0,0.015551660474636552
691.0,0.016025193831013647
692.0,0.016512745372143443
693.0,0.01699418761488724
694.0,0.017428439310602794
695.0,0.01778623166036674
696.0,0.01808022849571151
697.0,0.01831218199348298
698.0,0.018493183341141105
699.0,0.018614875881858665
700.0,0.018665649509260328
701.0,0.01863992669912426
702.0,0.018543485711109715
703.0,0.018382797923198836
704.0,0.01817671462836897
705.0,0.01792480399396961
706.0,0.01762562235365899
707.0,0.017272913978603057
708.0,0.01687171612538713
709.0,0.01643574205167623
710.0,0.015966754330905924
711.0,0.015468164900865947
712.0,0.014941774390234131
713.0,0.014407954238561857
714.0,0.013886275629615644
715.0,0.013393742858513608
716.0,0.012910237245550007
717.0,0.01241652018446718
718.0,0.011877770702646433
719.0,0.011327454014439981
720.0,0.010826058945138774
721.0,0.010391046438538594
722.0,0.009993599081702612
723.0,0.009589378328579434
724.0,0.009171591775889328
725.0,0.008751513878781213
726.0,0.008339723296608897
727.0,0.00791899201374677
728.0,0.007489632311997223
729.0,0.007056165049203889
730.0,0.00663273270948111
731.0,0.006248084518016628
732.0,0.005919986547726591
733.0,0.00564968647754992
734.0,0.005420213453002466
735.0,0.005221101637722689
736.0,0.005061693196297382
737.0,0.004945600345359833
738.0,0.0048660352001239785
739.0,0.00480427149383484
740.0,0.004752582565684191
741.0,0.0047146661550766635
742.0,0.004683449371354762
743.0,0.004649495918448909
744.0,0.004627445699900467
745.0,0.004614800005212072
746.0,0.004598346362375253
747.0,0.004578113906313125
748.0,0.004560542402657248
749.0,0.004546732970174398
750.0,0.004535206137030594
751.0,0.004519966110367614
752.0,0.004505356730712372
753.0,0.004490611896445298
754.0,0.004476392685797064
755.0,0.004461964110195997
756.0,0.004452421038470722
757.0,0.004451211398633103
758.0,0.0044580912481795515
759.0,0.004476388550912139
760.0,0.0044839495706454026
761.0,0.004447210391210788
762.0,0.004409728404374172
763.0,0.0043840034282976986
764.0,0.0043843616365861785
765.0,0.004381969618008526
766.0,0.004374847802068124
767.0,0.004378938944846351
768.0,0.004387433183301994
769.0,0.004392195839007951
770.0,0.0043964307730648775
771.0,0.00440712552379652
772.0,0.004429123395073377
773.0,0.004445191433025938
774.0,0.004455558567234329
775.0,0.004468509407378512
776.0,0.004481735390982651
777.0,0.004502140626226001
778.0,0.004522379714711854
779.0,0.004544766794536125
780.0,0.004573133148422144
781.0,0.004605187186476881
782.0,0.004634353271598054
783.0,0.0046597926257933965
784.0,0.004684572899601157
785.0,0.004720177208504326
786.0,0.004754477482351431
787.0,0.004784648483332242
788.0,0.0048196227977575536
789.0,0.004861209329869972
790.0,0.0049032432155813365
791.0,0.004936617316551893
792.0,0.004968777660369845
793.0,0.005019736535828798
794.0,0.005056612774614246
795.0,0.005081298419781494
796.0,0.005130217197695736
797.0,0.005172947228717693
798.0,0.005191573258455076
799.0,0.005218559876480395
800.0,0.005252569928015182
801.0,0.005277432347745699
802.0,0.005297902787272548
803.0,0.005312194857083339
804.0,0.0053250462554563244
805.0,0.005334467457160357
806.0,0.005336104711383507
807.0,0.00532629536956458
808.0,0.005308628000839114
809.0,0.005277712560065287
810.0,0.005244020913379228
811.0,0.00520847949677781
812.0,0.0051574662881577115
813.0,0.005097903035900049
814.0,0.005043279071040389
815.0,0.0049780070673268095
816.0,0.0049072707751404735
817.0,0.004833016661851594
818.0,0.00475288165127003
819.0,0.004667512746278936
820.0,0.004569927391913944
821.0,0.004461135495718339
822.0,0.0043363857957326455
823.0,0.004196617514463045
824.0,0.004052641920547688
825.0,0.003902754730171256
826.0,0.003736878412812371
827.0,0.0035637378711900628
828.0,0.0034045875866976945
829.0,0.003257685958535733
830.0,0.0031338090796339964
831.0,0.0030056876863441386
832.0,0.0028850202447313804
833.0,0.002800960393558742
834.0,0.0027380986007533702
835.0,0.002685908914793345
836.0,0.002644611737391687
837.0,0.002602464845946075
838.0,0.0025566183624537784
839.0,0.0025261122813588044
840.0,0.002504715587054103
841.0,0.0024901596039641127
842.0,0.002464223035587265
843.0,0.002429711071437295
844.0,0.0024093964743387873
845.0,0.002392734545618937
846.0,0.0023753885425877607
847.0,0.0023581354256718506
848.0,0.0023300559519244257
849.0,0.002304205174791122
850.0,0.0022781635370470545
851.0,0.00225514459068567
852.0,0.0022417624289949954
853.0,0.0022280010832633713
854.0,0.002195511438751361
855.0,0.002175157411559523
856.0,0.00216997353448931
857.0,0.002151942132269253
858.0,0.0021332000796858387
859.0,0.002118394378803188
860.0,0.0021027149664166853
861.0,0.002088345597054198
862.0,0.0020757873361774625
863.0,0.002061890886890361
864.0,0.0020373169488169703
865.0,0.002017334818180009
866.0,0.002000761149911237
867.0,0.001983563435675243
868.0,0.0019654598698976055
869.0,0.00192915987961825
870.0,0.0018887802310555916
871.0,0.0018760311985044596
872.0,0.001879889875625079
873.0,0.0018477232803645952
874.0,0.0018262195860522224
875.0,0.0018159509073148393
876.0,0.0017726229467357629
877.0,0.0017362037612919632
878.0,0.0017177934667048258
879.0,0.0017042425663845932
880.0,0.0016825533441826828
881.0,0.0016533272573513128
882.0,0.001622654220583054
883.0,0.0015948004786245124
884.0,0.0015914779930675266
885.0,0.0015795187184506243
886.0,0.0015376603072711006
887.0,0.0015090313893402795
888.0,0.0014843033212203198
889.0,0.0014892896134099031
890.0,0.0014683290228435146
891.0,0.0014244464734374479
892.0,0.0014137151373719561
893.0,0.0013978137627820094
894.0,0.0013596385938009737
895.0,0.0013324582780758604
896.0,0.0013250740623155584
897.0,0.0013154030728840527
898.0,0.0012925406035881946
899.0,0.00127213290394765
