/begin_header
/west_longitude=UNKNOWN
/south_latitude=NA
/north_latitude=UNKNOWN
/calibration_files=NA
/cruise=NA
/station=NA
/documents=NA
/data_type=NA
/affiliations=NOAA
/experiment=NA
/units=nm,dl
/start_date=2019-08-15
/end_date=NA
/missing=9999
/start_time=11:12:03
/data_file_name=NA
/cloud_percent=NA
/water_depth=NA
/data_status=NA
/east_longitude=NA
/wind_speed=NA
/secchi=NA
/measurement_depth=NA
/fields=wavelength,rrs
/delimiter=comma
/contact=NA
/end_time=NA
/wave_height=NA
/investigators=NA
/end_header@
325.0,0.01659258903869231
326.0,0.016444185418210976
327.0,0.016338196485829702
328.0,0.016293747786094718
329.0,0.016168791537329384
330.0,0.016009496142043816
331.0,0.015878359742876408
332.0,0.01581380012739266
333.0,0.015747222042659107
334.0,0.015579700776803354
335.0,0.015475192472300925
336.0,0.015424220623009206
337.0,0.015279814346018803
338.0,0.015139681193354121
339.0,0.015032890209942418
340.0,0.014959921716439839
341.0,0.01489154504677192
342.0,0.01481004533797962
343.0,0.014692343402511618
344.0,0.014563801121301678
345.0,0.014528031312507605
346.0,0.01445101220931066
347.0,0.01431518205611385
348.0,0.01418140909213651
349.0,0.014069898206759407
350.0,0.013992460552322011
351.0,0.013942034079744512
352.0,0.013894285557598885
353.0,0.013783494686337378
354.0,0.01368178386339448
355.0,0.013605341543011221
356.0,0.01352706053565125
357.0,0.013454189980716924
358.0,0.013367965682717146
359.0,0.013302112499350186
360.0,0.013237331590331112
361.0,0.013147244238399771
362.0,0.013055483307581143
363.0,0.012967859379347302
364.0,0.01290937886666979
365.0,0.012846992901980884
366.0,0.012780364665473517
367.0,0.012711662689662357
368.0,0.012648234237578031
369.0,0.012607492721492997
370.0,0.01255398535026909
371.0,0.01247843280561525
372.0,0.012429805205796863
373.0,0.012369944063743414
374.0,0.012287580026802272
375.0,0.012208633259241609
376.0,0.0121574274267036
377.0,0.012120024739974134
378.0,0.012055197287319571
379.0,0.011964759207961284
380.0,0.011937762430015667
381.0,0.011905210633876312
382.0,0.01184111961881924
383.0,0.011816568278238054
384.0,0.011788268813155773
385.0,0.011720681357467726
386.0,0.011654597597625455
387.0,0.011598679133603811
388.0,0.011521175583283364
389.0,0.011478514054831673
390.0,0.011461660308692011
391.0,0.011420668440979024
392.0,0.011371510602572767
393.0,0.011329266944286282
394.0,0.01130600932568918
395.0,0.011281220452306078
396.0,0.011211542995239174
397.0,0.011135847461048964
398.0,0.011075413026727356
399.0,0.011018292719217792
400.0,0.010969169989753546
401.0,0.01093891964759134
402.0,0.010905572443448332
403.0,0.010866420788147823
404.0,0.010839204932415476
405.0,0.010812368728256472
406.0,0.01077478218178
407.0,0.01074097377906377
408.0,0.010709423814517813
409.0,0.010665246269819106
410.0,0.010629288350706964
411.0,0.01060266007486979
412.0,0.010572733474091656
413.0,0.010547360733934263
414.0,0.010523561961625674
415.0,0.010500981192574504
416.0,0.010478011601279588
417.0,0.010461855753514748
418.0,0.010443651309829317
419.0,0.010424829940760471
420.0,0.010413801927689533
421.0,0.01040236085214109
422.0,0.010384629799308542
423.0,0.010370644621913942
424.0,0.01035907094081145
425.0,0.0103598451947934
426.0,0.01035910882016503
427.0,0.010353064399452072
428.0,0.010351655916696947
429.0,0.010346336938268454
430.0,0.010332323662022677
431.0,0.010319705643806456
432.0,0.010308155399401019
433.0,0.010303073715128385
434.0,0.01029796821517149
435.0,0.010291187167073156
436.0,0.010289066552304462
437.0,0.010291822876230284
438.0,0.010298177550022249
439.0,0.010305360399297926
440.0,0.010313470941912355
441.0,0.010327007536498813
442.0,0.010347359797155321
443.0,0.010371701890667393
444.0,0.010392163998056451
445.0,0.010418943595453235
446.0,0.010460701483703426
447.0,0.010501100285535091
448.0,0.010536092487727248
449.0,0.010568429921317108
450.0,0.010602308440164281
451.0,0.010641340514538607
452.0,0.010682063794479274
453.0,0.010720538040256017
454.0,0.010756278000972511
455.0,0.010789266283270642
456.0,0.010821985494767764
457.0,0.010858791078803127
458.0,0.01088979871227455
459.0,0.010913986369715465
460.0,0.010950727408761015
461.0,0.010990610680943012
462.0,0.011017802815184271
463.0,0.011048813251940466
464.0,0.011086309199636121
465.0,0.011124053311234623
466.0,0.011163797024144339
467.0,0.011206988526490859
468.0,0.01124782241280341
469.0,0.011287106993754462
470.0,0.011329174723398349
471.0,0.011362843904575207
472.0,0.011391119727031456
473.0,0.011429455055272373
474.0,0.011469603035351434
475.0,0.011506697279127991
476.0,0.011538178528410147
477.0,0.011569820638619095
478.0,0.01160499996168707
479.0,0.011637346123668686
480.0,0.011669000105895952
481.0,0.011698693914111224
482.0,0.011731784009232008
483.0,0.01176913169935289
484.0,0.011804369037640572
485.0,0.01183738835774493
486.0,0.011872433498800686
487.0,0.011910009467110445
488.0,0.011946331780459667
489.0,0.011978935601017445
490.0,0.012009658578616706
491.0,0.012039367564652723
492.0,0.012078090527789881
493.0,0.012124566915881596
494.0,0.012178500211324456
495.0,0.012231516514860303
496.0,0.012281765992779916
497.0,0.012339613434567916
498.0,0.012404824258377769
499.0,0.012477770697161689
500.0,0.012553635897486735
501.0,0.012629331127463107
502.0,0.012707208262814096
503.0,0.012783722925954939
504.0,0.012853752359322585
505.0,0.012932758816776937
506.0,0.013017356195150626
507.0,0.013085512611050534
508.0,0.013145943227138404
509.0,0.013205309426970393
510.0,0.013271104888580677
511.0,0.01333579586602399
512.0,0.013398936095049645
513.0,0.013471704281308736
514.0,0.01355750596306278
515.0,0.01365864178565751
516.0,0.013771240554739689
517.0,0.013885374178115426
518.0,0.013999778485306641
519.0,0.014113729568112096
520.0,0.014221429056521597
521.0,0.014331887153398445
522.0,0.014447415176626534
523.0,0.01456489557587056
524.0,0.014679090237988893
525.0,0.014793888467156738
526.0,0.014914160868891451
527.0,0.015036613428222542
528.0,0.015148381097548857
529.0,0.015254486170425397
530.0,0.015359689054105802
531.0,0.015472037790097079
532.0,0.015583697365616642
533.0,0.01568817084145059
534.0,0.015792031484146936
535.0,0.015893243147028897
536.0,0.015987702291344212
537.0,0.01607839850311942
538.0,0.016167428548618894
539.0,0.01625240495265199
540.0,0.01633569511823642
541.0,0.016415767302377572
542.0,0.016485439483972082
543.0,0.016545581794225297
544.0,0.016605574817588318
545.0,0.01665890854350506
546.0,0.016699134463471817
547.0,0.01673164610024509
548.0,0.016759413920465337
549.0,0.016782343685534423
550.0,0.01680948202003048
551.0,0.016845887827865925
552.0,0.01688873046810837
553.0,0.01693559447738232
554.0,0.016985395521226132
555.0,0.01704052837383741
556.0,0.01709630631424769
557.0,0.017144563228500505
558.0,0.01718431595664915
559.0,0.01721502492050786
560.0,0.017242591753732217
561.0,0.01726465520799773
562.0,0.017278182500074794
563.0,0.017283365220170155
564.0,0.017280965006291553
565.0,0.01727431793272355
566.0,0.017255389498698044
567.0,0.01722070994429486
568.0,0.017181305988461095
569.0,0.017132506623440784
570.0,0.017063383269535673
571.0,0.016982960870499404
572.0,0.016893549336593046
573.0,0.016799145368610845
574.0,0.016691045815157946
575.0,0.01656152163865469
576.0,0.016417549693568952
577.0,0.016257314568450715
578.0,0.016070542241928353
579.0,0.015854828796368025
580.0,0.01561623788341469
581.0,0.015366175564455636
582.0,0.015103045982403224
583.0,0.014816387273447775
584.0,0.0145264175711698
585.0,0.014237103913235396
586.0,0.013936671353742033
587.0,0.01363044270226417
588.0,0.013321902010226963
589.0,0.013005282123115455
590.0,0.012681021446545662
591.0,0.012349077243096612
592.0,0.012018666171555493
593.0,0.011682079740447049
594.0,0.011323741683269049
595.0,0.01094039240520037
596.0,0.010536176480661427
597.0,0.010112234981507718
598.0,0.009681929106923464
599.0,0.009273159824493308
600.0,0.008909809642238795
601.0,0.008614348756350046
602.0,0.008375582797711341
603.0,0.008194882987738877
604.0,0.00807000707981592
605.0,0.00797890343546692
606.0,0.007906648858127292
607.0,0.007847754991966932
608.0,0.007794927785646816
609.0,0.007744694576600939
610.0,0.00769394680202358
611.0,0.007644583044451703
612.0,0.007597122556157111
613.0,0.007551249990943229
614.0,0.007506738701530548
615.0,0.007460039906844658
616.0,0.0074116427862771835
617.0,0.0073639579229462125
618.0,0.007313202754301992
619.0,0.0072604521558386915
620.0,0.007215336939143703
621.0,0.007171261072902217
622.0,0.0071296954768035724
623.0,0.007085201816431923
624.0,0.0070387176353841965
625.0,0.0069926315337754345
626.0,0.006948590596500856
627.0,0.006907845857327506
628.0,0.006868878750859518
629.0,0.006828612806813803
630.0,0.006787047376234587
631.0,0.006748280466558646
632.0,0.006713064184329397
633.0,0.00668046624831001
634.0,0.0066491279234423845
635.0,0.006615881183713336
636.0,0.006579531163887524
637.0,0.006541335407365281
638.0,0.006515523619513253
639.0,0.006485906688288558
640.0,0.006444151969350486
641.0,0.006407258419480219
642.0,0.006368710011208016
643.0,0.006319202621084273
644.0,0.00627456431512755
645.0,0.006234079989342695
646.0,0.006175394400557156
647.0,0.006119185591740962
648.0,0.0060756307959770675
649.0,0.006028952596916546
650.0,0.005967107713301335
651.0,0.005884850019169858
652.0,0.0058006827448434896
653.0,0.005722153481218839
654.0,0.005632424113106196
655.0,0.005525523605795919
656.0,0.005401929594390076
657.0,0.0052767181909979845
658.0,0.005165866942503218
659.0,0.005070888386218899
660.0,0.004987003624248471
661.0,0.004909005885433077
662.0,0.004848502773224206
663.0,0.004801432436757106
664.0,0.0047574561309023594
665.0,0.0047135248744966714
666.0,0.0046689135169877835
667.0,0.004634432026880484
668.0,0.0046031861952914475
669.0,0.004570042642356692
670.0,0.004551452445757086
671.0,0.004542284410227538
672.0,0.004526819389223782
673.0,0.00451040585352362
674.0,0.004495321464163175
675.0,0.004477054870124258
676.0,0.004459436270072869
677.0,0.004447902705557477
678.0,0.004435822491944379
679.0,0.004422263531114405
680.0,0.004407897788224324
681.0,0.004399965279233043
682.0,0.004400352308969831
683.0,0.004396704555364193
684.0,0.004383575315469798
685.0,0.004370365120286329
686.0,0.004354215596070182
687.0,0.004329926077767636
688.0,0.004282701294158072
689.0,0.004224299282023251
690.0,0.0041596805652265095
691.0,0.004090542919325621
692.0,0.004019268987216321
693.0,0.00395053241753158
694.0,0.0038845372962692964
695.0,0.003816928839217569
696.0,0.0037396248156587124
697.0,0.003659465599996736
698.0,0.0035782536678151877
699.0,0.003492435721760162
700.0,0.0034048450188641313
701.0,0.003323872838269927
702.0,0.0032390076930097606
703.0,0.0031480372932790163
704.0,0.003066962220135757
705.0,0.002987936759340083
706.0,0.0028956203848271907
707.0,0.0028054868105113952
708.0,0.0027152078242487806
709.0,0.002623008935855114
710.0,0.002532805225613744
711.0,0.0024464403723788238
712.0,0.0023509288900744624
713.0,0.002251302382559859
714.0,0.0021603703879227013
715.0,0.002069361009349278
716.0,0.001974310597870933
717.0,0.0018902941369817402
718.0,0.001812327736105452
719.0,0.0017287729680178355
720.0,0.0016504943395671539
721.0,0.001584847780737807
722.0,0.0015278665980736279
723.0,0.0014650657625784032
724.0,0.001396564144972965
725.0,0.0013296092038589734
726.0,0.001266497730006906
727.0,0.0011994198539374702
728.0,0.0011426492993985428
729.0,0.0010931793707317325
730.0,0.0010303603534802062
731.0,0.000972470249421278
732.0,0.0009244102981158355
733.0,0.0008876707503803086
734.0,0.0008563474054665628
735.0,0.0008242277804853884
736.0,0.0007946685560050844
737.0,0.0007722742748059231
738.0,0.0007703125588635035
739.0,0.0007682767513431986
740.0,0.0007543986923628862
741.0,0.0007459538357860473
742.0,0.0007430750049988457
743.0,0.0007382711103765247
744.0,0.0007315698280063388
745.0,0.0007286987147848215
746.0,0.0007265320664031385
747.0,0.0007202323836369072
748.0,0.0007006754978309812
749.0,0.000691682329844493
750.0,0.0006942118543533058
751.0,0.0006885693506365161
752.0,0.0006834260870549306
753.0,0.0006759380843292456
754.0,0.0006704213690339901
755.0,0.0006665500607785771
756.0,0.0006612461514916076
757.0,0.0006530470155196727
758.0,0.0006434777457773625
759.0,0.0006308769998420911
760.0,0.000610659098253026
761.0,0.0005950084710516096
762.0,0.0005785989368384569
763.0,0.0005710455442898855
764.0,0.0005765926332163553
765.0,0.0005837830011569189
766.0,0.0005928900464436187
767.0,0.0006023756045372328
768.0,0.0006108754508015719
769.0,0.0006097963615120604
770.0,0.0006110436693864743
771.0,0.0006163772511700047
772.0,0.0006201874708610685
773.0,0.0006183327197774674
774.0,0.0006163245415761857
775.0,0.0006166331979748285
776.0,0.0006188613532303794
777.0,0.0006194790116237547
778.0,0.0006169681815185467
779.0,0.000614871191801846
780.0,0.0006191116067970562
781.0,0.0006185808242652458
782.0,0.0006118750324162458
783.0,0.0006170405088955985
784.0,0.0006248459631163454
785.0,0.0006247084917508319
786.0,0.0006240706378944442
787.0,0.000626932844186378
788.0,0.000627304256486449
789.0,0.000627987909474104
790.0,0.0006274393722273964
791.0,0.0006324918454964915
792.0,0.0006403885396828839
793.0,0.0006461462706912948
794.0,0.0006555060953020349
795.0,0.0006640477711517825
796.0,0.0006560406902517723
797.0,0.000651501176642758
798.0,0.0006539853358330531
799.0,0.0006603346898889
800.0,0.0006653124639312846
801.0,0.0006636579055328504
802.0,0.000664182902635947
803.0,0.0006681448426009005
804.0,0.0006678197180763712
805.0,0.0006681453072289724
806.0,0.0006747437913533124
807.0,0.0006763745503602368
808.0,0.0006733235524978581
809.0,0.000655470947904722
810.0,0.0006447035524969268
811.0,0.0006402398715761209
812.0,0.0006122825667315976
813.0,0.0005837672017057031
814.0,0.0005851398185818426
815.0,0.0005845616001871037
816.0,0.0005817417901389874
817.0,0.0005806765887839911
818.0,0.0005713271633890187
819.0,0.0005501881400263954
820.0,0.0005438636420867316
821.0,0.0005315352709508401
822.0,0.0004987729207075485
823.0,0.0004781752825250729
824.0,0.00046611853025406755
825.0,0.0004389414316045601
826.0,0.00041693814015911603
827.0,0.0003975909498082638
828.0,0.00037579998439418705
829.0,0.0003533085050421122
830.0,0.00033367017300055116
831.0,0.0003181935664037652
832.0,0.0003034672264342171
833.0,0.00029216820343889603
834.0,0.0002796546042813042
835.0,0.00026944314033355577
836.0,0.0002599778841053474
837.0,0.0002576103044680939
838.0,0.00026149258769717917
839.0,0.0002525609761914589
840.0,0.00024242597959072288
841.0,0.00023825558008324323
842.0,0.0002304786326920166
843.0,0.0002238305867954244
844.0,0.00022264533829401855
845.0,0.0002186846102949185
846.0,0.0002117185139179145
847.0,0.0002081866586169286
848.0,0.000211013353503812
849.0,0.00020448342907074027
850.0,0.00020050799237507016
851.0,0.00020760196322534749
852.0,0.00020549446800688446
853.0,0.00019826216300831875
854.0,0.00017829933910993909
855.0,0.00016638879786993912
856.0,0.0001667164000773244
857.0,0.0001552862764039202
858.0,0.00015669729717406825
859.0,0.0001668289634352254
860.0,0.0001685554403745585
861.0,0.00016698525469328618
862.0,0.00014557535476365514
863.0,0.00015415083988003743
864.0,0.00016294523916615287
865.0,0.00013178925091469795
866.0,0.00011208911661526252
867.0,0.0001175901628678352
868.0,0.00013590800681815383
869.0,0.00013876162401751712
870.0,0.00011979741742727256
871.0,0.00010466558484930154
872.0,8.938251717675495e-05
873.0,8.710009101128346e-05
874.0,9.799425767617362e-05
875.0,0.00010297876047727508
876.0,8.586769198596821e-05
877.0,7.242986977782125e-05
878.0,5.717711293801681e-05
879.0,6.842466538887153e-05
880.0,8.791237018547735e-05
881.0,8.22607538702143e-05
882.0,7.503450263682839e-05
883.0,7.788445200345282e-05
884.0,5.968014622213852e-05
885.0,5.923250149646108e-05
886.0,6.621039575873548e-05
887.0,5.494646231466515e-05
888.0,4.628420316318372e-05
889.0,5.695565140437556e-05
890.0,5.055149396827187e-05
891.0,6.086945484629412e-05
892.0,5.326399624850331e-05
893.0,6.010260767260145e-05
894.0,6.989239357807172e-05
895.0,8.387336584138651e-05
896.0,9.069089658423211e-05
897.0,9.080815096962486e-05
898.0,6.600422358271766e-05
899.0,5.851094821734426e-05
