/begin_header
/west_longitude=UNKNOWN
/south_latitude=NA
/north_latitude=UNKNOWN
/calibration_files=NA
/cruise=NA
/station=NA
/documents=NA
/data_type=NA
/affiliations=NOAA
/experiment=NA
/units=nm,dl
/start_date=2019-08-01
/end_date=NA
/missing=9999
/start_time=10:51:27
/data_file_name=NA
/cloud_percent=NA
/water_depth=NA
/data_status=NA
/east_longitude=NA
/wind_speed=NA
/secchi=NA
/measurement_depth=NA
/fields=wavelength,rrs
/delimiter=comma
/contact=NA
/end_time=NA
/wave_height=NA
/investigators=NA
/end_header@
325.0,0.02614095005431018
326.0,0.026125811093042232
327.0,0.026094996239072125
328.0,0.025935714929608594
329.0,0.025850330984414915
330.0,0.025776374512648685
331.0,0.02552552569886606
332.0,0.0253689863074091
333.0,0.02531773756804868
334.0,0.02508172080302451
335.0,0.024919125910087863
336.0,0.02486513474417846
337.0,0.024773304260263806
338.0,0.024620803020581488
339.0,0.02444659307202614
340.0,0.024259243179643206
341.0,0.02404402484331338
342.0,0.02391992187170107
343.0,0.023812979385797316
344.0,0.02366960635443251
345.0,0.023505796777610492
346.0,0.023384111079871414
347.0,0.023285615211504594
348.0,0.023124748240320587
349.0,0.022961573232341527
350.0,0.02282608757499113
351.0,0.022686463348231774
352.0,0.02255147557820055
353.0,0.02247809941285061
354.0,0.022364256179419305
355.0,0.022202586105350496
356.0,0.02208415439903323
357.0,0.021969567940664646
358.0,0.02185194057295352
359.0,0.02173394486062183
360.0,0.021591457003517785
361.0,0.021443498951836896
362.0,0.021310255092706887
363.0,0.021187528075526343
364.0,0.021045236655419235
365.0,0.020933426801782937
366.0,0.020839825777456078
367.0,0.020728080463395877
368.0,0.020614531722856242
369.0,0.020540741911304353
370.0,0.0204325667387692
371.0,0.020283883844910162
372.0,0.020156343837070257
373.0,0.020040840195793642
374.0,0.019927954720136094
375.0,0.01979582893352532
376.0,0.01963723680787118
377.0,0.019503234387324517
378.0,0.01939945048024875
379.0,0.019315291881915546
380.0,0.019216027438572463
381.0,0.019107405828435772
382.0,0.019004579198796345
383.0,0.01890679107249351
384.0,0.01880264964332679
385.0,0.018691500682255995
386.0,0.018576642172602225
387.0,0.01846480956837406
388.0,0.01835566132802277
389.0,0.01825277348110599
390.0,0.01816171205735467
391.0,0.018084655438197574
392.0,0.01800311901570816
393.0,0.017919662055235864
394.0,0.017826265236333582
395.0,0.017728466764842625
396.0,0.0176170919760998
397.0,0.017498196475786636
398.0,0.01737328608642615
399.0,0.017260278712836745
400.0,0.017152653255991603
401.0,0.017059000172201057
402.0,0.016967290027328195
403.0,0.016876657838662146
404.0,0.016787295107094515
405.0,0.016698097577641017
406.0,0.01660257963268273
407.0,0.016484239955510908
408.0,0.016360848318692483
409.0,0.016254170842973228
410.0,0.01614505545472121
411.0,0.016038871620636073
412.0,0.01595257087221948
413.0,0.015862038906832403
414.0,0.015758954734165095
415.0,0.015671004643729357
416.0,0.015595390127476697
417.0,0.015514959176791965
418.0,0.01543656564301111
419.0,0.01536295253132124
420.0,0.015297755274322
421.0,0.015237361809317687
422.0,0.015172672690577333
423.0,0.015109904900102713
424.0,0.015047481933272669
425.0,0.014983562036862182
426.0,0.014928330111532639
427.0,0.014875539596066367
428.0,0.014816996930095075
429.0,0.014750402016519268
430.0,0.014675539717495365
431.0,0.014600734842209256
432.0,0.014527600656207113
433.0,0.014448278106093193
434.0,0.014377395888166136
435.0,0.014319938402160559
436.0,0.014263857691926243
437.0,0.014219112666148004
438.0,0.014188202884139753
439.0,0.014164722533535568
440.0,0.014151400901438538
441.0,0.01414481206428996
442.0,0.014151380872550598
443.0,0.014170888199506274
444.0,0.01419987278778602
445.0,0.0142447097851225
446.0,0.014310316723313713
447.0,0.01437578287541765
448.0,0.014438502015015703
449.0,0.014510227283844986
450.0,0.014584766186982515
451.0,0.0146588943034734
452.0,0.014731370636802252
453.0,0.014801478370857777
454.0,0.01486701616389049
455.0,0.014923213186131351
456.0,0.014967155011448538
457.0,0.015003754596435815
458.0,0.015035302713304388
459.0,0.015065664950551571
460.0,0.015097691791160942
461.0,0.015122736801418821
462.0,0.015132929331086037
463.0,0.015149725776313063
464.0,0.01517661760610885
465.0,0.01520518057913275
466.0,0.01523379958916644
467.0,0.01526329128617653
468.0,0.015299610379557021
469.0,0.015335391244788785
470.0,0.015366381323027103
471.0,0.015398840290915278
472.0,0.015432266274637086
473.0,0.01546024273413244
474.0,0.015492117304239234
475.0,0.015531328815074363
476.0,0.015562791043626003
477.0,0.015592879491163064
478.0,0.015630129356294348
479.0,0.01567003880927093
480.0,0.01571349955591078
481.0,0.015752963313045234
482.0,0.01579320355672363
483.0,0.015839709302250832
484.0,0.015889101693232727
485.0,0.01593878166862958
486.0,0.015990110617906592
487.0,0.016049781925666706
488.0,0.01611220286385876
489.0,0.016162085678800227
490.0,0.01621574528035488
491.0,0.01629068798314557
492.0,0.01637344557818125
493.0,0.01646256070196423
494.0,0.01656017878954656
495.0,0.016673205301254337
496.0,0.016802038072457816
497.0,0.01694440410408336
498.0,0.017102620221054052
499.0,0.01727711779182699
500.0,0.017467074984990855
501.0,0.01767029198112169
502.0,0.01788781313981041
503.0,0.018119361333786308
504.0,0.018357177289465558
505.0,0.01861198999419848
506.0,0.018881547080233832
507.0,0.019166293351629414
508.0,0.01946419515203473
509.0,0.019772716018183034
510.0,0.020081954112452147
511.0,0.020397790983102577
512.0,0.020733192639571525
513.0,0.021073643152788774
514.0,0.02142403951097937
515.0,0.021791390948932145
516.0,0.02217423039275347
517.0,0.022576636662897474
518.0,0.022986530150632477
519.0,0.023389678295233227
520.0,0.02377974928478032
521.0,0.02416647247394298
522.0,0.024556773049080955
523.0,0.024954438026454414
524.0,0.025359494140721507
525.0,0.025767190052465076
526.0,0.026179328607682767
527.0,0.0265930513435085
528.0,0.026994855470135675
529.0,0.0273824278636328
530.0,0.027757392808310855
531.0,0.028133900035557803
532.0,0.02851569324804315
533.0,0.028899924777188453
534.0,0.029280984715528684
535.0,0.029649628276133495
536.0,0.030000296786782676
537.0,0.0303445912850558
538.0,0.030682793670447628
539.0,0.03101352086803364
540.0,0.03134375433915156
541.0,0.031670197436880494
542.0,0.031983454054551004
543.0,0.03227802722591331
544.0,0.03256314312983461
545.0,0.03283737087976029
546.0,0.03309370498984097
547.0,0.03333947211980011
548.0,0.033574690599965824
549.0,0.03379446294479609
550.0,0.03400226650267703
551.0,0.03419822194568948
552.0,0.034382969152238416
553.0,0.034558873092681686
554.0,0.034728914844834355
555.0,0.03487591071583969
556.0,0.035001217260254416
557.0,0.03512344163500998
558.0,0.0352213362506172
559.0,0.035282688162960055
560.0,0.035330531116759115
561.0,0.0353601454709391
562.0,0.03536587185333499
563.0,0.03535317148093224
564.0,0.035321547623874995
565.0,0.03526633114855247
566.0,0.03519356126961075
567.0,0.03510191995020998
568.0,0.03499358536635241
569.0,0.034873064297816475
570.0,0.03475136796787757
571.0,0.034615927608626286
572.0,0.03446726587329027
573.0,0.034298635468182334
574.0,0.034119361488012236
575.0,0.03393499904995923
576.0,0.03375071849731829
577.0,0.033565843006144916
578.0,0.03337100625507704
579.0,0.03316178951084586
580.0,0.032939998975918004
581.0,0.03270196342015453
582.0,0.03245571495991263
583.0,0.03220633980836542
584.0,0.031948297087720304
585.0,0.03168445263871036
586.0,0.03142299499482505
587.0,0.03115463782916995
588.0,0.0308723316143162
589.0,0.030596958140167812
590.0,0.030327461954030903
591.0,0.030047798667809534
592.0,0.029776152001612467
593.0,0.02950450057447872
594.0,0.029214004190405686
595.0,0.028898952464194032
596.0,0.0285605247903714
597.0,0.02817471446712244
598.0,0.027743819782454476
599.0,0.027304341716819013
600.0,0.026875859859672457
601.0,0.026476144754714694
602.0,0.02611438165004028
603.0,0.02579751231781761
604.0,0.025519075196020407
605.0,0.025269620426561945
606.0,0.0250379790266952
607.0,0.02480522862860407
608.0,0.024572490027461015
609.0,0.024339905667555273
610.0,0.024101226462183115
611.0,0.023858646133145194
612.0,0.023625893770261797
613.0,0.023398053977892685
614.0,0.02317117900655273
615.0,0.022953522273285974
616.0,0.022747951670224607
617.0,0.02256082791941144
618.0,0.022390728707163902
619.0,0.02223266406874465
620.0,0.022081877587161944
621.0,0.02194987053979311
622.0,0.021841885437815997
623.0,0.021748516433831605
624.0,0.021668065538776128
625.0,0.021591510748359275
626.0,0.021522856138704676
627.0,0.021458224070980407
628.0,0.021405249713088572
629.0,0.021365261614517423
630.0,0.02134541185018172
631.0,0.021335803176692494
632.0,0.021333864198797313
633.0,0.021338196635347254
634.0,0.021357011965987337
635.0,0.021391216904418756
636.0,0.02143120856306232
637.0,0.02147985898626125
638.0,0.02153879044671591
639.0,0.021602692375281157
640.0,0.02166593527126868
641.0,0.02171994185644801
642.0,0.021766335971729615
643.0,0.02179845604073981
644.0,0.021820434296785398
645.0,0.021833482476983978
646.0,0.021840369017686077
647.0,0.021830552778067083
648.0,0.02180114243629814
649.0,0.021750933410828083
650.0,0.021669459221529627
651.0,0.021543219333935527
652.0,0.021367586980278446
653.0,0.021151664844155937
654.0,0.020916919378987632
655.0,0.020614424522337766
656.0,0.02021485378564814
657.0,0.01968526984976306
658.0,0.019106347467264063
659.0,0.018542166833263898
660.0,0.017979458452966453
661.0,0.017424195279875564
662.0,0.01690358233773066
663.0,0.01640724990481869
664.0,0.015924372686676284
665.0,0.015486034502026158
666.0,0.015097391679488422
667.0,0.014757482362232222
668.0,0.01446923533738576
669.0,0.014233546475063641
670.0,0.014054889641852539
671.0,0.0139327024186004
672.0,0.013854032718477521
673.0,0.013813909255821813
674.0,0.013807019504849125
675.0,0.01382876855680957
676.0,0.013879903320980946
677.0,0.01395672112519534
678.0,0.014080840981486034
679.0,0.014252964070284396
680.0,0.014465191547119177
681.0,0.014732650770839675
682.0,0.015057972386711055
683.0,0.015458974301885267
684.0,0.01594429629494029
685.0,0.016544815170390272
686.0,0.017295321507686916
687.0,0.018174462839361697
688.0,0.01890398557329243
689.0,0.019547785536291145
690.0,0.020218880956076137
691.0,0.020918960100360196
692.0,0.021651234872674417
693.0,0.02240345484800543
694.0,0.023156596779941547
695.0,0.02387277539044817
696.0,0.024501482933750172
697.0,0.025041724318525232
698.0,0.025505088823460413
699.0,0.025874612501372324
700.0,0.02614233290842592
701.0,0.02631668021897209
702.0,0.02638272280521987
703.0,0.026329055010145742
704.0,0.026172929852087717
705.0,0.02593471201422662
706.0,0.0256266227753821
707.0,0.025241098948800493
708.0,0.024778076888965283
709.0,0.024241115208156177
710.0,0.023639311344177325
711.0,0.022980123851046245
712.0,0.0222698678622222
713.0,0.021523168437913263
714.0,0.0207572349699161
715.0,0.02000462921216965
716.0,0.019257431211791014
717.0,0.018534514430320368
718.0,0.017792641428045427
719.0,0.017047253861125378
720.0,0.01630867657876795
721.0,0.015628744536234526
722.0,0.015001134171806865
723.0,0.014393445702086538
724.0,0.01377993873407114
725.0,0.013157044238650228
726.0,0.012542718270972964
727.0,0.011922835174353795
728.0,0.011283952183719418
729.0,0.010634002685847393
730.0,0.010010812415246753
731.0,0.009431830887126172
732.0,0.00891654711915025
733.0,0.00847619504460934
734.0,0.00810245409120669
735.0,0.007797039741040171
736.0,0.007550176521861224
737.0,0.007358085724188959
738.0,0.007212536314586691
739.0,0.007105185751323689
740.0,0.0070238010599634245
741.0,0.006958655492501575
742.0,0.006904330368160627
743.0,0.006862542536631421
744.0,0.006825625812481523
745.0,0.006791451002824772
746.0,0.006758809885984829
747.0,0.0067271666999645305
748.0,0.006698634474567871
749.0,0.0066724747322105355
750.0,0.006649239575068508
751.0,0.006623157440267176
752.0,0.0065970692631387275
753.0,0.006574017187437019
754.0,0.006545199615071301
755.0,0.006513184728079645
756.0,0.006488581963413993
757.0,0.006475442548325927
758.0,0.006477607862323678
759.0,0.006520242456019866
760.0,0.006578237806841543
761.0,0.006581054757225119
762.0,0.0065210459689681475
763.0,0.006433517158960625
764.0,0.006386831915048073
765.0,0.006364400003277949
766.0,0.006358880559645198
767.0,0.0063567372288240425
768.0,0.006353743945935029
769.0,0.00635668226069229
770.0,0.006362505232940982
771.0,0.006373201195903506
772.0,0.006384282544159933
773.0,0.006404177038332698
774.0,0.006426237486480442
775.0,0.006447125303453134
776.0,0.006472622626168019
777.0,0.006502484108935745
778.0,0.006536475563928705
779.0,0.00657087304485531
780.0,0.006598453826446746
781.0,0.00663284137789914
782.0,0.006678563438464733
783.0,0.006719992131707231
784.0,0.006757485883253839
785.0,0.006797224266721533
786.0,0.006841008278794085
787.0,0.006892530405790118
788.0,0.006952952587644031
789.0,0.007012468011654185
790.0,0.007064708877018102
791.0,0.007124698379033274
792.0,0.007195270136960336
793.0,0.007256172121215576
794.0,0.0073219502062550745
795.0,0.007389402883625297
796.0,0.00744874463158141
797.0,0.007507184915926407
798.0,0.007560555935590439
799.0,0.007610750637168401
800.0,0.007656691471930268
801.0,0.007708135861066263
802.0,0.007752640306395817
803.0,0.007784100328160362
804.0,0.007815266852508912
805.0,0.007834789797227855
806.0,0.007837621924880021
807.0,0.007826243465425037
808.0,0.007803030779876578
809.0,0.007772846267846858
810.0,0.007726994832053952
811.0,0.007667938973113643
812.0,0.007602507361906803
813.0,0.007525224966147645
814.0,0.007440938654882276
815.0,0.007357504770710101
816.0,0.007272733187442068
817.0,0.007160817442067265
818.0,0.0070440446201392014
819.0,0.006931817803584485
820.0,0.006798700447607683
821.0,0.006643727493271831
822.0,0.006456532168290697
823.0,0.006247202776060256
824.0,0.006021901158121931
825.0,0.005783748242861291
826.0,0.005548378441346982
827.0,0.005312675581647147
828.0,0.005068224272000684
829.0,0.004831603767933462
830.0,0.004608163264608743
831.0,0.004411774827545093
832.0,0.004245577012690712
833.0,0.004112157115877592
834.0,0.004003626501272871
835.0,0.003916538678421572
836.0,0.0038359403803324013
837.0,0.00376581602871197
838.0,0.003713199609140906
839.0,0.0036666461274891407
840.0,0.0036247884424985407
841.0,0.003592944990707851
842.0,0.003551609654112219
843.0,0.003505784100126455
844.0,0.0034821052451523096
845.0,0.0034601916997289823
846.0,0.00342353212516419
847.0,0.0033887601669419483
848.0,0.003358407226566057
849.0,0.0033253686569911177
850.0,0.00329153871340856
851.0,0.0032613293370454904
852.0,0.003239675219762016
853.0,0.003214576962992104
854.0,0.0031911538955587534
855.0,0.0031521052400643778
856.0,0.003108253825792691
857.0,0.003093539121074899
858.0,0.003080478404834551
859.0,0.003057003704411195
860.0,0.0030227237556733596
861.0,0.002987041584980135
862.0,0.002970729385314455
863.0,0.0029556299366139223
864.0,0.0029295336238093802
865.0,0.0028962032316048264
866.0,0.0028755783402410165
867.0,0.0028567809845230193
868.0,0.0028219721604529576
869.0,0.0027797971522906333
870.0,0.002730906937143754
871.0,0.0027012307081865023
872.0,0.002689341691561593
873.0,0.0026606839128053574
874.0,0.00262761504384083
875.0,0.002591796727834941
876.0,0.0025691078582662933
877.0,0.0025305797441878128
878.0,0.0024784580771487702
879.0,0.0024293094142640017
880.0,0.0024027955081681483
881.0,0.0023934143640201152
882.0,0.002361994306646573
883.0,0.0023124055682260825
884.0,0.002293989851006557
885.0,0.0022571405547832557
886.0,0.0021912933260385356
887.0,0.0021685494085244934
888.0,0.0021532297907964873
889.0,0.0021189075427832165
890.0,0.0020902278941236758
891.0,0.002060488934393025
892.0,0.0020241819924112737
893.0,0.0019885908208803343
894.0,0.001967225364464233
895.0,0.0019367044206445392
896.0,0.001898644876818936
897.0,0.001852642061772629
898.0,0.0018277606428682698
899.0,0.0018180266140571766
