/begin_header
/west_longitude=UNKNOWN
/south_latitude=NA
/north_latitude=UNKNOWN
/calibration_files=NA
/cruise=NA
/station=NA
/documents=NA
/data_type=NA
/affiliations=NOAA
/experiment=NA
/units=nm,dl
/start_date=2019-08-07
/end_date=NA
/missing=9999
/start_time=14:45:32
/data_file_name=NA
/cloud_percent=NA
/water_depth=NA
/data_status=NA
/east_longitude=NA
/wind_speed=NA
/secchi=NA
/measurement_depth=NA
/fields=wavelength,rrs
/delimiter=comma
/contact=NA
/end_time=NA
/wave_height=NA
/investigators=NA
/end_header@
325.0,0.015235957253447294
326.0,0.015248500334341986
327.0,0.015242495610432862
328.0,0.015219463573975859
329.0,0.015172553103224731
330.0,0.015180811097917307
331.0,0.015230716632564312
332.0,0.0151886163969339
333.0,0.015136786946082465
334.0,0.01518140458382691
335.0,0.015186151883241012
336.0,0.015146780195496437
337.0,0.015135365408087114
338.0,0.015142352926283159
339.0,0.015114584070590398
340.0,0.015125812990892098
341.0,0.015148908660834662
342.0,0.015128997152445815
343.0,0.015137160410043992
344.0,0.015172438132333054
345.0,0.01513519931779354
346.0,0.015128701174853492
347.0,0.015185833296149054
348.0,0.01520581052967189
349.0,0.015222631907758383
350.0,0.015232433104210807
351.0,0.015235315574927081
352.0,0.015236504063916
353.0,0.015242359947329333
354.0,0.015240385526819476
355.0,0.015227048708433017
356.0,0.015242018313881217
357.0,0.015252004897118476
358.0,0.015234347972131801
359.0,0.015241498338384212
360.0,0.015261203375573972
361.0,0.015239293214736114
362.0,0.015220076434351424
363.0,0.015205447639994143
364.0,0.015184637546297609
365.0,0.015166423787004269
366.0,0.015161500403714234
367.0,0.01514657535056618
368.0,0.015110579642815586
369.0,0.015079678969135476
370.0,0.015048181936344603
371.0,0.015015192342356815
372.0,0.015004667075708175
373.0,0.014987469819816829
374.0,0.014951322015593266
375.0,0.01491923621100728
376.0,0.014885212749260936
377.0,0.01484340847538769
378.0,0.014818215483790777
379.0,0.014798750614547227
380.0,0.014750343640857482
381.0,0.014726433156578154
382.0,0.01473941701070769
383.0,0.01472374744135115
384.0,0.014689961513144112
385.0,0.01467035416136427
386.0,0.014650555549910498
387.0,0.014632960236079687
388.0,0.014616602355533368
389.0,0.01459015232570987
390.0,0.014560996621756608
391.0,0.014556212837892246
392.0,0.014546884510852842
393.0,0.014509328706493038
394.0,0.014489223738785525
395.0,0.01447141178657244
396.0,0.014420039798006008
397.0,0.014357728596639877
398.0,0.014298903492257872
399.0,0.014263381527277028
400.0,0.014226779742508197
401.0,0.014179765450051948
402.0,0.014128100832747986
403.0,0.014075734785824964
404.0,0.01403829560903351
405.0,0.013992723553556305
406.0,0.013927458553491506
407.0,0.013878829332847545
408.0,0.0138319390678447
409.0,0.013763246952314734
410.0,0.013694311003481277
411.0,0.013632160008613909
412.0,0.013580121345114844
413.0,0.013535674514140953
414.0,0.013497588506301578
415.0,0.013456998183762439
416.0,0.013415628751928596
417.0,0.013382969291176772
418.0,0.013352425338489269
419.0,0.013325992395664366
420.0,0.013302343201167913
421.0,0.013280416729446859
422.0,0.013258640340128169
423.0,0.013242167115313671
424.0,0.013228565477412826
425.0,0.013211609267937796
426.0,0.013197692713733536
427.0,0.01318153709828825
428.0,0.01315483944413678
429.0,0.013124651461122738
430.0,0.013093731464645968
431.0,0.013049492847738032
432.0,0.01300410406177405
433.0,0.012969313699156538
434.0,0.012933826209748093
435.0,0.012900374471163201
436.0,0.012879435129823
437.0,0.012867790077001718
438.0,0.012861339510259227
439.0,0.01287205604928042
440.0,0.012895818050288216
441.0,0.012927637479890466
442.0,0.012977434827061114
443.0,0.01304526086065462
444.0,0.013121580601221275
445.0,0.013218756848762735
446.0,0.01334369909145262
447.0,0.013468946629460432
448.0,0.013594068800216446
449.0,0.013726924966779195
450.0,0.013863078147822078
451.0,0.014001488413661094
452.0,0.01413788045690526
453.0,0.014269254405559326
454.0,0.014393013649404226
455.0,0.014511623415159658
456.0,0.014621750612728007
457.0,0.014707949735721088
458.0,0.01478363671072538
459.0,0.01485856510604984
460.0,0.014929950189286412
461.0,0.014993310600478205
462.0,0.015054545828606686
463.0,0.01511618032792092
464.0,0.015177636451611692
465.0,0.015240275516476168
466.0,0.015303554920378038
467.0,0.015365913830641226
468.0,0.015424952876059462
469.0,0.015482306047819947
470.0,0.01554044951494829
471.0,0.01559312955498202
472.0,0.015639555690171524
473.0,0.01568609716384816
474.0,0.015728300071923444
475.0,0.01576653512291739
476.0,0.015802096238108694
477.0,0.01583944009231816
478.0,0.01587798557279522
479.0,0.01591731058479067
480.0,0.01596070986123921
481.0,0.016010164692458244
482.0,0.016061867125069233
483.0,0.016110697721635585
484.0,0.01616515987061675
485.0,0.01622680964961786
486.0,0.0162842078544019
487.0,0.01634530943708961
488.0,0.01641024971742155
489.0,0.016472297139188602
490.0,0.01654217709814674
491.0,0.016624168889120584
492.0,0.016717426525593132
493.0,0.01682302925414981
494.0,0.016939717395940867
495.0,0.0170629431569429
496.0,0.017194389915254776
497.0,0.017334105974521775
498.0,0.01748477318748363
499.0,0.017648438140354893
500.0,0.01782426749619547
501.0,0.018009473776996476
502.0,0.018193039722962046
503.0,0.018373995098853256
504.0,0.01856001256062819
505.0,0.018754073585134756
506.0,0.018955714122956817
507.0,0.019163478345964706
508.0,0.019368022083041052
509.0,0.019568229576418482
510.0,0.019766927451213858
511.0,0.019967661926762015
512.0,0.02017501249219213
513.0,0.02038859281545616
514.0,0.020614446523534384
515.0,0.02086269312701089
516.0,0.02113240932962565
517.0,0.021420196693391586
518.0,0.021715296898898583
519.0,0.022011235621956567
520.0,0.022304545491196627
521.0,0.022605048888168982
522.0,0.02292347983189181
523.0,0.023263903442648715
524.0,0.023627187197745578
525.0,0.02400667943836866
526.0,0.02440632474636682
527.0,0.02482504828430839
528.0,0.025246087675802588
529.0,0.025667409542006463
530.0,0.02609441495388224
531.0,0.026534958171092193
532.0,0.026990115710209935
533.0,0.027454371209333278
534.0,0.027914920019359468
535.0,0.02836402274665732
536.0,0.028810505394256846
537.0,0.029247889158476113
538.0,0.029675625905341008
539.0,0.030090023442888924
540.0,0.03048962056883562
541.0,0.030871750543965053
542.0,0.03122884460478593
543.0,0.03155600790724351
544.0,0.031853449870980224
545.0,0.0321190122697665
546.0,0.03235462040823972
547.0,0.032560562086825846
548.0,0.03273757863509334
549.0,0.03288525277860643
550.0,0.03301244415236185
551.0,0.03312476131980205
552.0,0.03322261767536835
553.0,0.033302980373396615
554.0,0.03336382175118411
555.0,0.03340210518829869
556.0,0.03341633469473111
557.0,0.033403467500482016
558.0,0.033369598037044264
559.0,0.033313476946841655
560.0,0.033227861920681764
561.0,0.033118990563356966
562.0,0.032988303529335856
563.0,0.032834529659804136
564.0,0.03265771165861441
565.0,0.03246106891206686
566.0,0.03223470121257708
567.0,0.031975134220512354
568.0,0.03169738387386253
569.0,0.03140018011302152
570.0,0.031079026414654477
571.0,0.03074353706527263
572.0,0.03040404149535551
573.0,0.030051987214997255
574.0,0.029691489188246288
575.0,0.029332660121927184
576.0,0.028959605340611632
577.0,0.02857215369471221
578.0,0.028180990714729202
579.0,0.027774000937558087
580.0,0.02735014884623902
581.0,0.02691476759669183
582.0,0.026469558097542388
583.0,0.02600896353545646
584.0,0.02554385560435063
585.0,0.025073178785471283
586.0,0.024573460780301894
587.0,0.024058518604209295
588.0,0.02353784558150997
589.0,0.023007781591994923
590.0,0.02248360023682957
591.0,0.02198966041364158
592.0,0.021508225102999563
593.0,0.021005274827753107
594.0,0.020471959552789576
595.0,0.01991164167193351
596.0,0.019327078433125262
597.0,0.018720837181166287
598.0,0.01810483125664316
599.0,0.01750661412668995
600.0,0.016962084348268264
601.0,0.016498473132655726
602.0,0.016110160062035982
603.0,0.015796678478492546
604.0,0.015556554497571687
605.0,0.015361373545236279
606.0,0.015190332691537745
607.0,0.015030729075099248
608.0,0.014878791931318466
609.0,0.014733264056038345
610.0,0.014588726883222398
611.0,0.01444532976655653
612.0,0.014304294456539047
613.0,0.014163251167532653
614.0,0.014022833757765207
615.0,0.013897685710326077
616.0,0.013776961803066609
617.0,0.013647640703334732
618.0,0.013525173398838663
619.0,0.013414609782746145
620.0,0.013313613111007958
621.0,0.013218397688223008
622.0,0.013132870322730384
623.0,0.013051916406584357
624.0,0.012972819582923881
625.0,0.012888214994727828
626.0,0.012805815168671703
627.0,0.012727966169985228
628.0,0.012668847544080259
629.0,0.012628607643628725
630.0,0.01261653957381017
631.0,0.012603266088916066
632.0,0.012585934843782662
633.0,0.012585594842862053
634.0,0.012589051232391093
635.0,0.012589926610517277
636.0,0.012603021381517981
637.0,0.01262251569951417
638.0,0.012640456017636989
639.0,0.012655445579339814
640.0,0.012665290352216033
641.0,0.01266945785308363
642.0,0.01266653889302025
643.0,0.012657492211983482
644.0,0.012624740102020096
645.0,0.01257073692078069
646.0,0.012508071427915764
647.0,0.012449577751200307
648.0,0.012400160155482965
649.0,0.012345561988082192
650.0,0.012268468921475135
651.0,0.012153088580387963
652.0,0.012022873174003508
653.0,0.01188188428815403
654.0,0.011723583076118952
655.0,0.011522559129597718
656.0,0.011274250404247106
657.0,0.010986802073370055
658.0,0.010699024633348708
659.0,0.010431317725813793
660.0,0.010175064089105493
661.0,0.009931820313343366
662.0,0.009699253873562023
663.0,0.009469987006874408
664.0,0.009241476252573686
665.0,0.009024271687572137
666.0,0.00882285152347743
667.0,0.008636796351810739
668.0,0.008468129045905753
669.0,0.008324001566018794
670.0,0.008201658161951486
671.0,0.008095477387761885
672.0,0.0079969250792879
673.0,0.007914571380906999
674.0,0.007849690749845489
675.0,0.007798934906795482
676.0,0.007762461954119444
677.0,0.0077446530491792984
678.0,0.007740769100029551
679.0,0.007759685022610316
680.0,0.007821861867596215
681.0,0.007900328739354626
682.0,0.007997424837187466
683.0,0.008136852827478263
684.0,0.008297016414139028
685.0,0.008468628213765247
686.0,0.008668611169316085
687.0,0.008895886206128061
688.0,0.009114134022777326
689.0,0.009326125011949519
690.0,0.009548060089078625
691.0,0.009749809564782738
692.0,0.009938235232434551
693.0,0.010123829748627482
694.0,0.010309260503788205
695.0,0.010488797780874378
696.0,0.01063968547851223
697.0,0.010744368695450444
698.0,0.010786383468208555
699.0,0.010796627807456528
700.0,0.010787491959240421
701.0,0.010770344210751433
702.0,0.010727407249786512
703.0,0.010645574213902071
704.0,0.01052689653762548
705.0,0.010379012451342961
706.0,0.010206658580722533
707.0,0.010018127591436405
708.0,0.009814922635765637
709.0,0.009578092289445068
710.0,0.009321866995311429
711.0,0.009047016156309682
712.0,0.008745575716186421
713.0,0.008421395114936545
714.0,0.008083674431767645
715.0,0.007722407603893489
716.0,0.007330005393873759
717.0,0.006966404415978754
718.0,0.006627611048012412
719.0,0.006336121422679033
720.0,0.006115930700297803
721.0,0.005932817559934409
722.0,0.005681570533238729
723.0,0.005410011138678505
724.0,0.005138553016015859
725.0,0.004876281352111002
726.0,0.00462659205683154
727.0,0.004382698402584826
728.0,0.004134078068824581
729.0,0.003887974437031945
730.0,0.003667732728159454
731.0,0.0034811038868704748
732.0,0.003336807724710311
733.0,0.0032027021298175174
734.0,0.00307948452436991
735.0,0.0029707969757939746
736.0,0.0028887194032181946
737.0,0.0028393589490055527
738.0,0.0028147081999359233
739.0,0.0028055505028366516
740.0,0.0027976277792704646
741.0,0.002783645655257164
742.0,0.0027693005034160915
743.0,0.002766336605552305
744.0,0.0027626674514701277
745.0,0.002756644773205756
746.0,0.0027508026383960054
747.0,0.0027443927533043803
748.0,0.0027364621875561276
749.0,0.0027272443594867197
750.0,0.002715373587179447
751.0,0.002699368172521559
752.0,0.0026901434824270977
753.0,0.002683511969606817
754.0,0.002674603893353174
755.0,0.0026584691482369016
756.0,0.0026410532854700157
757.0,0.002602941781560771
758.0,0.0025264562173922182
759.0,0.002410334590308724
760.0,0.002248138192077052
761.0,0.0021088361390035953
762.0,0.0020563413389417095
763.0,0.0020932038633175937
764.0,0.0021797430552172054
765.0,0.002287880830467156
766.0,0.0023938143576403897
767.0,0.0024683530178213854
768.0,0.0025145061093462756
769.0,0.0025463090884891553
770.0,0.00257250834980421
771.0,0.0025940112528438624
772.0,0.0026085809554625464
773.0,0.00261343242628118
774.0,0.002620951373005911
775.0,0.002637616851827898
776.0,0.0026537475334829897
777.0,0.002663565314543826
778.0,0.0026719102400222967
779.0,0.002680754022441445
780.0,0.0027011047571401598
781.0,0.002716513491161854
782.0,0.0027212446912507162
783.0,0.0027241175518870936
784.0,0.0027262689046692154
785.0,0.0027317832420746305
786.0,0.002738366622504501
787.0,0.002746184147351172
788.0,0.002748355899496051
789.0,0.0027578531276284345
790.0,0.0027887533389203455
791.0,0.00282337998804918
792.0,0.002853607081058759
793.0,0.0028701585170403648
794.0,0.002892921474639891
795.0,0.002921101976386024
796.0,0.0029326358925411264
797.0,0.0029436636868747862
798.0,0.002963301562511599
799.0,0.002973331065173504
800.0,0.002978656928402158
801.0,0.0029936022915214105
802.0,0.0030111395920328667
803.0,0.003028020314659713
804.0,0.0030442052983652586
805.0,0.0030526669255289173
806.0,0.003040140332788558
807.0,0.003021714510306895
808.0,0.002997018819316351
809.0,0.0029503071213546634
810.0,0.002898206980283885
811.0,0.002843296175425813
812.0,0.002763909462911361
813.0,0.0026776550549841888
814.0,0.002617423064589875
815.0,0.0025659933871323886
816.0,0.0025116790317223146
817.0,0.0024717118062958865
818.0,0.0024363802716310485
819.0,0.002397200412032533
820.0,0.0023455684856122042
821.0,0.0022838660531030877
822.0,0.002208355367848306
823.0,0.0021239068623567724
824.0,0.00202992778553186
825.0,0.0019236437762283002
826.0,0.0018270120020743926
827.0,0.001737128979672966
828.0,0.0016258282158600635
829.0,0.0015226994989278198
830.0,0.0014416601855033605
831.0,0.0013760891238578338
832.0,0.0013216658964285814
833.0,0.001271559015874554
834.0,0.0012304709956663744
835.0,0.0012025776416154023
836.0,0.0011954620358890994
837.0,0.0011878821915015647
838.0,0.0011644894358492353
839.0,0.0011527136064941402
840.0,0.0011545550873491098
841.0,0.0011456499599482024
842.0,0.0011322465546800672
843.0,0.0011176814192593997
844.0,0.0011091138540986513
845.0,0.0011096717326704146
846.0,0.001104288498809432
847.0,0.001076776160986484
848.0,0.0010407545450543333
849.0,0.0010457263071645276
850.0,0.0010317851711500185
851.0,0.0009938914806284765
852.0,0.000993544948746905
853.0,0.0010018874007286468
854.0,0.0009804129962102306
855.0,0.0009614629407324916
856.0,0.0009518791770672273
857.0,0.0009445007111181323
858.0,0.0009338827627219697
859.0,0.0009212320338177092
860.0,0.0009052411183703955
861.0,0.0008921049055192623
862.0,0.0009014440782444371
863.0,0.0008950197599909826
864.0,0.0008707766803225219
865.0,0.0008375330697641037
866.0,0.0008181661990425913
867.0,0.0008172784191788652
868.0,0.0008086430010919392
869.0,0.0007845674747686139
870.0,0.0007511045107353927
871.0,0.0007391163080011059
872.0,0.0007361197462544776
873.0,0.0007152919760930377
874.0,0.0006974413862096587
875.0,0.0006888206496477841
876.0,0.000661991920743056
877.0,0.0006499391256211306
878.0,0.0006465094573082314
879.0,0.0006097863533703056
880.0,0.0005642693829361608
881.0,0.0005678163440069773
882.0,0.0005632332640347716
883.0,0.0005340933988434217
884.0,0.0005292914399659783
885.0,0.0005029122014387554
886.0,0.0004414796998610925
887.0,0.000421997044334318
888.0,0.000418483712648808
889.0,0.00037079940720752936
890.0,0.00034708315485484237
891.0,0.00033677865447527246
892.0,0.0002800340895302831
893.0,0.00023963373323764476
894.0,0.0002262985606927761
895.0,0.00019752507670883993
896.0,0.00016217568537642556
897.0,0.00015050889739299272
898.0,0.00013784637008390534
899.0,0.0001477634600201121
