/begin_header
/west_longitude=UNKNOWN
/south_latitude=NA
/north_latitude=UNKNOWN
/calibration_files=NA
/cruise=NA
/station=NA
/documents=NA
/data_type=NA
/affiliations=NOAA
/experiment=NA
/units=nm,dl
/start_date=2019-08-15
/end_date=NA
/missing=9999
/start_time=13:59:40
/data_file_name=NA
/cloud_percent=NA
/water_depth=NA
/data_status=NA
/east_longitude=NA
/wind_speed=NA
/secchi=NA
/measurement_depth=NA
/fields=wavelength,rrs
/delimiter=comma
/contact=NA
/end_time=NA
/wave_height=NA
/investigators=NA
/end_header@
325.0,0.015266821325218935
326.0,0.015219578969277735
327.0,0.015158886641842858
328.0,0.015074546264633702
329.0,0.015003237519739601
330.0,0.014912115957594757
331.0,0.014740859659585177
332.0,0.014665158999310526
333.0,0.014632928700844844
334.0,0.01452044092228734
335.0,0.014383885264791738
336.0,0.014260086069811573
337.0,0.01417028977475496
338.0,0.014086662912648448
339.0,0.01399348655759996
340.0,0.013848382668909249
341.0,0.013728086330588146
342.0,0.013643361366518642
343.0,0.01354117745088782
344.0,0.013440780801004878
345.0,0.013369453492797343
346.0,0.01327793986699329
347.0,0.013168999891776553
348.0,0.01308879901607685
349.0,0.013008607077145426
350.0,0.012906274948213396
351.0,0.012822252659908343
352.0,0.01274283909195309
353.0,0.012666643326259542
354.0,0.012599296412077196
355.0,0.012535317182340286
356.0,0.012439203827252828
357.0,0.012337098759835598
358.0,0.012289041543102881
359.0,0.012228162964008214
360.0,0.01214178088737686
361.0,0.012049751951736076
362.0,0.011973307321646018
363.0,0.011911693235736476
364.0,0.011837415908473045
365.0,0.01176147821429274
366.0,0.011696845494590543
367.0,0.011632751093538405
368.0,0.011576017614857662
369.0,0.011521424545928348
370.0,0.01146366287841145
371.0,0.011400345892131318
372.0,0.011314951225444025
373.0,0.011239650967391693
374.0,0.011182819025477148
375.0,0.011126038844180876
376.0,0.011064489622278878
377.0,0.010995838342403752
378.0,0.010930223779094247
379.0,0.010885288084607035
380.0,0.010849382901073411
381.0,0.0108091911008397
382.0,0.010765020056979416
383.0,0.010711907217666374
384.0,0.010649951200784557
385.0,0.010578639309274798
386.0,0.010518193524848249
387.0,0.010478671748349835
388.0,0.010431225820910878
389.0,0.010388218372695861
390.0,0.010366076853096614
391.0,0.010331947394507919
392.0,0.010281838854847087
393.0,0.010221316866921442
394.0,0.0101753816987375
395.0,0.010141656455144175
396.0,0.010098224197627395
397.0,0.010047492034059965
398.0,0.009988830670902078
399.0,0.009943662370417123
400.0,0.009909390676693504
401.0,0.009869640161110596
402.0,0.009840931117558984
403.0,0.009819740592913465
404.0,0.009785874837187706
405.0,0.009743427390762673
406.0,0.009698554150552182
407.0,0.009662991383255005
408.0,0.00963227975046834
409.0,0.009602188886298518
410.0,0.009568894231645062
411.0,0.009532803380322748
412.0,0.009492626459560309
413.0,0.009463642279262791
414.0,0.009446337728657944
415.0,0.00943016781926899
416.0,0.009404779984237523
417.0,0.009371911009367326
418.0,0.009352553984023692
419.0,0.009345689489613172
420.0,0.009330273221035034
421.0,0.00931075506911094
422.0,0.009293189289729572
423.0,0.009273506326497805
424.0,0.00926066929927941
425.0,0.009256781149486188
426.0,0.009249335062444932
427.0,0.00923428816139309
428.0,0.00922263320336267
429.0,0.009209778654599831
430.0,0.009194792297871422
431.0,0.009183144732463447
432.0,0.009172833925896708
433.0,0.00915217207959781
434.0,0.009136089377693418
435.0,0.009127059462332318
436.0,0.009116819502937136
437.0,0.00911002241852903
438.0,0.009108829913975682
439.0,0.00911129740206245
440.0,0.009116444979725555
441.0,0.00912497170559609
442.0,0.009136270365894142
443.0,0.009150468720251988
444.0,0.009166823232759051
445.0,0.00918606337950513
446.0,0.009212076031178589
447.0,0.009236281891251814
448.0,0.009257529498747762
449.0,0.009285342830697546
450.0,0.00931461786929359
451.0,0.009345944221801074
452.0,0.009377363941913752
453.0,0.00940686467571001
454.0,0.009440086041359822
455.0,0.009469423534051178
456.0,0.009494425269311223
457.0,0.009520053829307538
458.0,0.009544838497926564
459.0,0.009571768571959674
460.0,0.009599067986831102
461.0,0.00962741644081079
462.0,0.009652209247454845
463.0,0.009679102129355924
464.0,0.00971043931906879
465.0,0.00974691939942119
466.0,0.00978106191871157
467.0,0.00980888216888431
468.0,0.009842136966518696
469.0,0.009877707744198683
470.0,0.009910305942924334
471.0,0.00994321060224729
472.0,0.009976630648166576
473.0,0.01000382343056241
474.0,0.010031278612522216
475.0,0.010059485625846736
476.0,0.010086212210356497
477.0,0.010111786375166458
478.0,0.010134996168687078
479.0,0.010160531653112929
480.0,0.01018729324833611
481.0,0.01021220705834562
482.0,0.010237503766193565
483.0,0.010265254147854463
484.0,0.0102966827536003
485.0,0.010327555607997207
486.0,0.010354568401918786
487.0,0.010380732316976667
488.0,0.010403842476351592
489.0,0.01041854972275855
490.0,0.010431564989782972
491.0,0.01045797879534598
492.0,0.01049224313705259
493.0,0.0105290252331202
494.0,0.01056010452756685
495.0,0.010591761047884432
496.0,0.010631160052393313
497.0,0.010675172250475796
498.0,0.010721098205986213
499.0,0.010770038656183206
500.0,0.010820625946778253
501.0,0.010872655344654234
502.0,0.010926803088330671
503.0,0.0109786137624281
504.0,0.011028390203035941
505.0,0.011076160638015031
506.0,0.01111730073129538
507.0,0.01115608947057908
508.0,0.011189589088102683
509.0,0.011217691468949834
510.0,0.011241502202557886
511.0,0.011264260681239546
512.0,0.011292143861233037
513.0,0.011334671852673811
514.0,0.011391343257072643
515.0,0.011456976592009387
516.0,0.011532940414682526
517.0,0.01161758218613145
518.0,0.01170822109406942
519.0,0.011794923586783466
520.0,0.011869574437176292
521.0,0.011948187151896602
522.0,0.012031944709621295
523.0,0.012116801752578552
524.0,0.012203044753369804
525.0,0.0122872888703934
526.0,0.012376878360949983
527.0,0.012464829956203776
528.0,0.012538715103339862
529.0,0.012610927115249129
530.0,0.012684699931364618
531.0,0.012758645889004258
532.0,0.012832332027930604
533.0,0.012904316360924577
534.0,0.012971663192121294
535.0,0.013033103134041098
536.0,0.013090547588657835
537.0,0.013148083683343284
538.0,0.013208740505377407
539.0,0.013258869756181263
540.0,0.013301393051030858
541.0,0.013342793324200786
542.0,0.01337625201110226
543.0,0.013399559946659294
544.0,0.013415321062547659
545.0,0.013423198280448852
546.0,0.013420798706491497
547.0,0.013414994649185715
548.0,0.01340551672732912
549.0,0.013392325051855702
550.0,0.013380280774596322
551.0,0.013373776813054142
552.0,0.01337463277086659
553.0,0.013384476312182512
554.0,0.013404084441011394
555.0,0.013421117077271585
556.0,0.013434156272628561
557.0,0.013452657259793416
558.0,0.013464652716604575
559.0,0.013464205141757293
560.0,0.013457662449073616
561.0,0.013445305058188662
562.0,0.013427927933875464
563.0,0.013403839381951815
564.0,0.013371202153791381
565.0,0.013327289994089627
566.0,0.013276728956678693
567.0,0.013219709577508306
568.0,0.013154947285255352
569.0,0.01307982443351533
570.0,0.012986065013013437
571.0,0.012880907686084528
572.0,0.012772394547056623
573.0,0.012649431026790624
574.0,0.01251426957407564
575.0,0.012367315867315475
576.0,0.012203457085576599
577.0,0.012021482017864973
578.0,0.011818356308936233
579.0,0.011594133643765643
580.0,0.011350579487674999
581.0,0.011093485912553904
582.0,0.010832018358811547
583.0,0.010565954044997713
584.0,0.010296596119271337
585.0,0.010024986224191946
586.0,0.00974871530046034
587.0,0.009476205044034017
588.0,0.009211223976467902
589.0,0.008936179884668213
590.0,0.00865545202324541
591.0,0.008381889301589642
592.0,0.00811046431920109
593.0,0.007829884656817988
594.0,0.0075430046346555745
595.0,0.007246990312743444
596.0,0.006933748048206241
597.0,0.006610025888432953
598.0,0.006289433364598511
599.0,0.006004472729881329
600.0,0.005755742182143729
601.0,0.0055404924375369625
602.0,0.005375713205540654
603.0,0.0052590883879047685
604.0,0.005175060558579021
605.0,0.005109175364396643
606.0,0.005054275931485834
607.0,0.005007398135647651
608.0,0.004968811148067237
609.0,0.004935949706988486
610.0,0.004903629016772671
611.0,0.004869615662592192
612.0,0.004835436694612272
613.0,0.004798440643464287
614.0,0.004758411245335674
615.0,0.004724698439143134
616.0,0.004691815217422033
617.0,0.004657335448596521
618.0,0.004617328049863829
619.0,0.004574418205316107
620.0,0.004540939212406103
621.0,0.004511062503297961
622.0,0.004477885155652481
623.0,0.004445868421164443
624.0,0.0044128682705419885
625.0,0.004375320950861889
626.0,0.004338182935044206
627.0,0.004301615298227546
628.0,0.004272400596064673
629.0,0.004245924064009491
630.0,0.004222840973439965
631.0,0.0041980747182715295
632.0,0.004168753722695068
633.0,0.004140604139078771
634.0,0.004116477890668737
635.0,0.004091900117730694
636.0,0.004066497260171142
637.0,0.004039259514706711
638.0,0.004010520414073132
639.0,0.003987158561216993
640.0,0.003968461100859534
641.0,0.003933825844213779
642.0,0.0038985707468265967
643.0,0.003871018700823469
644.0,0.0038390436314637106
645.0,0.0038025409981111884
646.0,0.0037655540132301205
647.0,0.0037293900395937744
648.0,0.003695215828955685
649.0,0.00365869938990509
650.0,0.0036145141112418795
651.0,0.0035712133126065857
652.0,0.003517171957303461
653.0,0.00345228093307616
654.0,0.003393833100813106
655.0,0.003326466187209185
656.0,0.0032452304172904583
657.0,0.003160748772889157
658.0,0.00308309577317492
659.0,0.0030185591837243848
660.0,0.0029660417735782626
661.0,0.002930046403025789
662.0,0.0028983910247537817
663.0,0.002865800174441995
664.0,0.002826743533155385
665.0,0.0027959396522523198
666.0,0.0027763423370523186
667.0,0.0027503162791801417
668.0,0.0027263142665214573
669.0,0.002708794974701881
670.0,0.002695032893282611
671.0,0.002678874751313306
672.0,0.002664906272418403
673.0,0.002654511043177961
674.0,0.0026463391085617153
675.0,0.0026300525468873925
676.0,0.002616921464906954
677.0,0.0026082141409964573
678.0,0.002595882661478507
679.0,0.002579812347137754
680.0,0.002562958215231171
681.0,0.0025485408749668426
682.0,0.0025400971718693684
683.0,0.0025301802885270798
684.0,0.002518650368058319
685.0,0.0025043719475936
686.0,0.0024896337320805596
687.0,0.002470472923268545
688.0,0.0024375551195989975
689.0,0.0024007712539867187
690.0,0.002363028189424725
691.0,0.0023194893029574422
692.0,0.002276185823644074
693.0,0.002238359797282896
694.0,0.0021974766252922514
695.0,0.0021520893685911136
696.0,0.0021081758297469113
697.0,0.0020628108543780986
698.0,0.0020094805740797908
699.0,0.0019593746189381814
700.0,0.0019120857949120797
701.0,0.001864507940293593
702.0,0.001816078114122569
703.0,0.0017686961403792576
704.0,0.0017176584599240558
705.0,0.0016629669598941094
706.0,0.0016119219811411862
707.0,0.0015623380802108956
708.0,0.0015121065612888032
709.0,0.0014585916562733048
710.0,0.0014069560614902979
711.0,0.0013548231825223885
712.0,0.0013042703884824215
713.0,0.0012560605523186433
714.0,0.0012050632764822804
715.0,0.0011465002281341326
716.0,0.0010827495858498515
717.0,0.0010348165700977787
718.0,0.000990440164105822
719.0,0.0009521729567710619
720.0,0.0009159789051277857
721.0,0.0008816883313487933
722.0,0.0008474091078688696
723.0,0.0008098850912449069
724.0,0.000770471407741595
725.0,0.0007347622465714214
726.0,0.0007059934198226212
727.0,0.0006701745097873942
728.0,0.0006392859255588288
729.0,0.0006147532830512719
730.0,0.0005790696622523779
731.0,0.0005490505470205924
732.0,0.0005302851612503135
733.0,0.000511600806887345
734.0,0.0004929551636013582
735.0,0.00047972734944031316
736.0,0.0004724739302339927
737.0,0.0004654764994556033
738.0,0.0004549783878142562
739.0,0.00044800841467457426
740.0,0.0004438122536325444
741.0,0.0004398921108794289
742.0,0.0004359108500455838
743.0,0.0004273141977785815
744.0,0.00042534448831741046
745.0,0.0004304702903425315
746.0,0.0004268890095083794
747.0,0.00041968015244817005
748.0,0.0004106646899340623
749.0,0.0004087344050416965
750.0,0.00041033408496601577
751.0,0.0004043282650859407
752.0,0.00039885209106704995
753.0,0.00039553153939417203
754.0,0.0003898172200422213
755.0,0.0003855073452865526
756.0,0.0003804760843234708
757.0,0.00037095695440344384
758.0,0.0003569669120359614
759.0,0.0003284324568361947
760.0,0.00028592430106938834
761.0,0.0002560441132765159
762.0,0.00026341469354063644
763.0,0.00028492012268323963
764.0,0.00028562254390206187
765.0,0.0002970374870160565
766.0,0.0003159434025274835
767.0,0.0003243272750862148
768.0,0.00032477982101403603
769.0,0.00032785900993689826
770.0,0.00033396355269428937
771.0,0.0003386685782037626
772.0,0.0003366599218986429
773.0,0.0003292132694626311
774.0,0.0003204404941182949
775.0,0.0003227985478080128
776.0,0.0003257857335827023
777.0,0.00032267621177266726
778.0,0.0003223731772687335
779.0,0.0003242341635117215
780.0,0.0003202721237337826
781.0,0.0003197879412648686
782.0,0.0003209629183766149
783.0,0.0003152931381927431
784.0,0.00031392316187644337
785.0,0.0003189025776643893
786.0,0.0003156873609438611
787.0,0.000308330303580328
788.0,0.0003104168256649521
789.0,0.0003114690523798717
790.0,0.0003099775022875938
791.0,0.00030294110652074046
792.0,0.0003022557064557477
793.0,0.0003124650367617203
794.0,0.00031413184241726907
795.0,0.00030577587112179345
796.0,0.00031115567905696823
797.0,0.00031540657559311306
798.0,0.00030985867650433474
799.0,0.0003046918189504047
800.0,0.00029874348661229323
801.0,0.0003059592776667417
802.0,0.00030958168103378976
803.0,0.00030333696121883383
804.0,0.0003021202012900209
805.0,0.0003015075717456777
806.0,0.0003044269502333269
807.0,0.0003102660137692877
808.0,0.00031124813918156447
809.0,0.00029528406146157247
810.0,0.00027954286133797195
811.0,0.0002685341718464696
812.0,0.0002574349793534605
813.0,0.00024477307132444765
814.0,0.00023620993343272112
815.0,0.0002268168147376665
816.0,0.00021975385428489773
817.0,0.00021815571791480853
818.0,0.0002130465731147139
819.0,0.00019995384593860739
820.0,0.00019483739971596362
821.0,0.00019551806955165485
822.0,0.000184180465660977
823.0,0.00016420482596895612
824.0,0.00014829351427096216
825.0,0.0001388307228690277
826.0,0.00013438777666195477
827.0,0.00013367389001173923
828.0,0.00011968091048015985
829.0,9.958261556315124e-05
830.0,7.466864635445537e-05
831.0,6.693127049091252e-05
832.0,7.313166085470711e-05
833.0,6.194067731897825e-05
834.0,4.976826834606952e-05
835.0,4.9945511878033494e-05
836.0,4.930359862886611e-05
837.0,4.7385710812092774e-05
838.0,5.3109056799221206e-05
839.0,4.540427001413682e-05
840.0,2.2774593543289322e-05
841.0,2.3034654365268443e-05
842.0,1.334304020118512e-05
843.0,2.1382144203933533e-05
844.0,1.8372863314958943e-05
845.0,3.4349146867668817e-05
846.0,4.265993957493958e-05
847.0,3.66839097519842e-05
848.0,4.3264061382905436e-05
849.0,8.15791158865612e-05
850.0,0.00010000000000000002
851.0,6.466036926370072e-05
852.0,8.159948246597088e-05
853.0,0.00010000000000000002
854.0,0.00010000000000000002
855.0,0.00010000000000000002
856.0,9.123610380809346e-05
857.0,0.00010000000000000002
858.0,0.00010000000000000002
859.0,0.00010000000000000002
860.0,0.00010000000000000002
861.0,0.00010000000000000002
862.0,0.00010000000000000002
863.0,0.00010000000000000002
864.0,0.00010000000000000002
865.0,0.00010000000000000002
866.0,0.00010000000000000002
867.0,0.00010000000000000002
868.0,0.00010000000000000002
869.0,0.00010000000000000002
870.0,0.00010000000000000002
871.0,0.00010000000000000002
872.0,0.00010000000000000002
873.0,0.00010000000000000002
874.0,0.00010000000000000002
875.0,0.00010000000000000002
876.0,0.00010000000000000002
877.0,0.00010000000000000002
878.0,0.00010000000000000002
879.0,0.00010000000000000002
880.0,0.00010000000000000002
881.0,0.00010000000000000002
882.0,0.00010000000000000002
883.0,0.00010000000000000002
884.0,0.00010000000000000002
885.0,0.00010000000000000002
886.0,0.00010000000000000002
887.0,0.00010000000000000002
888.0,0.00010000000000000002
889.0,0.00010000000000000002
890.0,0.00010000000000000002
891.0,0.00010000000000000002
892.0,0.00010000000000000002
893.0,0.00010000000000000002
894.0,0.00010000000000000002
895.0,0.00010000000000000002
896.0,0.00010000000000000002
897.0,0.00010000000000000002
898.0,0.00010000000000000002
899.0,0.00010000000000000002
