/begin_header
/west_longitude=UNKNOWN
/south_latitude=NA
/north_latitude=UNKNOWN
/calibration_files=NA
/cruise=NA
/station=NA
/documents=NA
/data_type=NA
/affiliations=NOAA
/experiment=NA
/units=nm,dl
/start_date=2019-08-15
/end_date=NA
/missing=9999
/start_time=13:51:05
/data_file_name=NA
/cloud_percent=NA
/water_depth=NA
/data_status=NA
/east_longitude=NA
/wind_speed=NA
/secchi=NA
/measurement_depth=NA
/fields=wavelength,rrs
/delimiter=comma
/contact=NA
/end_time=NA
/wave_height=NA
/investigators=NA
/end_header@
325.0,0.010943333607371172
326.0,0.01091550175388472
327.0,0.010886728608430287
328.0,0.010846157873961527
329.0,0.010843261356357865
330.0,0.010802640544058197
331.0,0.010632630232145956
332.0,0.010574095655339245
333.0,0.010598083187738205
334.0,0.010580920419268617
335.0,0.010513526270130214
336.0,0.01043252770455699
337.0,0.010411065347555799
338.0,0.010367945106059111
339.0,0.010288747748947178
340.0,0.010225193166746794
341.0,0.010182322056982706
342.0,0.010106509277892193
343.0,0.010026097654826944
344.0,0.009971285492624713
345.0,0.009944510963414869
346.0,0.00989577035052277
347.0,0.009813265938264842
348.0,0.00976786726038971
349.0,0.009731752188506538
350.0,0.009669637462634276
351.0,0.009631107814977672
352.0,0.009593416087760116
353.0,0.009549400673909149
354.0,0.009510497653752429
355.0,0.009471261538256694
356.0,0.009419265019781735
357.0,0.009366151343345954
358.0,0.009349700344127864
359.0,0.009317142467761757
360.0,0.009264148835019543
361.0,0.009214551756437313
362.0,0.009168879008518014
363.0,0.009127740385368748
364.0,0.00909896934249744
365.0,0.009066383628209008
366.0,0.009034096677372507
367.0,0.008991102083392686
368.0,0.008949187629493132
369.0,0.008913726510823455
370.0,0.008886578103778672
371.0,0.00886741062651059
372.0,0.00883996854391544
373.0,0.008802489558982786
374.0,0.008753146784402817
375.0,0.00872161039664865
376.0,0.00869656247144519
377.0,0.008656035763476844
378.0,0.008615636614452474
379.0,0.008590736373024177
380.0,0.008585623168475807
381.0,0.00858173978830588
382.0,0.008571936326287881
383.0,0.008536961149735312
384.0,0.008494040533736504
385.0,0.008448675919642826
386.0,0.008428609098828135
387.0,0.008431369090138302
388.0,0.008391822213579227
389.0,0.008364575646197858
390.0,0.008368386914213854
391.0,0.008361155259855526
392.0,0.008335030652946296
393.0,0.008301478451770592
394.0,0.00827686481466668
395.0,0.008260692188778094
396.0,0.008243486873353514
397.0,0.008219959956509149
398.0,0.008182297254182633
399.0,0.008155431078714867
400.0,0.008136519290692555
401.0,0.008114303391489459
402.0,0.008101987762355586
403.0,0.008097800858753062
404.0,0.00808156154059413
405.0,0.008057123686582918
406.0,0.008032091689162964
407.0,0.008018218016272716
408.0,0.008009212888053568
409.0,0.008001359454900736
410.0,0.007984159964467812
411.0,0.007959425429853999
412.0,0.007936238321024292
413.0,0.00792692355680679
414.0,0.007929371303632454
415.0,0.007927889265370915
416.0,0.00791748151345153
417.0,0.007904942593028631
418.0,0.007901394341350754
419.0,0.007907464050926679
420.0,0.007911598259593793
421.0,0.007911245255063428
422.0,0.007908226280336633
423.0,0.007901516513607845
424.0,0.007900766351920874
425.0,0.00791210777554655
426.0,0.007921411581546883
427.0,0.007921579534472329
428.0,0.007920947102914005
429.0,0.007922664936618636
430.0,0.007927084199013154
431.0,0.007931517327151413
432.0,0.007935437785056954
433.0,0.007932384937085294
434.0,0.007928513500010951
435.0,0.007928516834474897
436.0,0.007934583775856364
437.0,0.007943714388551175
438.0,0.007954405250609512
439.0,0.007968110903270289
440.0,0.007986257942791019
441.0,0.008009991156973149
442.0,0.008032709303944795
443.0,0.008055075913362053
444.0,0.008083772012288533
445.0,0.008115422941255149
446.0,0.008150671588815255
447.0,0.008188656563798231
448.0,0.008226097277762391
449.0,0.008260345595930875
450.0,0.008297137827568168
451.0,0.008340125494859515
452.0,0.008382180944659362
453.0,0.008421922409709492
454.0,0.008465798092866832
455.0,0.008505080804844098
456.0,0.008539687899759344
457.0,0.008575283832860457
458.0,0.008609737145248954
459.0,0.008645551707011912
460.0,0.008682701802397944
461.0,0.008721149261316554
462.0,0.008754563664159856
463.0,0.008791353020383917
464.0,0.008833249937393622
465.0,0.008877737251601413
466.0,0.008921330570901224
467.0,0.008960807996579863
468.0,0.009000028052718934
469.0,0.00904069427750788
470.0,0.009084386598938215
471.0,0.009128397649974933
472.0,0.009171124928971357
473.0,0.009207457644794052
474.0,0.009243384666406798
475.0,0.009278700567149887
476.0,0.009313522490790958
477.0,0.00934831014142205
478.0,0.009379655100613376
479.0,0.00941400610497877
480.0,0.009451472683224845
481.0,0.009483787805110196
482.0,0.009515594302050014
483.0,0.009550064764488234
484.0,0.009588593418419248
485.0,0.009627185953292691
486.0,0.00966078157235122
487.0,0.009692529115907499
488.0,0.009725329923951337
489.0,0.00975006921790657
490.0,0.009771000919300946
491.0,0.00980101171938285
492.0,0.009842032089539678
493.0,0.009889147385560933
494.0,0.009923092831835931
495.0,0.009957719009639068
496.0,0.010005534133380907
497.0,0.010057589482792754
498.0,0.010110915182888447
499.0,0.010166666746937773
500.0,0.010223832091423139
501.0,0.010281900904244332
502.0,0.010342610603045737
503.0,0.010400999005718793
504.0,0.0104541026888885
505.0,0.010507292716988508
506.0,0.010555697479321816
507.0,0.010596199126290224
508.0,0.0106322964513961
509.0,0.010666734166961652
510.0,0.010695730892881217
511.0,0.010723801477427405
512.0,0.01075815669410303
513.0,0.010803213501399784
514.0,0.010860658827991813
515.0,0.01093306784223733
516.0,0.011015880327413897
517.0,0.011105303072435
518.0,0.011200719384626152
519.0,0.011293001511526601
520.0,0.011370906783994628
521.0,0.011454867084962222
522.0,0.011546464379226453
523.0,0.011636968731624312
524.0,0.011726362617549368
525.0,0.011814239240089206
526.0,0.011904431252675379
527.0,0.011993032300040191
528.0,0.012074498241612188
529.0,0.01215212615958862
530.0,0.012226718862426624
531.0,0.012303676348671393
532.0,0.012380841661932315
533.0,0.012456487872202413
534.0,0.012527441928619884
535.0,0.012592194978595761
536.0,0.012652873691208724
537.0,0.012714139831079729
538.0,0.012778067722754036
539.0,0.012832465858337477
540.0,0.012878982514040679
541.0,0.012922325920356461
542.0,0.012957214233916683
543.0,0.012983024677846258
544.0,0.013005839968074532
545.0,0.013020428767211222
546.0,0.013020084382254105
547.0,0.013018674131758935
548.0,0.013015002549775011
549.0,0.013003511805765483
550.0,0.012994324489769064
551.0,0.012993208987353372
552.0,0.013000181870496416
553.0,0.013014264707191891
554.0,0.013034006860986788
555.0,0.013052606487709572
556.0,0.013070034230756917
557.0,0.013096489858863195
558.0,0.013113608327142142
559.0,0.013112203128075161
560.0,0.013106672609724623
561.0,0.01309776478919058
562.0,0.013085115240019698
563.0,0.013066895695893605
564.0,0.013040405244625197
565.0,0.01300070164752502
566.0,0.012953380991008298
567.0,0.012900815003487187
568.0,0.012838750585477173
569.0,0.012765596023047485
570.0,0.012679168339124608
571.0,0.012576612768764567
572.0,0.0124641439112961
573.0,0.012345262103059917
574.0,0.012216751745612613
575.0,0.012069367597681414
576.0,0.011907226702396731
577.0,0.011729723460411595
578.0,0.011527876985042155
579.0,0.011307507624376097
580.0,0.011072336544722257
581.0,0.010820337286396794
582.0,0.010561743656663883
583.0,0.0103032479170341
584.0,0.01003864486949603
585.0,0.009767182339088437
586.0,0.009493264800156786
587.0,0.009224516482415065
588.0,0.008963219835643856
589.0,0.008691567438700955
590.0,0.008414301704729048
591.0,0.008146136202668497
592.0,0.007878438320544896
593.0,0.007599608761349909
594.0,0.007315230312205888
595.0,0.007024015573334782
596.0,0.006718022140931548
597.0,0.0063992900137583115
598.0,0.006080768831779921
599.0,0.005796102313077367
600.0,0.005549212084382855
601.0,0.0053378152125945575
602.0,0.005177140145700826
603.0,0.005063358392896568
604.0,0.004979393346850963
605.0,0.004915304086375461
606.0,0.004865582930629089
607.0,0.004824511173611417
608.0,0.004789324628411129
609.0,0.004758940877690248
610.0,0.004728187660736297
611.0,0.0046953086831802
612.0,0.004661750223810758
613.0,0.004627720894590008
614.0,0.004595303792608899
615.0,0.004562712851922139
616.0,0.004528756828780943
617.0,0.004497138168735297
618.0,0.00446089977325244
619.0,0.004420630559390264
620.0,0.004388230264975903
621.0,0.004360897829389369
622.0,0.00433249659042516
623.0,0.004303424952909139
624.0,0.004271883292748692
625.0,0.0042356018791177156
626.0,0.004200090115186926
627.0,0.004166237017104748
628.0,0.004140826901895558
629.0,0.004118362584772115
630.0,0.004094647836335575
631.0,0.00407037795300679
632.0,0.0040442361239038365
633.0,0.004017699647255485
634.0,0.003994051963634685
635.0,0.003971855051873079
636.0,0.003948749704328065
637.0,0.003924095563340372
638.0,0.003899812105905655
639.0,0.0038745754455673407
640.0,0.003847993281237916
641.0,0.003817523461922221
642.0,0.003790423477807413
643.0,0.003769459364478109
644.0,0.0037391166797678724
645.0,0.0037003720648995627
646.0,0.0036646814645728254
647.0,0.0036314890200891347
648.0,0.0035999622543702544
649.0,0.003566474730216103
650.0,0.0035237367331144203
651.0,0.003475911557214601
652.0,0.00342312914448741
653.0,0.00336544805804495
654.0,0.0033066230638818086
655.0,0.0032372688818172886
656.0,0.0031581582552809113
657.0,0.00308174289898567
658.0,0.0030126122893382387
659.0,0.0029467135608141014
660.0,0.002891687476770637
661.0,0.002854832041343934
662.0,0.0028259745954810306
663.0,0.00279891641806732
664.0,0.002763539679838922
665.0,0.002736368909463909
666.0,0.0027195755054939433
667.0,0.0026946881184099904
668.0,0.002672723868545549
669.0,0.0026575801211616086
670.0,0.0026482217700846415
671.0,0.0026370043519050425
672.0,0.002620303779839666
673.0,0.0026086732384618173
674.0,0.0026025731313557535
675.0,0.002588933011975375
676.0,0.0025779549034645496
677.0,0.0025705935752434366
678.0,0.0025611647611015077
679.0,0.002548311238932341
680.0,0.0025313773406024677
681.0,0.0025178001742118443
682.0,0.0025112787712668607
683.0,0.0025016188176153246
684.0,0.0024913645031582857
685.0,0.002478852447988798
686.0,0.0024644352500784263
687.0,0.0024457350046553977
688.0,0.0024134662195557277
689.0,0.0023764074247535007
690.0,0.002336158933783201
691.0,0.0022893349910898466
692.0,0.002244100630515822
693.0,0.0022074572383152516
694.0,0.00216808563198165
695.0,0.0021234046781873047
696.0,0.002081188886363058
697.0,0.002036119645745075
698.0,0.001977853752795184
699.0,0.0019245491275550982
700.0,0.0018781565102037826
701.0,0.001832993456122312
702.0,0.0017842003732840965
703.0,0.001734248988074717
704.0,0.0016850381591399875
705.0,0.0016333358292489302
706.0,0.0015824716243432705
707.0,0.0015337406175953696
708.0,0.0014839473880632638
709.0,0.0014331027500830967
710.0,0.0013817094817533586
711.0,0.0013271184022893583
712.0,0.0012748141630133936
713.0,0.0012254899249083604
714.0,0.0011691492709831788
715.0,0.0011131906641409267
716.0,0.00106059556033299
717.0,0.0010144378220582166
718.0,0.0009650945130717364
719.0,0.000920361590792393
720.0,0.0008838143789022302
721.0,0.0008543793592104976
722.0,0.0008194207252722891
723.0,0.0007811583236743806
724.0,0.0007415464409812748
725.0,0.0007081490325976912
726.0,0.0006800818936552389
727.0,0.0006436140385100438
728.0,0.0006107335121769135
729.0,0.0005840030307099312
730.0,0.0005520421495909969
731.0,0.0005246677700618767
732.0,0.0005047872720592799
733.0,0.0004843370798378722
734.0,0.0004615561435693643
735.0,0.00044378562664196323
736.0,0.0004369233239625925
737.0,0.0004347612533427851
738.0,0.000422707846516088
739.0,0.0004132314734758394
740.0,0.0004130909696574832
741.0,0.0004108685552506143
742.0,0.00040559229809226173
743.0,0.0003973743412383747
744.0,0.000397123676429051
745.0,0.0004022774993152633
746.0,0.0003993205773372173
747.0,0.00039442388639744945
748.0,0.0003856544042451873
749.0,0.000382702550333145
750.0,0.0003833587704949419
751.0,0.0003805333210127386
752.0,0.000378862747166043
753.0,0.0003757002548352774
754.0,0.000368946433008611
755.0,0.00036440647286675623
756.0,0.0003640921814397818
757.0,0.00035637527404292206
758.0,0.00034156287533454157
759.0,0.00032317308405169367
760.0,0.0002964733597027212
761.0,0.0002706284557763156
762.0,0.0002745434201780217
763.0,0.0002921208434345328
764.0,0.0002917356169080095
765.0,0.00030016852539345765
766.0,0.00031507712580725554
767.0,0.00032052494996924176
768.0,0.00032250445092005123
769.0,0.00033089106202127173
770.0,0.0003346919499405387
771.0,0.0003340199118608383
772.0,0.00033706686860483976
773.0,0.00033124779138223666
774.0,0.00032067592649216985
775.0,0.00032580497075863576
776.0,0.00033027333267181627
777.0,0.0003257223949887139
778.0,0.0003257902821159302
779.0,0.0003316748847235505
780.0,0.0003296894664596983
781.0,0.0003294608258712145
782.0,0.0003315711678716098
783.0,0.0003266216642511372
784.0,0.00032529373097756563
785.0,0.00033198643309518904
786.0,0.00032855192207910914
787.0,0.00031979598225860144
788.0,0.0003267347894893273
789.0,0.0003328178596677328
790.0,0.0003309130700238846
791.0,0.00032763076175377473
792.0,0.00033039222463687615
793.0,0.0003362093527708961
794.0,0.0003389705040730799
795.0,0.0003382956134413518
796.0,0.00033835549468149524
797.0,0.00033899412083566825
798.0,0.0003406859216232854
799.0,0.00033388052352502324
800.0,0.0003258139078524961
801.0,0.0003356992089332938
802.0,0.0003389201541825836
803.0,0.0003310957121398778
804.0,0.0003344881106876354
805.0,0.0003387824365156923
806.0,0.00033818862692393514
807.0,0.0003446560040963474
808.0,0.00034746032296485837
809.0,0.00032417290259744
810.0,0.0003110872476130386
811.0,0.0003135392146865677
812.0,0.00030607282622952946
813.0,0.0002901148306807112
814.0,0.0002807326817628954
815.0,0.0002725486647493194
816.0,0.0002676016864167197
817.0,0.00027191263396879616
818.0,0.0002625351530650885
819.0,0.00023650019902376516
820.0,0.00023630559430124677
821.0,0.00024362919011846487
822.0,0.00023617214179181756
823.0,0.00021585242800648105
824.0,0.00019684767290540213
825.0,0.00018818883392056365
826.0,0.00018540625640824543
827.0,0.0001847942784348173
828.0,0.00016651785833627782
829.0,0.00014321093252264738
830.0,0.00012518333588626635
831.0,0.00011503124005702542
832.0,0.00011538048620647644
833.0,0.00010607212395292886
834.0,9.815850413499028e-05
835.0,0.00010147544424826018
836.0,9.810542380457438e-05
837.0,9.336006562345432e-05
838.0,9.59598030784587e-05
839.0,9.056114963923665e-05
840.0,7.571993221669826e-05
841.0,6.879853361569609e-05
842.0,6.610148234320262e-05
843.0,6.857208779537396e-05
844.0,7.023501136571116e-05
845.0,7.017414573356372e-05
846.0,6.802844299796495e-05
847.0,5.713488603052814e-05
848.0,4.669167844660442e-05
849.0,4.752068493080013e-05
850.0,5.4589387989193564e-05
851.0,5.5472653706212324e-05
852.0,5.4462626110018853e-05
853.0,4.504612557068855e-05
854.0,3.887889334334278e-05
855.0,5.746540349896061e-05
856.0,4.805020990099816e-05
857.0,6.217082583742615e-05
858.0,5.018005647358088e-05
859.0,5.119758996800364e-05
860.0,5.329632702752538e-05
861.0,3.879728847404483e-05
862.0,3.8078148835122216e-05
863.0,5.234759464849549e-05
864.0,4.440417387084212e-05
865.0,5.48044668229946e-05
866.0,4.4485432957971556e-05
867.0,5.2863611150645626e-05
868.0,5.267873508861535e-05
869.0,5.731911931327722e-05
870.0,4.59164097725897e-05
871.0,6.208827872525576e-05
872.0,7.051477386067438e-05
873.0,7.536997293190991e-05
874.0,6.478108740057268e-05
875.0,6.9429394822293e-05
876.0,6.0598262834632454e-05
877.0,7.359667785399996e-05
878.0,9.156257540637367e-05
879.0,7.42072236169472e-05
880.0,8.115861652324188e-05
881.0,8.163808186597568e-05
882.0,9.093436189280364e-05
883.0,8.278900774635442e-05
884.0,0.00010000000000000002
885.0,9.023829747304267e-05
886.0,8.303553506694845e-05
887.0,8.641184262225127e-05
888.0,7.567878151879421e-05
889.0,9.148617428806865e-05
890.0,0.00010000000000000002
891.0,0.00010000000000000002
892.0,0.00010000000000000002
893.0,0.00010000000000000002
894.0,8.417425726246327e-05
895.0,9.226319602424144e-05
896.0,0.00010000000000000002
897.0,0.00010000000000000002
898.0,0.00010000000000000002
899.0,9.131525764267041e-05
