/begin_header
/west_longitude=UNKNOWN
/south_latitude=NA
/north_latitude=UNKNOWN
/calibration_files=NA
/cruise=NA
/station=NA
/documents=NA
/data_type=NA
/affiliations=NOAA
/experiment=NA
/units=nm,dl
/start_date=2019-08-01
/end_date=NA
/missing=9999
/start_time=11:53:12
/data_file_name=NA
/cloud_percent=NA
/water_depth=NA
/data_status=NA
/east_longitude=NA
/wind_speed=NA
/secchi=NA
/measurement_depth=NA
/fields=wavelength,rrs
/delimiter=comma
/contact=NA
/end_time=NA
/wave_height=NA
/investigators=NA
/end_header@
325.0,0.016306367720885718
326.0,0.01619997714270258
327.0,0.016077492090839383
328.0,0.016008431428329188
329.0,0.015965875367575343
330.0,0.015954071336691217
331.0,0.015917385780134147
332.0,0.015843459497466655
333.0,0.0157825436255197
334.0,0.015697385519553193
335.0,0.015634068931853096
336.0,0.015589586149502784
337.0,0.015542193702812332
338.0,0.01547113585954733
339.0,0.015368818373764605
340.0,0.01528545698108175
341.0,0.015224565673219706
342.0,0.015148083070172578
343.0,0.015112577744732531
344.0,0.01508324711967197
345.0,0.015008495278051029
346.0,0.014898924601798197
347.0,0.014786194875528538
348.0,0.014769776030282159
349.0,0.0147614877750134
350.0,0.014699271345116857
351.0,0.014615646412511233
352.0,0.014525044168998002
353.0,0.014510193394146173
354.0,0.01448204164223243
355.0,0.014419027385806471
356.0,0.014361213647513912
357.0,0.014307417263324526
358.0,0.014256335000724332
359.0,0.014215001768036065
360.0,0.014169988348453727
361.0,0.014113057348869326
362.0,0.014051711292234417
363.0,0.013997491404592255
364.0,0.013965769320457639
365.0,0.013932197876462663
366.0,0.013880935441262884
367.0,0.013820431267360822
368.0,0.01376895947231788
369.0,0.01373719778575595
370.0,0.01369585919254363
371.0,0.013644425498285035
372.0,0.013618105511094237
373.0,0.013578388826020605
374.0,0.01349908136531528
375.0,0.013428614414107929
376.0,0.013386195028697926
377.0,0.01335398517767993
378.0,0.01331537111976749
379.0,0.013266640450776324
380.0,0.013217849285713793
381.0,0.013183605546833458
382.0,0.013160978877577157
383.0,0.013124071083881996
384.0,0.01308250440205536
385.0,0.013059779059472504
386.0,0.013006870452010665
387.0,0.01293556036046426
388.0,0.012936604343499242
389.0,0.012926009390497328
390.0,0.012870644761240595
391.0,0.012838674083396728
392.0,0.012812196153453548
393.0,0.01277073189770699
394.0,0.012726058645161669
395.0,0.012673762714383644
396.0,0.012623899054041265
397.0,0.012571998494723088
398.0,0.01252332474519422
399.0,0.012467842903363011
400.0,0.012411904216199738
401.0,0.012371772988016318
402.0,0.012333838591843983
403.0,0.01229345431714927
404.0,0.012245338877079362
405.0,0.012200117468494965
406.0,0.012150583379758922
407.0,0.012085743281881514
408.0,0.012020049561580601
409.0,0.01197025495918862
410.0,0.011917787312856889
411.0,0.011861428275138846
412.0,0.011809227470759184
413.0,0.011764648301720106
414.0,0.011730917409974534
415.0,0.011692597201489938
416.0,0.011654659579941351
417.0,0.011628679286817708
418.0,0.011599333786610311
419.0,0.01156734081089435
420.0,0.011545948985373552
421.0,0.01152373328719808
422.0,0.011497386839187626
423.0,0.011474208883872008
424.0,0.011457008925628169
425.0,0.01144435207598488
426.0,0.0114273245461109
427.0,0.011404119629677951
428.0,0.011380858397199935
429.0,0.011352708603131319
430.0,0.01131802775837089
431.0,0.011286146387199813
432.0,0.011256063628229049
433.0,0.011226144731375436
434.0,0.011195102626238067
435.0,0.01116821592161687
436.0,0.011152886304688322
437.0,0.011148254461362968
438.0,0.011153082545190495
439.0,0.011164464099566215
440.0,0.01118265016934801
441.0,0.011204967892885281
442.0,0.01124187379787873
443.0,0.011296524209222458
444.0,0.011360546880028754
445.0,0.011430698952004683
446.0,0.011509242124188798
447.0,0.011597807148809407
448.0,0.011692963509837782
449.0,0.011787126066120965
450.0,0.011884176796658938
451.0,0.011982956963722398
452.0,0.012077401002969052
453.0,0.01216593346012097
454.0,0.012249009296222973
455.0,0.01232501377581252
456.0,0.012391753781256992
457.0,0.012452753470598547
458.0,0.012511081255417823
459.0,0.012566061211772372
460.0,0.012609345588855573
461.0,0.012652045883935162
462.0,0.0127018333500367
463.0,0.012749624787342673
464.0,0.012796042061570197
465.0,0.012844464117339933
466.0,0.012895549074485552
467.0,0.012947912160782126
468.0,0.01300225895403551
469.0,0.013057437792465843
470.0,0.013112126023029668
471.0,0.013166113449207711
472.0,0.013219840996790485
473.0,0.01327253339304657
474.0,0.013326988718909649
475.0,0.013381144734304606
476.0,0.013435467938147167
477.0,0.013489050311135339
478.0,0.013543261176528945
479.0,0.013595414403070832
480.0,0.013645243237830054
481.0,0.01370252236226866
482.0,0.013764484308678552
483.0,0.013825895407243069
484.0,0.013889741662952504
485.0,0.013956450745832455
486.0,0.014026203698106162
487.0,0.014094771486560029
488.0,0.014162443650220059
489.0,0.014234409553064268
490.0,0.014311476114991612
491.0,0.014389862734674607
492.0,0.014482887964606459
493.0,0.014591453325848611
494.0,0.01470593621405849
495.0,0.014832425666897403
496.0,0.014969328127467471
497.0,0.015122291323645388
498.0,0.015290410693447826
499.0,0.015472768991027706
500.0,0.015668932186087677
501.0,0.01587809325748633
502.0,0.016100396064567528
503.0,0.016333389363079768
504.0,0.016577250645763115
505.0,0.016831397448037234
506.0,0.01709715896021186
507.0,0.017379550321775787
508.0,0.017675144310967304
509.0,0.01798454123672007
510.0,0.018294802011382515
511.0,0.018609316753617034
512.0,0.01894387492564884
513.0,0.019290939885179156
514.0,0.019652256592825785
515.0,0.020027912227521656
516.0,0.020418430740239146
517.0,0.020819687243214733
518.0,0.02123243187854413
519.0,0.021643751726126436
520.0,0.022035304599706266
521.0,0.02242625063000355
522.0,0.022826275412354206
523.0,0.02322722195202056
524.0,0.023636515522648286
525.0,0.02405538798370633
526.0,0.02447655261869769
527.0,0.024897456026045674
528.0,0.02530880351131401
529.0,0.025704145936143126
530.0,0.026088895723518236
531.0,0.026478702679152793
532.0,0.02687182462847388
533.0,0.027261262936529574
534.0,0.02764882832600326
535.0,0.028027122020303313
536.0,0.028390435804784148
537.0,0.0287484869923612
538.0,0.02910756278647747
539.0,0.029454271962616678
540.0,0.029790864926542947
541.0,0.030123125779453773
542.0,0.030443105699769896
543.0,0.03074684547676567
544.0,0.031041368701219107
545.0,0.03132331797229575
546.0,0.03159032315020064
547.0,0.03184391177424103
548.0,0.03208496029334502
549.0,0.03231330721200272
550.0,0.032536376579102765
551.0,0.032756829181354044
552.0,0.032959848055885727
553.0,0.03315030761774153
554.0,0.03333411419091884
555.0,0.03349925799703664
556.0,0.03364249024263606
557.0,0.0337667686933012
558.0,0.03386950226404798
559.0,0.03394908373750028
560.0,0.034011606363493305
561.0,0.03405455377565295
562.0,0.03407372008601574
563.0,0.034075713677268936
564.0,0.03406063935976651
565.0,0.03402792018381941
566.0,0.03398080634941488
567.0,0.03392101488763841
568.0,0.033844697610157445
569.0,0.03375312050010644
570.0,0.03365383359716721
571.0,0.03354382232220386
572.0,0.03342008485069783
573.0,0.03328412393568821
574.0,0.033137940921214824
575.0,0.032983905542560796
576.0,0.0328260003203439
577.0,0.032662970702838696
578.0,0.032483449473179334
579.0,0.03229257631992732
580.0,0.03209552200969562
581.0,0.0318890449308448
582.0,0.031673491151986755
583.0,0.031450412527355094
584.0,0.031222792246108095
585.0,0.030992185044456593
586.0,0.030761717995771803
587.0,0.030529071633388895
588.0,0.03028762184690873
589.0,0.03004221286217615
590.0,0.029798016689220025
591.0,0.02955833764173806
592.0,0.029316212664514268
593.0,0.02905874316499734
594.0,0.02878684187816864
595.0,0.028490482771519755
596.0,0.028159308703016805
597.0,0.027780281719527615
598.0,0.027362113913394326
599.0,0.02694056989322761
600.0,0.02653005045440835
601.0,0.026148371815782855
602.0,0.02581962501717497
603.0,0.02554071772476881
604.0,0.025288394450262392
605.0,0.025065488558510263
606.0,0.02486374588062922
607.0,0.024665852424093852
608.0,0.024463998290596083
609.0,0.024253538720300512
610.0,0.024036483074501496
611.0,0.023817907465881256
612.0,0.023605662202736664
613.0,0.023390045038336704
614.0,0.023172740311206825
615.0,0.022968376919060396
616.0,0.022774803941696738
617.0,0.02259112155777545
618.0,0.022424766307031527
619.0,0.02227487111233501
620.0,0.022139763970780286
621.0,0.022020374418920848
622.0,0.021923250157102343
623.0,0.021842195008655634
624.0,0.021770394148356374
625.0,0.02170092438929527
626.0,0.02163828045604132
627.0,0.021580994525297874
628.0,0.021534805706603304
629.0,0.021504433593051563
630.0,0.021491412533585844
631.0,0.021482299867761546
632.0,0.021477112710946177
633.0,0.021489179407044708
634.0,0.0215148991328442
635.0,0.021546352906406878
636.0,0.021580208745750458
637.0,0.021620150525003434
638.0,0.021675003527437686
639.0,0.021731999061735067
640.0,0.021784451203260283
641.0,0.021830601610453547
642.0,0.02186620077484902
643.0,0.021888192374040445
644.0,0.021902649619022063
645.0,0.021906923329037462
646.0,0.02188602677550971
647.0,0.02184829877803854
648.0,0.021798476964142666
649.0,0.0217187830727015
650.0,0.0216038734405619
651.0,0.02144882850140688
652.0,0.02125002284825799
653.0,0.02101166319867157
654.0,0.020766541712470363
655.0,0.020433719128473214
656.0,0.01996729589714933
657.0,0.019403799887977517
658.0,0.018820524069302326
659.0,0.01825461137829822
660.0,0.017702762806023998
661.0,0.01716910687352403
662.0,0.01665335471540061
663.0,0.016160805229254054
664.0,0.015703136546683774
665.0,0.015287313238307851
666.0,0.014915565688449543
667.0,0.014590732389530634
668.0,0.01432129905713983
669.0,0.014109348907568195
670.0,0.013950375050191418
671.0,0.013832670433913744
672.0,0.013744659284647121
673.0,0.013692260159184084
674.0,0.013678035159247485
675.0,0.013696726179935132
676.0,0.01374511002169409
677.0,0.013820521270823977
678.0,0.013928154288176512
679.0,0.014079563031183961
680.0,0.014284132379186265
681.0,0.01454060269786527
682.0,0.014856821844781033
683.0,0.015246477823685661
684.0,0.015723764273723656
685.0,0.016339115731861125
686.0,0.01708555726722613
687.0,0.01791508786203223
688.0,0.01862656770467474
689.0,0.019284423594334233
690.0,0.019989450253261022
691.0,0.02073515133668865
692.0,0.02151729864211371
693.0,0.022326579965625863
694.0,0.02311926561756117
695.0,0.023849357996053217
696.0,0.024485627013769964
697.0,0.025042351934458064
698.0,0.02553808885628527
699.0,0.025941592587215394
700.0,0.026238136731021565
701.0,0.026419064603156454
702.0,0.02647359428782619
703.0,0.026405650851722307
704.0,0.026246972644705685
705.0,0.026000572767059953
706.0,0.02566810646578834
707.0,0.025251211887147428
708.0,0.024755212740890393
709.0,0.024196574369276577
710.0,0.023567637635300148
711.0,0.022868115139554862
712.0,0.022119563857085738
713.0,0.02134861148226751
714.0,0.020564200246794416
715.0,0.019804396563077954
716.0,0.019060150858576867
717.0,0.018321660032669256
718.0,0.0175510797424615
719.0,0.016768336159860908
720.0,0.0160187596579754
721.0,0.015343351964728285
722.0,0.014724799534772107
723.0,0.014117514900421341
724.0,0.013505645710969114
725.0,0.012885556934954875
726.0,0.012269838526395694
727.0,0.011657701878351997
728.0,0.011025635654115146
729.0,0.010382747562126192
730.0,0.009778990969191345
731.0,0.009228195997953235
732.0,0.008738919161348849
733.0,0.008321065381658095
734.0,0.007971565903343717
735.0,0.007692356043784644
736.0,0.007474462294790889
737.0,0.007309748163984671
738.0,0.007180287701449786
739.0,0.007081500413591823
740.0,0.00700708287410276
741.0,0.006949394684885308
742.0,0.006903722453242579
743.0,0.006862430848516389
744.0,0.0068322630557033585
745.0,0.006810677007310917
746.0,0.006789317385128323
747.0,0.0067661192405663526
748.0,0.006742782995169181
749.0,0.006724096543592371
750.0,0.006709042037314293
751.0,0.006690036316563644
752.0,0.006669681963244148
753.0,0.006649650056512883
754.0,0.006628792993446259
755.0,0.006613686724371459
756.0,0.006604684889788504
757.0,0.006611793846866655
758.0,0.006640092148593494
759.0,0.006688537155849145
760.0,0.0067353126416145786
761.0,0.006737183349854683
762.0,0.0066907167702676875
763.0,0.00663455208353655
764.0,0.006589736479242619
765.0,0.006562280195857885
766.0,0.006550310529124364
767.0,0.006543341452503908
768.0,0.006544429474250291
769.0,0.006556626678456476
770.0,0.006568559774569829
771.0,0.00657920335991557
772.0,0.006590788816790848
773.0,0.006613139241044191
774.0,0.006643085545601048
775.0,0.0066654334823353905
776.0,0.006683997196682523
777.0,0.006711698420827597
778.0,0.006746511055205016
779.0,0.006785286608888992
780.0,0.006826895938953066
781.0,0.006869105561752216
782.0,0.0069089060361787556
783.0,0.006951755581583475
784.0,0.006998645961512588
785.0,0.007049249924713424
786.0,0.007103478583229189
787.0,0.0071596213832069685
788.0,0.007205978949793303
789.0,0.007260555876138494
790.0,0.007326693090660365
791.0,0.007393465928169413
792.0,0.007462810127801867
793.0,0.007524636178828205
794.0,0.007591468746870162
795.0,0.00766305629025015
796.0,0.0077256331037949735
797.0,0.007790021742672119
798.0,0.007850198914029782
799.0,0.007900937086969687
800.0,0.007949668799070535
801.0,0.008004546267845676
802.0,0.008042274742606128
803.0,0.008062014540512797
804.0,0.008080845312475255
805.0,0.008094556742263451
806.0,0.008100691298127774
807.0,0.00809014999867192
808.0,0.00806384574044108
809.0,0.008035584254005074
810.0,0.008001652642378522
811.0,0.007958866747677235
812.0,0.007896577982617935
813.0,0.00783003337693294
814.0,0.007761630886729945
815.0,0.007674517886605073
816.0,0.007568762719391042
817.0,0.007475827668558468
818.0,0.007368302772795354
819.0,0.007235469263596142
820.0,0.007103065399665498
821.0,0.0069526765284733
822.0,0.00677005519736733
823.0,0.006563748087520309
824.0,0.006347289183604521
825.0,0.006115694062901177
826.0,0.005887503606060956
827.0,0.0056716903548655285
828.0,0.005443390932631902
829.0,0.005221084690609797
830.0,0.0050187730961261424
831.0,0.004847584060970798
832.0,0.004702551375866704
833.0,0.004578796413894891
834.0,0.004476937384119401
835.0,0.004391447152675477
836.0,0.004313423820027616
837.0,0.004260324668531556
838.0,0.004241529192499225
839.0,0.004207469243974328
840.0,0.004158165029315729
841.0,0.004121089608585014
842.0,0.004089546471668495
843.0,0.004063871973515565
844.0,0.00403025078512262
845.0,0.003997926326696164
846.0,0.003982504570730755
847.0,0.003954506421513256
848.0,0.003920707730203404
849.0,0.003894829624957516
850.0,0.0038703100898666515
851.0,0.003838829886154944
852.0,0.003812042106281552
853.0,0.003794338496217288
854.0,0.0037736522508817925
855.0,0.0037509974595399294
856.0,0.0037282888216485788
857.0,0.0037112263446610894
858.0,0.0036861449953633644
859.0,0.0036522343299866785
860.0,0.003632991495237018
861.0,0.0036185673036540633
862.0,0.003591972187223099
863.0,0.003579246606052316
864.0,0.0035639340536698116
865.0,0.00353147475450548
866.0,0.003506260035133177
867.0,0.0034836384320971526
868.0,0.0034533021628018086
869.0,0.003435989870363977
870.0,0.003427168706812073
871.0,0.003401659375848405
872.0,0.0033658886495105387
873.0,0.0033480024981514733
874.0,0.003314632220722068
875.0,0.0032739693278496266
876.0,0.0032407917721602453
877.0,0.0032184149514362984
878.0,0.00318979385178339
879.0,0.0031567613542584196
880.0,0.0031321588251434817
881.0,0.0030995414017914893
882.0,0.0030730665546255943
883.0,0.0030483839002727643
884.0,0.0030146042449138966
885.0,0.0029798066463814733
886.0,0.002949183211051411
887.0,0.0029370255043852764
888.0,0.0029291608227067843
889.0,0.0028944532954241257
890.0,0.0028592437558940206
891.0,0.002840560442254211
892.0,0.0028144055948487634
893.0,0.0027795053145448544
894.0,0.0027374137691309353
895.0,0.0027209976599121737
896.0,0.0027030195129058875
897.0,0.0026751491349564956
898.0,0.002657901567382892
899.0,0.0026467960313331456
