/begin_header
/west_longitude=UNKNOWN
/south_latitude=NA
/north_latitude=UNKNOWN
/calibration_files=NA
/cruise=NA
/station=NA
/documents=NA
/data_type=NA
/affiliations=NOAA
/experiment=NA
/units=nm,dl
/start_date=2019-08-16
/end_date=NA
/missing=9999
/start_time=10:32:33
/data_file_name=NA
/cloud_percent=NA
/water_depth=NA
/data_status=NA
/east_longitude=NA
/wind_speed=NA
/secchi=NA
/measurement_depth=NA
/fields=wavelength,rrs
/delimiter=comma
/contact=NA
/end_time=NA
/wave_height=NA
/investigators=NA
/end_header@
325.0,0.005974818432538125
326.0,0.006027750606918315
327.0,0.0059326982537411515
328.0,0.005753973890952403
329.0,0.00581084497958563
330.0,0.005881179086729277
331.0,0.005827545468912187
332.0,0.005775364065141179
333.0,0.005725392223685819
334.0,0.0057869228374686135
335.0,0.005741685182097357
336.0,0.005643171582343763
337.0,0.00567968683748493
338.0,0.005763925251644729
339.0,0.005813356451441512
340.0,0.005761002618945315
341.0,0.005718797793104333
342.0,0.005758689541703371
343.0,0.005821920663604681
344.0,0.005874269211170768
345.0,0.005895472226919332
346.0,0.005932529885022916
347.0,0.0059790530292777285
348.0,0.006030752986942695
349.0,0.006089069617026233
350.0,0.006141910266629516
351.0,0.0061827433562343615
352.0,0.006238854091599777
353.0,0.006307744509327926
354.0,0.006368546677983036
355.0,0.006411104017729319
356.0,0.006431642087936516
357.0,0.006448140147641236
358.0,0.006496776517821499
359.0,0.006513736108485111
360.0,0.006515205891268002
361.0,0.006537656649131767
362.0,0.0065529376798979366
363.0,0.0065549739011228954
364.0,0.006541032831920734
365.0,0.006535199485131651
366.0,0.006546435960668682
367.0,0.006547395451304908
368.0,0.006545354445566485
369.0,0.006550775888848406
370.0,0.006532947501621632
371.0,0.006499264332115551
372.0,0.006500662862116308
373.0,0.006509858842086279
374.0,0.006498307642683515
375.0,0.0064866565197854885
376.0,0.0064752545888937686
377.0,0.006465496198137565
378.0,0.006446070346126391
379.0,0.006426104910126021
380.0,0.006436804663874735
381.0,0.006446499055404495
382.0,0.006437457265650185
383.0,0.006427925239373022
384.0,0.006433809408188033
385.0,0.006440649822669503
386.0,0.006441182916351806
387.0,0.006444239699327642
388.0,0.0064688476575912035
389.0,0.006483022546949041
390.0,0.006473882976084824
391.0,0.006471710605599664
392.0,0.006474061966097561
393.0,0.006461068836179385
394.0,0.006451557333928497
395.0,0.006440813686898558
396.0,0.006428705275693725
397.0,0.006408958109118608
398.0,0.006382419952223964
399.0,0.006361753117303003
400.0,0.006341087870089299
401.0,0.006311636819456004
402.0,0.006275258663311701
403.0,0.0062389903667891145
404.0,0.006209716510673922
405.0,0.006181839893377772
406.0,0.006154049374771509
407.0,0.00611116646717723
408.0,0.006067842043359467
409.0,0.006038090002930169
410.0,0.005998070609968247
411.0,0.005953637586924241
412.0,0.005931442844362825
413.0,0.005913048874531214
414.0,0.005893636479766174
415.0,0.005874941499556531
416.0,0.005863615882461185
417.0,0.005857340073793865
418.0,0.00585008955123134
419.0,0.005846599254084815
420.0,0.005854329109599285
421.0,0.005861400932611877
422.0,0.00586905914797809
423.0,0.005878461562071878
424.0,0.005885079853901397
425.0,0.005893248329500024
426.0,0.005902536784015969
427.0,0.005906950026641612
428.0,0.005899996827674689
429.0,0.005895291512702692
430.0,0.005894687193579145
431.0,0.005890681813678559
432.0,0.005879795817080731
433.0,0.005869348181238675
434.0,0.005861473874838348
435.0,0.005859420467601602
436.0,0.005864207965308186
437.0,0.005874964490171254
438.0,0.005898343668801731
439.0,0.005937831622736129
440.0,0.005987917788258143
441.0,0.006047231274049563
442.0,0.006118521830500529
443.0,0.0062055214919680265
444.0,0.006315821651201796
445.0,0.006440835542735013
446.0,0.006581305930262094
447.0,0.006732542113593631
448.0,0.006891767620314672
449.0,0.0070593355674236444
450.0,0.007229056082568486
451.0,0.007400813359623229
452.0,0.007575759754363975
453.0,0.007749128188326815
454.0,0.007920470490899043
455.0,0.008084379041234522
456.0,0.008234330812554194
457.0,0.008361224612312436
458.0,0.008477540559223822
459.0,0.008589323908962785
460.0,0.008697078011038086
461.0,0.008800314893130422
462.0,0.008891674966827282
463.0,0.008983630328485022
464.0,0.009081595366352524
465.0,0.009182443471770278
466.0,0.009282680621846135
467.0,0.009377687988567076
468.0,0.009484277577532948
469.0,0.009597765068232112
470.0,0.009703927671144644
471.0,0.009809470512929826
472.0,0.00991712344053482
473.0,0.01002569129770246
474.0,0.010131795021268495
475.0,0.010234457328419344
476.0,0.010330192978493708
477.0,0.010422086527541109
478.0,0.010511878438364325
479.0,0.01059681520639863
480.0,0.010673109223315266
481.0,0.010740898449076126
482.0,0.010804678727271958
483.0,0.01087207410578227
484.0,0.010942622855847748
485.0,0.011011619174611667
486.0,0.011069900262687978
487.0,0.011132020885021361
488.0,0.011197093817516766
489.0,0.011254363051901431
490.0,0.011314091336072685
491.0,0.01138882569360503
492.0,0.011475909405498873
493.0,0.011574404965680789
494.0,0.011681404118432267
495.0,0.01180318254688723
496.0,0.011938069866091871
497.0,0.012092728965159515
498.0,0.012266234883531795
499.0,0.01245607254783283
500.0,0.012667876716581946
501.0,0.012897921588961445
502.0,0.013139437897180964
503.0,0.013395424386585836
504.0,0.013665338703959407
505.0,0.013942264766883778
506.0,0.014230344936408396
507.0,0.014534815045048744
508.0,0.014853086209412674
509.0,0.01518425131562052
510.0,0.015520979319592204
511.0,0.015867011549483747
512.0,0.016228097133098283
513.0,0.016610691118366792
514.0,0.017019744808683755
515.0,0.017448749235933175
516.0,0.017899418504883045
517.0,0.018370155825198478
518.0,0.018857311616181885
519.0,0.01934083272608487
520.0,0.019809572576660543
521.0,0.020286248489873086
522.0,0.020777419118061562
523.0,0.021277424679867988
524.0,0.021782688939983787
525.0,0.022290807287017083
526.0,0.022821659326722706
527.0,0.023368111705908867
528.0,0.023902266775633448
529.0,0.02441899263027905
530.0,0.024924272750642563
531.0,0.025436213112579466
532.0,0.02595283782730546
533.0,0.02646589897214458
534.0,0.02696585585168091
535.0,0.027443595766731
536.0,0.027902971232212977
537.0,0.028347649676026827
538.0,0.02878021825630329
539.0,0.029194607822587502
540.0,0.029587281011166998
541.0,0.029948731167928268
542.0,0.030275859173966906
543.0,0.030567531230976285
544.0,0.030824223014316792
545.0,0.031045690813004623
546.0,0.03123502863563416
547.0,0.03138644210686094
548.0,0.03150304877706057
549.0,0.031589922305250526
550.0,0.031651191713068086
551.0,0.031691259972633334
552.0,0.03170951748047808
553.0,0.031705831693050995
554.0,0.031681817179919275
555.0,0.03162985531362465
556.0,0.03154793661513534
557.0,0.03143913840441683
558.0,0.031301389927893025
559.0,0.031136127898646514
560.0,0.030944701761025272
561.0,0.03073099743733984
562.0,0.030492265906619458
563.0,0.030231366661318215
564.0,0.029947470305495615
565.0,0.02964035414842784
566.0,0.02930691995920893
567.0,0.02894712110338299
568.0,0.02856758752017355
569.0,0.028163137326716624
570.0,0.027729554669364376
571.0,0.027281673438982988
572.0,0.026830419782464848
573.0,0.02636737566824187
574.0,0.025895804973235393
575.0,0.025421423421386334
576.0,0.024938396899842112
577.0,0.02444868551583067
578.0,0.023950041456844914
579.0,0.02344225379949916
580.0,0.022931217287373303
581.0,0.022425692646477077
582.0,0.021923495976597696
583.0,0.021412623305097495
584.0,0.020911485347625
585.0,0.02042798415938718
586.0,0.019952276490776938
587.0,0.019484484276706023
588.0,0.01901748410177531
589.0,0.01854121207611528
590.0,0.018066127410614717
591.0,0.01760294091397632
592.0,0.017157682325941656
593.0,0.016712943275668964
594.0,0.016247831870594545
595.0,0.015760221173557583
596.0,0.015258088052314956
597.0,0.014737634034784158
598.0,0.014207582419604192
599.0,0.013703410987246029
600.0,0.01323764097679411
601.0,0.012826540837315705
602.0,0.012482167715584568
603.0,0.012203690780561136
604.0,0.011980895444076118
605.0,0.011786690589031529
606.0,0.011602662786248094
607.0,0.01143764070073577
608.0,0.011288716761568899
609.0,0.011145608571555242
610.0,0.011001799701391304
611.0,0.010857401335758281
612.0,0.01072405065727095
613.0,0.010599737166036537
614.0,0.010477976405011049
615.0,0.010360915625020204
616.0,0.010251940537347997
617.0,0.010147260187008286
618.0,0.010053871145296076
619.0,0.009975957230456868
620.0,0.009908525306528214
621.0,0.009854202839021631
622.0,0.00980895188203389
623.0,0.009774034005172249
624.0,0.009748370397734955
625.0,0.009722043596896674
626.0,0.009706690260351536
627.0,0.009708370391193263
628.0,0.009709995006970848
629.0,0.009718926564154153
630.0,0.009744632952028294
631.0,0.009780221127806998
632.0,0.009823825878184268
633.0,0.009876690239173886
634.0,0.00993399432964078
635.0,0.009995302259860865
636.0,0.010068915302343173
637.0,0.010149246996021639
638.0,0.010230084924950656
639.0,0.010312247958356977
640.0,0.010393766627712407
641.0,0.010466812530635148
642.0,0.010530191182942737
643.0,0.010583172798505878
644.0,0.010630392338706768
645.0,0.010672091120487389
646.0,0.010711230385058935
647.0,0.010738955675860733
648.0,0.010744638190857383
649.0,0.010731608967274407
650.0,0.010697177525198939
651.0,0.010642350487263117
652.0,0.01056198532157423
653.0,0.010458308588862377
654.0,0.010350135533840501
655.0,0.01019275760976347
656.0,0.009954484512078293
657.0,0.009650013820571256
658.0,0.00932572143172937
659.0,0.009013893793974641
660.0,0.008705997836567102
661.0,0.008400754188769174
662.0,0.008097424832115285
663.0,0.007797058581444423
664.0,0.007501244787267774
665.0,0.00722454217977693
666.0,0.0069750448328694675
667.0,0.006746457930187357
668.0,0.006548743228796117
669.0,0.006385614247015796
670.0,0.006253721931353491
671.0,0.006149686664202195
672.0,0.006073856844005118
673.0,0.006014622153687402
674.0,0.005968615785681775
675.0,0.005947494011179277
676.0,0.005945379103458079
677.0,0.00596028055353813
678.0,0.005993660062974282
679.0,0.006054239436569614
680.0,0.006162164821755439
681.0,0.006302691070543212
682.0,0.006466950479753875
683.0,0.006670881805376732
684.0,0.006928881049006963
685.0,0.0072811189042852106
686.0,0.007709780860614442
687.0,0.008182229513425125
688.0,0.008581662448911708
689.0,0.00896243088402023
690.0,0.009391123200922804
691.0,0.00984228422112069
692.0,0.010319775220528783
693.0,0.01082052255997198
694.0,0.011308376738002895
695.0,0.011741981571469304
696.0,0.012113503297320485
697.0,0.012432847003909578
698.0,0.012717689729461046
699.0,0.01294341861193649
700.0,0.01310187587138056
701.0,0.013189405143175587
702.0,0.013210917195672597
703.0,0.01318316954450413
704.0,0.013120958911080375
705.0,0.013019376845541875
706.0,0.012875181324580967
707.0,0.012693638869902647
708.0,0.012477704919565635
709.0,0.012237848244035007
710.0,0.01196721088368254
711.0,0.011665061448024544
712.0,0.011345313733686687
713.0,0.01101526510884852
714.0,0.010679295566545408
715.0,0.01036736139360309
716.0,0.01006794419692148
717.0,0.009755539324008513
718.0,0.009395371205128065
719.0,0.008992898779610722
720.0,0.008602257343109392
721.0,0.008262755854672035
722.0,0.007972393707085
723.0,0.007677140606728067
724.0,0.007364147768990817
725.0,0.007036496267300588
726.0,0.006700598975125758
727.0,0.006356021276909059
728.0,0.0059995070618956755
729.0,0.005635182286683763
730.0,0.005269292888970259
731.0,0.00492221913685547
732.0,0.0046100895199176605
733.0,0.004361554641679676
734.0,0.004159483883702191
735.0,0.003987969795327953
736.0,0.0038506288774882297
737.0,0.0037446539689152325
738.0,0.003656332339301932
739.0,0.003592835066139852
740.0,0.003555334082271779
741.0,0.003523550657021603
742.0,0.003496070047597887
743.0,0.0034746174049244106
744.0,0.0034595963978423182
745.0,0.0034523075267062103
746.0,0.003437641493427598
747.0,0.0034187674115415748
748.0,0.003412859611186811
749.0,0.0034059622810360137
750.0,0.003396564542873797
751.0,0.0033885450334734833
752.0,0.0033765418932417157
753.0,0.0033639763342657885
754.0,0.0033567456039335793
755.0,0.0033540694193700663
756.0,0.00335037442135476
757.0,0.003359868290998528
758.0,0.003385475542883403
759.0,0.0034274748226342903
760.0,0.0034753286096461953
761.0,0.0034761407480623993
762.0,0.0034528156672356215
763.0,0.003421682478700032
764.0,0.003385907790466857
765.0,0.0033541700183254046
766.0,0.0033332234266276227
767.0,0.0033269944408187008
768.0,0.0033319263724434834
769.0,0.00333916502316431
770.0,0.003344911635386018
771.0,0.0033527094685097516
772.0,0.003373814525233102
773.0,0.003390957288860747
774.0,0.00340038411174717
775.0,0.003417889184165788
776.0,0.003440668566992898
777.0,0.0034603047376060305
778.0,0.003482604934035067
779.0,0.003509328813319708
780.0,0.003541579835949108
781.0,0.0035700037128096967
782.0,0.0035969075642454844
783.0,0.003625043439903719
784.0,0.0036553125221128894
785.0,0.003695693047314481
786.0,0.0037390562523149963
787.0,0.003782625492069081
788.0,0.003814582974735752
789.0,0.0038486749418949902
790.0,0.003888591503719739
791.0,0.0039288367051781275
792.0,0.003967630658405028
793.0,0.004003277566773303
794.0,0.004046133615203083
795.0,0.004095414671641796
796.0,0.0041295374380210985
797.0,0.004162225110297892
798.0,0.004200654966033687
799.0,0.004235107475187128
800.0,0.004269791917242029
801.0,0.004310484932220332
802.0,0.004334681636167839
803.0,0.004341301395672891
804.0,0.004355367090686286
805.0,0.004371010157849887
806.0,0.004383046352421432
807.0,0.004378846498359375
808.0,0.004366863134260079
809.0,0.0043488213081035055
810.0,0.004324091222599858
811.0,0.004294441046640621
812.0,0.00426434078730101
813.0,0.0042215896831249
814.0,0.0041664176413078405
815.0,0.00410281157271075
816.0,0.0040354799988071045
817.0,0.003985790274848836
818.0,0.0039269096718614945
819.0,0.0038472968641750918
820.0,0.0037393474311677513
821.0,0.0036208715471060205
822.0,0.0035180378475990065
823.0,0.00338795138593819
824.0,0.0032385864617644317
825.0,0.003095918856045174
826.0,0.002945847271472864
827.0,0.00279084492732297
828.0,0.002639859092549453
829.0,0.002484261566039814
830.0,0.0023304620540526223
831.0,0.0022010926423851056
832.0,0.0021001277136043573
833.0,0.002024357686003861
834.0,0.0019512155927788749
835.0,0.0018746588271889315
836.0,0.0018313932383187171
837.0,0.0018049759161507897
838.0,0.0017723309077236637
839.0,0.0017441229447276128
840.0,0.0017192773620641477
841.0,0.0016825911340098876
842.0,0.001651721263138115
843.0,0.0016348704030045996
844.0,0.0016206666355856447
845.0,0.0016060766701921857
846.0,0.0015769445286076811
847.0,0.0015467659303059183
848.0,0.0015238653522687989
849.0,0.0014964895654803185
850.0,0.0014796538871531919
851.0,0.0014787682770298332
852.0,0.0014588436354608329
853.0,0.0014222618319238434
854.0,0.001385532185887969
855.0,0.0013773488216630354
856.0,0.0013807235462868464
857.0,0.0013662139175400964
858.0,0.0013369048853002128
859.0,0.0013092818188050435
860.0,0.0013361832800999384
861.0,0.001337928662837906
862.0,0.0012769083364751442
863.0,0.0012495779095201287
864.0,0.0012536799288341881
865.0,0.001234210554844687
866.0,0.0012117510797406545
867.0,0.0011866105636717892
868.0,0.0011646946672791445
869.0,0.0011445613880572544
870.0,0.0011200283377028155
871.0,0.0010926655503668
872.0,0.0010636432025079097
873.0,0.001048368052449819
874.0,0.0010289052054190432
875.0,0.0010051391244416722
876.0,0.0010102328108462593
877.0,0.0009964838966297885
878.0,0.0009530822366844254
879.0,0.0009179561341753961
880.0,0.0008952987017554082
881.0,0.0008960586108741044
882.0,0.0008741384512378202
883.0,0.0008356719351168797
884.0,0.0008217765410748441
885.0,0.0008305552213303914
886.0,0.0008365808607786367
887.0,0.000793665224603517
888.0,0.000745729320052158
889.0,0.000708325367363336
890.0,0.0006786428621950679
891.0,0.0006610019505667909
892.0,0.0006556371049786703
893.0,0.0006381517097691749
894.0,0.000617210290767038
895.0,0.0006158677775376538
896.0,0.0006256798629927111
897.0,0.0006188748246806015
898.0,0.0005767705046726274
899.0,0.0005278823981315721
