/begin_header
/west_longitude=UNKNOWN
/south_latitude=NA
/north_latitude=UNKNOWN
/calibration_files=NA
/cruise=NA
/station=NA
/documents=NA
/data_type=NA
/affiliations=NOAA
/experiment=NA
/units=nm,dl
/start_date=2019-08-15
/end_date=NA
/missing=9999
/start_time=12:08:49
/data_file_name=NA
/cloud_percent=NA
/water_depth=NA
/data_status=NA
/east_longitude=NA
/wind_speed=NA
/secchi=NA
/measurement_depth=NA
/fields=wavelength,rrs
/delimiter=comma
/contact=NA
/end_time=NA
/wave_height=NA
/investigators=NA
/end_header@
325.0,0.012678280779768552
326.0,0.012568123923615688
327.0,0.012565655232566097
328.0,0.012616704407736915
329.0,0.012576260102645138
330.0,0.012493878210717634
331.0,0.012420820453457864
332.0,0.012345009239067624
333.0,0.012302806754226582
334.0,0.012288549013163159
335.0,0.012222617626098418
336.0,0.012127067811950965
337.0,0.012034340680040763
338.0,0.011969016794869818
339.0,0.011934627848140898
340.0,0.011895010618536091
341.0,0.011848667154817083
342.0,0.01182152839211788
343.0,0.011754144598207622
344.0,0.011669378273930168
345.0,0.01160620661775832
346.0,0.011555316960005235
347.0,0.011512490233302516
348.0,0.01144290767410299
349.0,0.011382206604506407
350.0,0.01133462672625157
351.0,0.011292617651230937
352.0,0.011234579958537322
353.0,0.011177421644260603
354.0,0.011140445441181044
355.0,0.011122393324461893
356.0,0.011092386780698635
357.0,0.01104180452088963
358.0,0.010980531452583434
359.0,0.010941564597279085
360.0,0.010905606379079854
361.0,0.010854456071434338
362.0,0.010808768392009671
363.0,0.010768499025378044
364.0,0.010729690641576532
365.0,0.010698331545204855
366.0,0.010665642229580812
367.0,0.010626282829276157
368.0,0.01058537883454929
369.0,0.010553625135191685
370.0,0.010521245250885375
371.0,0.010493692958071702
372.0,0.010463936985066691
373.0,0.010422654306145697
374.0,0.010378564876131691
375.0,0.010351148201838165
376.0,0.010328255755937826
377.0,0.010292999510123456
378.0,0.0102469398097217
379.0,0.010205891242341121
380.0,0.010209434615292666
381.0,0.010204586012286599
382.0,0.01016713294928634
383.0,0.010135978311282478
384.0,0.01010724287157473
385.0,0.010074604406925647
386.0,0.010049303370276338
387.0,0.010026441392126554
388.0,0.009997677167319032
389.0,0.009976535798018877
390.0,0.009964324123816252
391.0,0.00996203507202418
392.0,0.009941296392585099
393.0,0.009908949140291022
394.0,0.009885299448570594
395.0,0.009863200693992833
396.0,0.009844369765837004
397.0,0.009814154825945642
398.0,0.009762807027318809
399.0,0.009729455340158172
400.0,0.009705283480391638
401.0,0.009680927474452629
402.0,0.009658646044978006
403.0,0.00964142727330906
404.0,0.009627854681453595
405.0,0.009610219272479218
406.0,0.00959268350200485
407.0,0.009577501271668953
408.0,0.009557726821571449
409.0,0.009535595691280999
410.0,0.0095119697846248
411.0,0.009493555657235222
412.0,0.009482880453097808
413.0,0.009472551912584618
414.0,0.009465102953778618
415.0,0.009452703948227097
416.0,0.009443244933145516
417.0,0.009434392669416477
418.0,0.009430111732031033
419.0,0.009430172264713401
420.0,0.009427770394535774
421.0,0.009424418847328083
422.0,0.00942106984492434
423.0,0.009418531114869755
424.0,0.009418607747930784
425.0,0.009423164528293924
426.0,0.009433514353717169
427.0,0.009443966027036618
428.0,0.009443218108087587
429.0,0.009443512469382579
430.0,0.00945239119008924
431.0,0.00945875540711602
432.0,0.009459037398533427
433.0,0.00945653343359489
434.0,0.009453201931791
435.0,0.00945250819907441
436.0,0.009461789707498058
437.0,0.009472386350133115
438.0,0.009484168460866995
439.0,0.009505071349556679
440.0,0.009530508851858483
441.0,0.009553111425969868
442.0,0.009577476899447681
443.0,0.009607492470819417
444.0,0.009646032003209997
445.0,0.009688914452528823
446.0,0.00973811645715021
447.0,0.00978747607770717
448.0,0.009834253926182469
449.0,0.009880563112640269
450.0,0.009926602803139223
451.0,0.009974867839501387
452.0,0.01002330023224121
453.0,0.010074415005750301
454.0,0.010126660539302642
455.0,0.010171617637793381
456.0,0.010211020579197807
457.0,0.010253714134624604
458.0,0.010299293380662648
459.0,0.01034455181406934
460.0,0.010388859238502218
461.0,0.010433817808909219
462.0,0.010478392196522622
463.0,0.010521278846154992
464.0,0.010565390722047546
465.0,0.010614657385657247
466.0,0.010667078187826702
467.0,0.010718622576713457
468.0,0.010769670647131269
469.0,0.010820592838384345
470.0,0.010865965872714
471.0,0.010911897262513012
472.0,0.010961709283248171
473.0,0.011012239768885535
474.0,0.011059185174664239
475.0,0.01110300412568395
476.0,0.011143108018228593
477.0,0.011184152214633338
478.0,0.011222375264288726
479.0,0.011262625474243266
480.0,0.011304661875449323
481.0,0.011345760658174683
482.0,0.011387441868328832
483.0,0.011428295172201597
484.0,0.011475858567023201
485.0,0.011527158600132984
486.0,0.011569616076685107
487.0,0.011613238186585084
488.0,0.011661007963741447
489.0,0.011699648083199869
490.0,0.011737476988402037
491.0,0.011788700448630557
492.0,0.011840097793123994
493.0,0.011892543977659481
494.0,0.011952643661421136
495.0,0.012016053922077248
496.0,0.012083331393540783
497.0,0.012151811941054922
498.0,0.012226253243668928
499.0,0.012306983912033725
500.0,0.012393186962156893
501.0,0.01248135493308627
502.0,0.012568196109287588
503.0,0.012652458286196239
504.0,0.012734169467658546
505.0,0.012816234788975875
506.0,0.012897484237220518
507.0,0.012973226886869794
508.0,0.013045839096443194
509.0,0.013115050101932323
510.0,0.01317554582346898
511.0,0.013236900039754912
512.0,0.013303349980030294
513.0,0.013380970115062108
514.0,0.013471261424219463
515.0,0.0135747690126411
516.0,0.013692787663870314
517.0,0.013820174309111002
518.0,0.013946141178154233
519.0,0.014066900647285349
520.0,0.014186105775107488
521.0,0.014302372100091757
522.0,0.014421816920300234
523.0,0.01455062823992286
524.0,0.014681659994272154
525.0,0.014809338835600178
526.0,0.014941435353224588
527.0,0.015075139188487038
528.0,0.01519409432504
529.0,0.015310209018883391
530.0,0.015427098521993709
531.0,0.015546681077762341
532.0,0.015666691488626615
533.0,0.01578532788223272
534.0,0.01589744622409777
535.0,0.01600286336369705
536.0,0.016109868488303
537.0,0.016214830788476093
538.0,0.01631327789322074
539.0,0.01640902176774986
540.0,0.01649863216262033
541.0,0.016580246996162083
542.0,0.016655434998363243
543.0,0.016722977880664795
544.0,0.01678015687772804
545.0,0.016829560305489655
546.0,0.016873427016411088
547.0,0.01690643223261221
548.0,0.016931995624345306
549.0,0.016954694717240728
550.0,0.016977504731185512
551.0,0.017005471941655255
552.0,0.017043297126051907
553.0,0.017089566162019464
554.0,0.01713774712561018
555.0,0.01718760246068836
556.0,0.017236153207683742
557.0,0.017271809331911574
558.0,0.017303678002177813
559.0,0.0173369824869318
560.0,0.017355557125605187
561.0,0.017364086887078363
562.0,0.017371425721854312
563.0,0.017367470870569286
564.0,0.01735151994267972
565.0,0.017330993903127614
566.0,0.01730079783113386
567.0,0.017259675256025675
568.0,0.017208003191054345
569.0,0.017143612790874577
570.0,0.01706726845391719
571.0,0.016983634085118826
572.0,0.016889057938755496
573.0,0.0167770796421149
574.0,0.016651277545440483
575.0,0.016516197975823255
576.0,0.01636105239809391
577.0,0.01618116943167038
578.0,0.015972795005528586
579.0,0.015742081109188056
580.0,0.015495352074921693
581.0,0.015222745856327411
582.0,0.014933699697531671
583.0,0.014639775539003447
584.0,0.014329437135983114
585.0,0.014007391947141784
586.0,0.013695786161209183
587.0,0.013387435731088864
588.0,0.013065371917337202
589.0,0.012729194103083385
590.0,0.012386389039835688
591.0,0.012044820550773095
592.0,0.011703695477940396
593.0,0.011353232863664681
594.0,0.010982258914725634
595.0,0.010586755117530482
596.0,0.01016661874422088
597.0,0.00973575173441332
598.0,0.009304204908308637
599.0,0.008890856468844643
600.0,0.00852351020121651
601.0,0.008227752623327578
602.0,0.007994942693749665
603.0,0.007818584942913607
604.0,0.0076947931138754725
605.0,0.00760654062871832
606.0,0.007539559603773951
607.0,0.007481361486466408
608.0,0.007430749171874968
609.0,0.007382696287364758
610.0,0.007340128445667005
611.0,0.007299811374379695
612.0,0.007249900265047524
613.0,0.007202114522944133
614.0,0.007160707925536515
615.0,0.007110710846798736
616.0,0.007059197664404845
617.0,0.00700601661253923
618.0,0.0069545918938397734
619.0,0.006909431453877625
620.0,0.006865767858470273
621.0,0.006820742908969784
622.0,0.006775704527206247
623.0,0.0067345621729579625
624.0,0.00669482979793416
625.0,0.00664998290418954
626.0,0.006603161863317377
627.0,0.00655514739180664
628.0,0.006519093244798363
629.0,0.006485613763788556
630.0,0.006449200917158729
631.0,0.006415782271344421
632.0,0.00638424778016605
633.0,0.006347813705542095
634.0,0.0063132650729701995
635.0,0.006283871400264536
636.0,0.006253986454077598
637.0,0.00622216463470148
638.0,0.006184631539365881
639.0,0.006152917690529855
640.0,0.006126819303634943
641.0,0.006089661880674403
642.0,0.006048666847259819
643.0,0.006002358635734849
644.0,0.00595984423349946
645.0,0.005918696804866172
646.0,0.005865349534800239
647.0,0.0058153375217319895
648.0,0.005774834330771756
649.0,0.005718057746753132
650.0,0.005650425214494556
651.0,0.005581506850387444
652.0,0.005503655036770899
653.0,0.005416906225489508
654.0,0.0053338626559899915
655.0,0.005232101431370453
656.0,0.005102224110163007
657.0,0.004974506973912532
658.0,0.004867458662065003
659.0,0.004772038315507598
660.0,0.004691567260227023
661.0,0.004626253591270557
662.0,0.004564765416936267
663.0,0.004512198844540974
664.0,0.004471620438731778
665.0,0.004423837312517473
666.0,0.0043717301518868615
667.0,0.004340910393189072
668.0,0.0043158234901471675
669.0,0.004281623970636391
670.0,0.004255238459173432
671.0,0.004233735243436971
672.0,0.004214222187706253
673.0,0.004195227259286706
674.0,0.004176736356263269
675.0,0.004159691186207666
676.0,0.004141847150664475
677.0,0.004122286374504533
678.0,0.004105211346628374
679.0,0.00409253087823098
680.0,0.004079672793544767
681.0,0.00406765364067094
682.0,0.004053748115605879
683.0,0.004040920108193199
684.0,0.004030766130761609
685.0,0.004017901014403184
686.0,0.0040054557091267606
687.0,0.003984686179570985
688.0,0.00393800626881175
689.0,0.0038826286878207534
690.0,0.003829231820690229
691.0,0.0037736027216633454
692.0,0.0037126861302102998
693.0,0.0036464421932082083
694.0,0.0035758593827876573
695.0,0.003507093092333713
696.0,0.0034456547581680494
697.0,0.0033789702958124364
698.0,0.0032938016064711236
699.0,0.0032126551971397082
700.0,0.0031378382591821545
701.0,0.00305513448733382
702.0,0.0029723242095561525
703.0,0.002892300664105526
704.0,0.0028101902446682494
705.0,0.002723745750830876
706.0,0.0026423905576569173
707.0,0.002561502921306328
708.0,0.0024765186201739994
709.0,0.002397385059165066
710.0,0.002318634947902882
711.0,0.002234636980356748
712.0,0.0021416298810229377
713.0,0.002044740569738722
714.0,0.0019577663534512454
715.0,0.0018729983737788552
716.0,0.0017828047325189756
717.0,0.0016934065167539512
718.0,0.001605489149619901
719.0,0.001533112279221693
720.0,0.0014762554154930801
721.0,0.0014253603469637683
722.0,0.0013702154956991182
723.0,0.0013130368823885703
724.0,0.001249069182699658
725.0,0.001185916371433998
726.0,0.0011293046451167255
727.0,0.001083851161856953
728.0,0.0010345170822761464
729.0,0.0009769141453698385
730.0,0.0009229729222788496
731.0,0.0008771958416437117
732.0,0.0008459906953501031
733.0,0.0008113155680864384
734.0,0.0007782346390009328
735.0,0.0007512996504880657
736.0,0.0007347580738288163
737.0,0.0007248972138630284
738.0,0.0007103829175316587
739.0,0.0006965395623984195
740.0,0.0006870397027820029
741.0,0.0006778852129823886
742.0,0.000672039095866569
743.0,0.000682727498613998
744.0,0.000683213098234252
745.0,0.0006697879878686376
746.0,0.0006629216733831573
747.0,0.000658442242568739
748.0,0.0006496619339047818
749.0,0.0006468257663222425
750.0,0.0006474572889557379
751.0,0.0006418015724737633
752.0,0.0006349897132141091
753.0,0.0006272302596087887
754.0,0.000624818928253865
755.0,0.0006249154663897722
756.0,0.0006161179781218045
757.0,0.0006028338672918617
758.0,0.0005869567122011267
759.0,0.0005580753960063695
760.0,0.0005267572166344003
761.0,0.0005060164673959687
762.0,0.0004947049938469523
763.0,0.0004993401848931568
764.0,0.0005116563898348891
765.0,0.0005292646803933634
766.0,0.0005421738246950945
767.0,0.0005453894999333337
768.0,0.0005511081288197151
769.0,0.0005644114113748085
770.0,0.0005692843474329462
771.0,0.000568210416421359
772.0,0.0005737434926200041
773.0,0.0005770391098767005
774.0,0.0005790418030825738
775.0,0.0005773201997395173
776.0,0.0005750352821321419
777.0,0.0005708724486901349
778.0,0.0005673113392971312
779.0,0.0005689065507881912
780.0,0.0005672526173832491
781.0,0.0005733416096129455
782.0,0.0005812094919673186
783.0,0.0005780911023218274
784.0,0.0005753081286103126
785.0,0.0005810194191157778
786.0,0.0005781249906216589
787.0,0.0005687314832230365
788.0,0.000569145794194568
789.0,0.0005724346883672433
790.0,0.0005780160175331559
791.0,0.000580243385668927
792.0,0.0005804302550818083
793.0,0.0005919201385171739
794.0,0.0005934200376050113
795.0,0.0005853824189349627
796.0,0.000592415886250619
797.0,0.0005995130734028779
798.0,0.0006039162409285182
799.0,0.0006070712960659223
800.0,0.000609045497515791
801.0,0.0006070947712900646
802.0,0.000606590315949716
803.0,0.0006033319178280125
804.0,0.000603474015910278
805.0,0.0006083307235048142
806.0,0.0006106605819599905
807.0,0.0006028072696299713
808.0,0.00059519945108988
809.0,0.000592712946242768
810.0,0.0005827826066720428
811.0,0.0005690533261491881
812.0,0.0005537377809197452
813.0,0.0005415656217213331
814.0,0.000535906321598798
815.0,0.000533208292899487
816.0,0.000523120873368918
817.0,0.0005008801073297658
818.0,0.0004867076440471342
819.0,0.00048530340854012477
820.0,0.0004846103606521384
821.0,0.00047110989445791685
822.0,0.0004406899433101087
823.0,0.0004121024573997918
824.0,0.00039324372283969943
825.0,0.0003885526179807178
826.0,0.0003765833635451553
827.0,0.00034842506940136413
828.0,0.0003247983349702529
829.0,0.00030798389684724226
830.0,0.00028684100683490306
831.0,0.0002670553541282222
832.0,0.0002565774074412813
833.0,0.0002482794747901677
834.0,0.00024406734241884859
835.0,0.00024189874836038592
836.0,0.0002327269529275543
837.0,0.00022324678016788336
838.0,0.0002229149116989728
839.0,0.0002123748649657181
840.0,0.00020436147239335432
841.0,0.00020888372829006631
842.0,0.00021366256247440049
843.0,0.00021223293246002325
844.0,0.00020602253499227128
845.0,0.00019696772470782444
846.0,0.00017585461381995943
847.0,0.00017379189820365218
848.0,0.00018358725982463666
849.0,0.00017895444467368386
850.0,0.0001747416809908895
851.0,0.0001767783073674644
852.0,0.00016414596012166333
853.0,0.00015755014141268696
854.0,0.00016532274551701544
855.0,0.00016194752325781673
856.0,0.00014395200719824635
857.0,0.00013940629411567015
858.0,0.0001437463486260641
859.0,0.00014812225696487797
860.0,0.00013166090517065937
861.0,0.00012081695973468855
862.0,0.00011836543983863457
863.0,0.00012655879721258715
864.0,0.00012483798264723944
865.0,0.0001013778439656725
866.0,8.941145563746949e-05
867.0,8.491152282745898e-05
868.0,8.532146530775984e-05
869.0,9.175798949049178e-05
870.0,9.270722291396538e-05
871.0,8.794892835214778e-05
872.0,8.410991846083913e-05
873.0,8.368372044177039e-05
874.0,7.995796517210537e-05
875.0,7.318978725649852e-05
876.0,6.775153912641885e-05
877.0,8.328510009333106e-05
878.0,8.086417244719585e-05
879.0,6.338282021430585e-05
880.0,5.474845937626389e-05
881.0,4.3818033385299834e-05
882.0,3.499653522291127e-05
883.0,4.714954698568358e-05
884.0,5.2466067330020515e-05
885.0,5.10368486466355e-05
886.0,5.1236268209906144e-05
887.0,4.281228265309276e-05
888.0,5.766481240298952e-05
889.0,7.888044142352615e-05
890.0,7.831647022756385e-05
891.0,7.061154418171483e-05
892.0,4.584999476416163e-05
893.0,5.411753738177991e-05
894.0,8.219344413997322e-05
895.0,9.089761771091749e-05
896.0,8.36990778447708e-05
897.0,9.024959583298821e-05
898.0,8.251025004893297e-05
899.0,8.536502377182432e-05
