/begin_header
/west_longitude=UNKNOWN
/south_latitude=NA
/north_latitude=UNKNOWN
/calibration_files=NA
/cruise=NA
/station=NA
/documents=NA
/data_type=NA
/affiliations=NOAA
/experiment=NA
/units=nm,dl
/start_date=2019-08-01
/end_date=NA
/missing=9999
/start_time=13:04:43
/data_file_name=NA
/cloud_percent=NA
/water_depth=NA
/data_status=NA
/east_longitude=NA
/wind_speed=NA
/secchi=NA
/measurement_depth=NA
/fields=wavelength,rrs
/delimiter=comma
/contact=NA
/end_time=NA
/wave_height=NA
/investigators=NA
/end_header@
325.0,0.004283821032343238
326.0,0.004249958051279405
327.0,0.004235153517880691
328.0,0.004251563442840068
329.0,0.00424537368609731
330.0,0.004245417190173948
331.0,0.00425491424737256
332.0,0.004244436286222169
333.0,0.00422636607107439
334.0,0.004194870811439898
335.0,0.0041799752130690015
336.0,0.004185951617249832
337.0,0.004196597140668499
338.0,0.004201141455006318
339.0,0.004200096317564692
340.0,0.00418490842117399
341.0,0.004166322688330123
342.0,0.004158952047160466
343.0,0.004167730474024938
344.0,0.004180864746549792
345.0,0.004168710363227489
346.0,0.004152908530220776
347.0,0.004139851463543004
348.0,0.0041247655332004255
349.0,0.0041250983566410064
350.0,0.004140230183064417
351.0,0.004141075011347326
352.0,0.004130845306413649
353.0,0.004134640012551738
354.0,0.004136695508501192
355.0,0.004133461597106092
356.0,0.004135056620090878
357.0,0.0041332212738878025
358.0,0.004119119985815091
359.0,0.004129046794025725
360.0,0.004149295262371164
361.0,0.004139539218779216
362.0,0.0041300521067475626
363.0,0.004120605647448954
364.0,0.004105925001321588
365.0,0.004099661884783223
366.0,0.004109152135091146
367.0,0.004110641357306507
368.0,0.004109330000594954
369.0,0.004104991592748014
370.0,0.004103744573651682
371.0,0.004105574326844936
372.0,0.004095694199172316
373.0,0.004087543924911365
374.0,0.004085688365457512
375.0,0.004087918134624062
376.0,0.004089330685686244
377.0,0.004082410814960838
378.0,0.004070406232578624
379.0,0.004060156270916953
380.0,0.004067347448625285
381.0,0.004080752474484303
382.0,0.0040891934657366945
383.0,0.004083806572130016
384.0,0.004078072956324033
385.0,0.004080240636235183
386.0,0.00408051195834517
387.0,0.004074330620126597
388.0,0.004069495052045677
389.0,0.004069488587488415
390.0,0.004065272304011272
391.0,0.004065566943506833
392.0,0.004063116001930583
393.0,0.004057604473295499
394.0,0.004057380041203688
395.0,0.004059248435466377
396.0,0.004053762550457922
397.0,0.004042176658609857
398.0,0.004030149947098777
399.0,0.00401509438034788
400.0,0.0040028580446430425
401.0,0.003995347099174418
402.0,0.0039839680042639755
403.0,0.003971182798774895
404.0,0.00396725505820567
405.0,0.003960435627941945
406.0,0.003947014966668952
407.0,0.003929485331899971
408.0,0.003914452327711249
409.0,0.003905310788062292
410.0,0.003896208800338915
411.0,0.0038850754011700546
412.0,0.0038729226305167586
413.0,0.0038629073108910387
414.0,0.0038561555801266863
415.0,0.00385182609787681
416.0,0.003848509655619626
417.0,0.0038408370257292886
418.0,0.0038367965906689087
419.0,0.0038368920702793927
420.0,0.0038329196790243027
421.0,0.0038307027080542325
422.0,0.0038312626285422454
423.0,0.0038288373837453834
424.0,0.0038258670233583337
425.0,0.003826592402418491
426.0,0.0038273013993703068
427.0,0.003825827786464202
428.0,0.0038213340782191933
429.0,0.0038169404723869442
430.0,0.0038167560503733523
431.0,0.0038086174995947764
432.0,0.003798600171408554
433.0,0.0037927342052134277
434.0,0.003788036452622292
435.0,0.0037844629961140417
436.0,0.0037841809550603484
437.0,0.003787281689499611
438.0,0.003792970635231594
439.0,0.003801160058682405
440.0,0.003812941463754357
441.0,0.0038269498017461483
442.0,0.0038465236433266937
443.0,0.0038709890823957053
444.0,0.003898214542995035
445.0,0.0039291118861694676
446.0,0.003964147898080215
447.0,0.003999858992079691
448.0,0.004036815763881969
449.0,0.0040721291669131585
450.0,0.004109190318335896
451.0,0.004147455914738902
452.0,0.004183514066575021
453.0,0.004216586175123495
454.0,0.004247524404354532
455.0,0.0042771160859480925
456.0,0.0043044443671636295
457.0,0.004328692747370063
458.0,0.004350872870082954
459.0,0.004371314245422632
460.0,0.004393290169736826
461.0,0.004415557345445658
462.0,0.004436316906439652
463.0,0.004454691214126556
464.0,0.0044725511968911275
465.0,0.004496311614044279
466.0,0.004522594482215763
467.0,0.004549355977640121
468.0,0.004575711282135667
469.0,0.004602636419987379
470.0,0.004627725581733246
471.0,0.004651429136555426
472.0,0.004676091016060249
473.0,0.004703144527498424
474.0,0.004730313683150042
475.0,0.00475861134339534
476.0,0.004786579270886005
477.0,0.004812381972728699
478.0,0.004839527311848989
479.0,0.00486273985904963
480.0,0.004883558242022211
481.0,0.00491047673380634
482.0,0.004939586065098627
483.0,0.004966566489885452
484.0,0.004990160340637453
485.0,0.005013937723827666
486.0,0.0050465675165790565
487.0,0.005075379537885843
488.0,0.005098570094745236
489.0,0.0051231095410132575
490.0,0.005149979125716438
491.0,0.005180124443139169
492.0,0.005216594953587743
493.0,0.005257936674208203
494.0,0.005302231546198849
495.0,0.005348805110040269
496.0,0.005400672147833661
497.0,0.005461674933222978
498.0,0.0055299181262899785
499.0,0.005599523375276361
500.0,0.005677394540788941
501.0,0.005764254264430104
502.0,0.005853912219388714
503.0,0.005946075308044796
504.0,0.006043298394312066
505.0,0.006144958621304006
506.0,0.006251784486334703
507.0,0.006367676052129787
508.0,0.00648858233436427
509.0,0.006611998228437962
510.0,0.006736716182029
511.0,0.0068660580558429106
512.0,0.0070033953854402075
513.0,0.007140712233791209
514.0,0.007282136615406334
515.0,0.007433501227016729
516.0,0.007590430981446743
517.0,0.007752215731081048
518.0,0.007915606658548194
519.0,0.008074094065923878
520.0,0.008224382179405269
521.0,0.008374797569981626
522.0,0.00852744790077892
523.0,0.00867945551220082
524.0,0.008835321216926432
525.0,0.00899315284509081
526.0,0.009151175693741407
527.0,0.009306946407796755
528.0,0.009458371040658164
529.0,0.009603793548381576
530.0,0.00974488052209493
531.0,0.009883910545299014
532.0,0.010023808472181593
533.0,0.010167996175006465
534.0,0.010306187691555342
535.0,0.010435069931954245
536.0,0.0105608112252814
537.0,0.010686781667482322
538.0,0.01081357559977591
539.0,0.010939298097602471
540.0,0.011061380403250363
541.0,0.011177296300914415
542.0,0.011288828985421558
543.0,0.011396244046746336
544.0,0.01149977403324723
545.0,0.011600147474097735
546.0,0.011695431162281458
547.0,0.011782856290436667
548.0,0.011864713952390677
549.0,0.011945360090148929
550.0,0.01202046283599787
551.0,0.012091374092409093
552.0,0.012161676278161102
553.0,0.01222847151157423
554.0,0.01228553320925781
555.0,0.012339292832558866
556.0,0.012389400612109998
557.0,0.012431969564759797
558.0,0.012466107408855334
559.0,0.012490704356285909
560.0,0.012508692060175668
561.0,0.012521418842535461
562.0,0.01253193073177394
563.0,0.012537557991939374
564.0,0.012537030329548431
565.0,0.012532487828485653
566.0,0.012523087512045408
567.0,0.012507934911372273
568.0,0.01248859707061533
569.0,0.012464538976595127
570.0,0.012435891907630054
571.0,0.012402794547433541
572.0,0.0123662899570894
573.0,0.012324826125269313
574.0,0.012282001871809436
575.0,0.012239601832998988
576.0,0.012193315944919115
577.0,0.012140797470392303
578.0,0.012081457141101017
579.0,0.012016799741437736
580.0,0.011949417825993664
581.0,0.011877552976076289
582.0,0.01180031912869409
583.0,0.011716391513752216
584.0,0.011632396481386347
585.0,0.011548345775914081
586.0,0.01145766355072783
587.0,0.011368274303630648
588.0,0.011282315254503707
589.0,0.011189180165355406
590.0,0.011091046504874361
591.0,0.010997715397373854
592.0,0.010904635685353818
593.0,0.010802174024151715
594.0,0.010688418233349383
595.0,0.01056112537223524
596.0,0.010416325044559029
597.0,0.010253076734219619
598.0,0.01007364677654345
599.0,0.009887375652252143
600.0,0.009710082487271076
601.0,0.009555508654784472
602.0,0.009422343798609045
603.0,0.009311422751287702
604.0,0.00921687722057552
605.0,0.009134658058062352
606.0,0.009060937160998258
607.0,0.008992991034128381
608.0,0.008925753924377246
609.0,0.008854820104756647
610.0,0.008782196899895334
611.0,0.008708815976009305
612.0,0.008635037921643088
613.0,0.008561436039004753
614.0,0.008490571620465253
615.0,0.008422017771089037
616.0,0.008355844796713752
617.0,0.008291758230203677
618.0,0.008232107492311212
619.0,0.008176645743146808
620.0,0.008129084636246207
621.0,0.008089119099515787
622.0,0.00805523371221449
623.0,0.008023337675800898
624.0,0.007993457694117575
625.0,0.007966939672303107
626.0,0.007943357119385132
627.0,0.007922027495497839
628.0,0.00790383614985989
629.0,0.007888092613234624
630.0,0.007877760776414128
631.0,0.007871826264350866
632.0,0.007869138489572514
633.0,0.007868972338413886
634.0,0.007868552390628456
635.0,0.007868540784436067
636.0,0.007877349785268613
637.0,0.007891057357492686
638.0,0.007899052117786883
639.0,0.00790744703945608
640.0,0.007917586237744067
641.0,0.007920580668073692
642.0,0.007917154370570681
643.0,0.007910645429821972
644.0,0.007896495520277842
645.0,0.007877153754086055
646.0,0.007859902473613966
647.0,0.00783402075344345
648.0,0.007798361976468331
649.0,0.007757528592935199
650.0,0.007705878955896443
651.0,0.007635314478714729
652.0,0.0075521010511349785
653.0,0.007455857773613269
654.0,0.0073457734073758595
655.0,0.007202652906024415
656.0,0.007021012326506188
657.0,0.006806296083637276
658.0,0.006586577359666853
659.0,0.0063766973407744666
660.0,0.006178258757416349
661.0,0.005990771903520403
662.0,0.005813680209073703
663.0,0.0056482490730740634
664.0,0.005499659632634641
665.0,0.005367424437786928
666.0,0.00525229951888594
667.0,0.005158821516432893
668.0,0.005085896653805832
669.0,0.005029515879584984
670.0,0.0049901630380943755
671.0,0.0049686414725699625
672.0,0.004965869619400024
673.0,0.004973939210394929
674.0,0.0049895204642015824
675.0,0.0050146636730808635
676.0,0.005049691080357321
677.0,0.005096764770841975
678.0,0.005158141473994815
679.0,0.005234124925203455
680.0,0.005320300249486416
681.0,0.005422851049178571
682.0,0.005546110904867137
683.0,0.00568665887480094
684.0,0.005854864315249173
685.0,0.006078638395355288
686.0,0.006343687084687692
687.0,0.0066199779317943465
688.0,0.006814246930041549
689.0,0.00697386881190043
690.0,0.007148977713487341
691.0,0.007333231368320847
692.0,0.00752452847810543
693.0,0.007719560627010204
694.0,0.007906714793927688
695.0,0.008074322520928079
696.0,0.008218138606976578
697.0,0.008333849034506551
698.0,0.008419980716460428
699.0,0.008475796497245164
700.0,0.008500459976522358
701.0,0.00849329480517401
702.0,0.008448637264485078
703.0,0.008369971656529411
704.0,0.008272095339715185
705.0,0.008154308873249935
706.0,0.008014673606113732
707.0,0.00785181816717313
708.0,0.007665738860049172
709.0,0.007456802970997931
710.0,0.007232128373230731
711.0,0.006996858732345883
712.0,0.00674948739065335
713.0,0.006495299298613836
714.0,0.006243145385965092
715.0,0.005999992859454411
716.0,0.005761905022393776
717.0,0.005530880940125462
718.0,0.005295790280082679
719.0,0.005059799226778581
720.0,0.004833967206392061
721.0,0.004626724724869208
722.0,0.00443414661314303
723.0,0.004250103854083616
724.0,0.004070722448736324
725.0,0.0038875786071153073
726.0,0.0037067676861870873
727.0,0.0035256465093608975
728.0,0.0033398631823737457
729.0,0.0031533383924627623
730.0,0.002974184410099299
731.0,0.0028070580737610358
732.0,0.002661352639984206
733.0,0.002541124300009078
734.0,0.00244256343640405
735.0,0.002360078349291109
736.0,0.002294326069013993
737.0,0.002243872134366822
738.0,0.0022057623466470717
739.0,0.002176610009701592
740.0,0.0021519377780156255
741.0,0.0021326978036101526
742.0,0.0021185827238043705
743.0,0.0021067629490110736
744.0,0.00209614929050555
745.0,0.002086760775286406
746.0,0.002078112173444534
747.0,0.0020694333176440962
748.0,0.0020612522038037364
749.0,0.002052315704438782
750.0,0.002043659987691169
751.0,0.002037882865513631
752.0,0.002029823211991888
753.0,0.0020208258232037248
754.0,0.002013738671381937
755.0,0.0020075689586599435
756.0,0.002001217438706404
757.0,0.0020042546016624096
758.0,0.002020154905664171
759.0,0.002047516414835004
760.0,0.0020754799760995583
761.0,0.0020825410573144278
762.0,0.0020641535373547093
763.0,0.0020339760926784208
764.0,0.00201171240652416
765.0,0.001993481658985697
766.0,0.001979441725396713
767.0,0.001970371157613752
768.0,0.0019645010263272854
769.0,0.001964522070906608
770.0,0.0019661438040451057
771.0,0.0019680854570866785
772.0,0.001969264474293633
773.0,0.001972614772096224
774.0,0.0019779410187981887
775.0,0.0019824693301118217
776.0,0.001988713544731039
777.0,0.001996409187631018
778.0,0.002003674080577293
779.0,0.0020108515342758247
780.0,0.0020197496319088798
781.0,0.002032102474864068
782.0,0.002046117080323402
783.0,0.002058413776751076
784.0,0.0020691549883074356
785.0,0.0020817963434345424
786.0,0.0020956341304842327
787.0,0.002110005256494847
788.0,0.0021228636985550975
789.0,0.0021388040188007693
790.0,0.002159502026406554
791.0,0.002173816112419193
792.0,0.0021860837753109644
793.0,0.002205544779019125
794.0,0.0022244382565666052
795.0,0.002242473047532892
796.0,0.0022606253968441748
797.0,0.002277006134056702
798.0,0.002294054488653567
799.0,0.0023111445244599223
800.0,0.0023252267811960064
801.0,0.0023307490932085845
802.0,0.0023370321375567856
803.0,0.0023471108655038204
804.0,0.0023528816233108537
805.0,0.0023563970898652885
806.0,0.0023607505102596353
807.0,0.0023612640099557334
808.0,0.0023560404993948772
809.0,0.002341316291426341
810.0,0.002329717220194846
811.0,0.0023208877323554907
812.0,0.0023019245684225966
813.0,0.002282192542078168
814.0,0.002264724781193708
815.0,0.0022377374078313187
816.0,0.002205074522551814
817.0,0.0021806466315991728
818.0,0.002156224440985701
819.0,0.002125970965586424
820.0,0.0020871758459245758
821.0,0.002040616186633258
822.0,0.0019878482311704118
823.0,0.001933862817175662
824.0,0.0018775690576238548
825.0,0.001811563371129791
826.0,0.0017484080800012618
827.0,0.001688112618814486
828.0,0.0016210867523299554
829.0,0.0015562794935840556
830.0,0.001501115908677378
831.0,0.0014534953527488733
832.0,0.0014129162507329762
833.0,0.0013741241135904639
834.0,0.0013438234003715647
835.0,0.001323305761180529
836.0,0.0013056067929659802
837.0,0.001291841868381082
838.0,0.0012817282846667658
839.0,0.0012694223401375241
840.0,0.0012544846784658887
841.0,0.0012455224706530038
842.0,0.0012374618705547514
843.0,0.0012276366626592992
844.0,0.0012191299096753732
845.0,0.0012118104760953958
846.0,0.0012010122263255605
847.0,0.0011892874016145838
848.0,0.0011753420934180647
849.0,0.0011707646692793163
850.0,0.001164955553961475
851.0,0.0011559767468126932
852.0,0.0011511341905765245
853.0,0.0011418586927674375
854.0,0.0011281173773876212
855.0,0.0011316847292894667
856.0,0.0011378546505893628
857.0,0.001123914602617283
858.0,0.0011069596910595002
859.0,0.0010951589449231989
860.0,0.0010910960354578887
861.0,0.0010854085861144802
862.0,0.001077634056545955
863.0,0.0010763196698197351
864.0,0.0010782744506035702
865.0,0.0010769865592917404
866.0,0.0010671388247618825
867.0,0.001050676392723228
868.0,0.001049357657012265
869.0,0.0010444302770536535
870.0,0.0010265136867557984
871.0,0.001017685760854588
872.0,0.0010160989336651508
873.0,0.0010124576103057391
874.0,0.001001237955614317
875.0,0.0009895765597248815
876.0,0.000988613066722959
877.0,0.0009831629203388972
878.0,0.0009660848166645547
879.0,0.000950525294802205
880.0,0.0009423268223675679
881.0,0.000939876248524436
882.0,0.0009270338577339199
883.0,0.0009109104400099176
884.0,0.0009153572626927423
885.0,0.0009131395455193991
886.0,0.000896972640564656
887.0,0.0008870312488803858
888.0,0.0008791673204987405
889.0,0.0008700172901692654
890.0,0.0008670572876507139
891.0,0.0008675278146982448
892.0,0.0008649530208507458
893.0,0.0008517733494339786
894.0,0.0008298050516778212
895.0,0.000824811774930046
896.0,0.0008260951568612575
897.0,0.0008264774092965376
898.0,0.0008176956101929204
899.0,0.0008010710228833039
