/begin_header
/west_longitude=UNKNOWN
/south_latitude=NA
/north_latitude=UNKNOWN
/calibration_files=NA
/cruise=NA
/station=NA
/documents=NA
/data_type=NA
/affiliations=NOAA
/experiment=NA
/units=nm,dl
/start_date=2019-08-01
/end_date=NA
/missing=9999
/start_time=12:24:48
/data_file_name=NA
/cloud_percent=NA
/water_depth=NA
/data_status=NA
/east_longitude=NA
/wind_speed=NA
/secchi=NA
/measurement_depth=NA
/fields=wavelength,rrs
/delimiter=comma
/contact=NA
/end_time=NA
/wave_height=NA
/investigators=NA
/end_header@
325.0,0.016379488296882024
326.0,0.016391432313606347
327.0,0.016362748094457993
328.0,0.016279490346270676
329.0,0.01626480697228306
330.0,0.016219682159738652
331.0,0.01615322161769845
332.0,0.016093962661398207
333.0,0.0160312033450054
334.0,0.015935602537139867
335.0,0.01585177701756479
336.0,0.015794353563798113
337.0,0.01569772339906508
338.0,0.015605480156059781
339.0,0.015536271987462652
340.0,0.01545597574068244
341.0,0.01537696851801677
342.0,0.015290610498564939
343.0,0.015210707793406086
344.0,0.015132613337194956
345.0,0.015068799569393082
346.0,0.015014309639000144
347.0,0.014949859270082974
348.0,0.014879626214284403
349.0,0.014813566097910952
350.0,0.014733144156642227
351.0,0.014682192053341295
352.0,0.014634154902294633
353.0,0.0145451712346538
354.0,0.014470657418357184
355.0,0.014423420289935748
356.0,0.014368731910850936
357.0,0.014311286898720355
358.0,0.014264946537997
359.0,0.014191369736939468
360.0,0.014100523011975799
361.0,0.014018862477324753
362.0,0.013951891735447568
363.0,0.013903380611238081
364.0,0.01384583315371069
365.0,0.013776706412522622
366.0,0.01371467341511932
367.0,0.013657462895690236
368.0,0.013598354435335488
369.0,0.013558367125969278
370.0,0.01351224848227085
371.0,0.013449299815171383
372.0,0.013390864205209626
373.0,0.013326883636167944
374.0,0.013253021147614844
375.0,0.013196912380294943
376.0,0.013139019172970043
377.0,0.013063323863999044
378.0,0.012993446570825434
379.0,0.012940820985467238
380.0,0.012899295783860034
381.0,0.012852311817576598
382.0,0.012796668838406317
383.0,0.012747905339641142
384.0,0.012697802818385718
385.0,0.012639908233986724
386.0,0.012575780956714184
387.0,0.012511743222298474
388.0,0.012464915554429988
389.0,0.012426600202682977
390.0,0.012391002169848474
391.0,0.012345183986183167
392.0,0.012297315944258558
393.0,0.012268998928652644
394.0,0.012213833520190035
395.0,0.012132853831686493
396.0,0.01206889326747173
397.0,0.012010429370471011
398.0,0.011944250546412767
399.0,0.011875846110999063
400.0,0.011812733598916585
401.0,0.011767585462640538
402.0,0.011722012135353305
403.0,0.011671568478857478
404.0,0.011612606409851692
405.0,0.011551924762026312
406.0,0.01149539612798119
407.0,0.011433287640713665
408.0,0.011366892644564242
409.0,0.011302225105900593
410.0,0.011239247635876054
411.0,0.011180224068313534
412.0,0.011118091834690013
413.0,0.01106411069056481
414.0,0.01102332533301384
415.0,0.01097125812033036
416.0,0.010920015130789577
417.0,0.010889928192935081
418.0,0.010855260523955615
419.0,0.010815050440761262
420.0,0.010778045428041848
421.0,0.01074522917215119
422.0,0.010721013517345822
423.0,0.010690016207918734
424.0,0.010656975900078105
425.0,0.010625225089302998
426.0,0.01059782172073406
427.0,0.010571590510037742
428.0,0.010533988190303012
429.0,0.010496552235357554
430.0,0.010461225688875645
431.0,0.010419846520037229
432.0,0.010376866230763119
433.0,0.010334517176049813
434.0,0.010293813273090318
435.0,0.010260123615151323
436.0,0.01023582440162692
437.0,0.010218236591337155
438.0,0.010207631366364257
439.0,0.010198772579715411
440.0,0.010198454402566368
441.0,0.010209852906207998
442.0,0.010226274130344565
443.0,0.01024916522290325
444.0,0.01028094695859006
445.0,0.01032057059366456
446.0,0.010369631935442322
447.0,0.010425878730148533
448.0,0.010483673046093973
449.0,0.010538303594761288
450.0,0.010591841293321379
451.0,0.01064664787150604
452.0,0.01069973537429873
453.0,0.01075259951754975
454.0,0.01080096172434718
455.0,0.0108412706002356
456.0,0.010874535087918066
457.0,0.01090170784620125
458.0,0.01092398906045548
459.0,0.010945356382166285
460.0,0.010971011607372178
461.0,0.01099510912274215
462.0,0.011012074955639556
463.0,0.011033690775505024
464.0,0.011061734412002087
465.0,0.011089440186312527
466.0,0.011119430990170546
467.0,0.011151476260519027
468.0,0.011194287093008053
469.0,0.01123579118025419
470.0,0.011265905547090465
471.0,0.011303509018987263
472.0,0.01134866133687043
473.0,0.01139168601703621
474.0,0.011434028199376533
475.0,0.011473818113865409
476.0,0.011515319370534275
477.0,0.011559721762000085
478.0,0.01160222494110243
479.0,0.011646687194316552
480.0,0.011691796096373766
481.0,0.011731723446497491
482.0,0.011774463299858273
483.0,0.011824295812888509
484.0,0.011866534065194601
485.0,0.011904605730291033
486.0,0.01194496246473921
487.0,0.011987048319665603
488.0,0.012031943437483943
489.0,0.0120656625997775
490.0,0.012102603134390504
491.0,0.012150787331342646
492.0,0.012207607298056188
493.0,0.012271530455730106
494.0,0.012342074208381675
495.0,0.012421775868133022
496.0,0.012515085779108792
497.0,0.012620081663624511
498.0,0.012737528536534704
499.0,0.012872310648452373
500.0,0.01301878985557492
501.0,0.013174672577260026
502.0,0.013346781947640541
503.0,0.013531337777503608
504.0,0.013725567874570766
505.0,0.013936102597982693
506.0,0.014158713888676091
507.0,0.014390198585418196
508.0,0.01463692521101822
509.0,0.01489667327360974
510.0,0.015160405994025964
511.0,0.01542983248024549
512.0,0.01571283306013077
513.0,0.016005689726016317
514.0,0.016313320102609004
515.0,0.016644025067891338
516.0,0.01698140566900207
517.0,0.017315014683423013
518.0,0.01765602468035185
519.0,0.01799762728993168
520.0,0.018324661872757202
521.0,0.01864117857540195
522.0,0.018954263021432962
523.0,0.019272715279710133
524.0,0.019592776800819535
525.0,0.019911227512044324
526.0,0.020238568232939045
527.0,0.020568197891255764
528.0,0.020885009266329364
529.0,0.021184666263952878
530.0,0.021470089883232294
531.0,0.021755969114714172
532.0,0.022045438638556965
533.0,0.022333231162937093
534.0,0.02261718441556577
535.0,0.022892103213957286
536.0,0.023156268527939963
537.0,0.023417783241271757
538.0,0.0236789252123763
539.0,0.023926572444646018
540.0,0.024167473803010285
541.0,0.02441037351089524
542.0,0.024638232908926423
543.0,0.024848537433393013
544.0,0.025052712738926248
545.0,0.025246592689707848
546.0,0.0254299816927226
547.0,0.02560941516192075
548.0,0.025780608312347096
549.0,0.025939709265111292
550.0,0.02608665238982613
551.0,0.02622464255287795
552.0,0.026354728362372504
553.0,0.026480618484133606
554.0,0.026606925362684143
555.0,0.026719382640542105
556.0,0.026817621944542337
557.0,0.026905322949413123
558.0,0.026976259555673038
559.0,0.02702810146141365
560.0,0.027064192478648653
561.0,0.02708547399228108
562.0,0.02709152270783593
563.0,0.027091556876828588
564.0,0.02708711923017062
565.0,0.027066857045817648
566.0,0.02703604162394683
567.0,0.02699891485642066
568.0,0.026948547843863767
569.0,0.026888116774245935
570.0,0.026827731377565233
571.0,0.02676312464181917
572.0,0.026693987319541312
573.0,0.026626611354390962
574.0,0.026554170358703822
575.0,0.026470753979988004
576.0,0.026378528782499418
577.0,0.02628002871549856
578.0,0.026175100624167003
579.0,0.026060271000690926
580.0,0.02593370754918964
581.0,0.02579079781434281
582.0,0.025634590003822975
583.0,0.025473452066593582
584.0,0.02530434829460625
585.0,0.02512876709430236
586.0,0.024949460085864385
587.0,0.0247640700568235
588.0,0.024572868581851946
589.0,0.02438222708395222
590.0,0.02419246810673642
591.0,0.023998729840001096
592.0,0.023800980150831562
593.0,0.023587072370296547
594.0,0.02335046346164901
595.0,0.023085369124879462
596.0,0.022788778954775914
597.0,0.022449981780804318
598.0,0.022073354551585024
599.0,0.02168775943117564
600.0,0.02131498471108555
601.0,0.02097863620729517
602.0,0.020693479898391563
603.0,0.020459443277720625
604.0,0.02026684930304954
605.0,0.020093778051291956
606.0,0.019928431595825535
607.0,0.019765652069344317
608.0,0.019605642613825473
609.0,0.019450211494993735
610.0,0.019285796977062813
611.0,0.019116528349490035
612.0,0.018955293731044716
613.0,0.018788092071722638
614.0,0.01861201151956968
615.0,0.01845080720881718
616.0,0.0183038450085193
617.0,0.018163686907414017
618.0,0.018033746845711778
619.0,0.017913066780839183
620.0,0.01779560332407843
621.0,0.01769190301877434
622.0,0.017614414947793932
623.0,0.017544310877832835
624.0,0.017474578683222837
625.0,0.01740656025971587
626.0,0.01734162353553221
627.0,0.017283942805373258
628.0,0.017237806295483743
629.0,0.01720160921148835
630.0,0.01717250431061363
631.0,0.01714558311679868
632.0,0.017121654411941075
633.0,0.017115122763921693
634.0,0.017120969355654072
635.0,0.017131193307810884
636.0,0.017143385893927554
637.0,0.017155887620570583
638.0,0.01716850900294337
639.0,0.01718357958751749
640.0,0.017196850900976203
641.0,0.017202870686924915
642.0,0.017198037868695944
643.0,0.017176494030535117
644.0,0.01714395447694566
645.0,0.017102447438498307
646.0,0.017050761621432882
647.0,0.016989250567226295
648.0,0.016911855169396375
649.0,0.016812319197340192
650.0,0.01668447901706556
651.0,0.016519948386603315
652.0,0.016317796595291943
653.0,0.01608187373640352
654.0,0.01582823589381193
655.0,0.01550290975068963
656.0,0.015081096817356277
657.0,0.014586410358590702
658.0,0.01408835950877104
659.0,0.013617327085812448
660.0,0.013163570895719437
661.0,0.012732983440397186
662.0,0.012325127944688955
663.0,0.011942469210987013
664.0,0.011596545133070207
665.0,0.011284917586418744
666.0,0.011012360597614557
667.0,0.010789969290729461
668.0,0.010612909537538606
669.0,0.010478656007275357
670.0,0.010384943078538546
671.0,0.010329219930361327
672.0,0.010303143795424527
673.0,0.010303681982135071
674.0,0.010329365870331505
675.0,0.010380488660303593
676.0,0.010453755211361092
677.0,0.010550054363064892
678.0,0.010667915044832622
679.0,0.01081259377088603
680.0,0.010987484497047987
681.0,0.01120531223104502
682.0,0.01146889062483603
683.0,0.01177114280153589
684.0,0.012129978554872923
685.0,0.01258722716740387
686.0,0.01313507689243699
687.0,0.013728648124456752
688.0,0.014183582904864527
689.0,0.014575801752603926
690.0,0.015002136084330958
691.0,0.015446285688622788
692.0,0.015906459591727862
693.0,0.016387479241184826
694.0,0.016846755085329644
695.0,0.017255480231403525
696.0,0.017616347777169743
697.0,0.017914095029419812
698.0,0.018136448053263438
699.0,0.018290693580404385
700.0,0.01837217851991945
701.0,0.018373410718433986
702.0,0.01830247712472172
703.0,0.01816833555610468
704.0,0.017974417264784506
705.0,0.017723249564379772
706.0,0.017419678503391565
707.0,0.01707245189137981
708.0,0.016682833343046554
709.0,0.016240852261844928
710.0,0.015761862570364923
711.0,0.015259863919370873
712.0,0.01472275012958874
713.0,0.014166773005201088
714.0,0.013614231662951013
715.0,0.013078526297170563
716.0,0.012550140803592517
717.0,0.012032735951902834
718.0,0.011506543277892698
719.0,0.010989103670493015
720.0,0.010502736886685992
721.0,0.010065946558203441
722.0,0.009660046285484968
723.0,0.009252054022541801
724.0,0.008836098851613159
725.0,0.008436595211529925
726.0,0.008049022129414033
727.0,0.007658009516841179
728.0,0.007257694402192249
729.0,0.006853346569691212
730.0,0.006462488301800409
731.0,0.0061060719937750555
732.0,0.0057954791536392065
733.0,0.005536681766082556
734.0,0.005320776462583715
735.0,0.0051387511400386625
736.0,0.004998067914799336
737.0,0.004895441871107434
738.0,0.004813003297498207
739.0,0.004744188364422274
740.0,0.004681802747915862
741.0,0.004642674175351102
742.0,0.004620050958765467
743.0,0.00459099141778188
744.0,0.004564378287503597
745.0,0.004546156062110823
746.0,0.004529142729737303
747.0,0.004508424083411544
748.0,0.004487301555465549
749.0,0.004468379618251628
750.0,0.004451721138044567
751.0,0.004432030670694028
752.0,0.004412035562186314
753.0,0.0043961807335153496
754.0,0.004377729864181638
755.0,0.0043562648033390276
756.0,0.00434345949108774
757.0,0.004342269874889095
758.0,0.004352203681857621
759.0,0.004362893610170919
760.0,0.004361458197073764
761.0,0.004338544619491949
762.0,0.004298912888241466
763.0,0.004260404289640566
764.0,0.0042285980972896434
765.0,0.0042149404175667576
766.0,0.004216631151855386
767.0,0.00422021849284753
768.0,0.0042194578970437165
769.0,0.0042193341557576
770.0,0.004225500452481312
771.0,0.004233620560999885
772.0,0.004236266394692855
773.0,0.004241188225777129
774.0,0.00425240364897881
775.0,0.004257113811252931
776.0,0.004264046165853468
777.0,0.004281034167801604
778.0,0.004302257780851916
779.0,0.004320613534639303
780.0,0.004333339371867744
781.0,0.004351864872270199
782.0,0.004377145127219379
783.0,0.0044034280430912155
784.0,0.004426288077644989
785.0,0.004446868269995354
786.0,0.004473786439167139
787.0,0.004507563541995951
788.0,0.0045380303497806656
789.0,0.0045684195110282134
790.0,0.004598976765587455
791.0,0.004636371843963528
792.0,0.004676391948255231
793.0,0.004709284880137815
794.0,0.004741453184674145
795.0,0.004774992538670668
796.0,0.004811930170562946
797.0,0.0048415009795937
798.0,0.004868226502473804
799.0,0.004905825905131258
800.0,0.004944426165126787
801.0,0.004958740617231278
802.0,0.004974096489254746
803.0,0.0049969824991831086
804.0,0.005016597684768314
805.0,0.005026770499009017
806.0,0.005019897341639956
807.0,0.005009824470697159
808.0,0.004995764926720811
809.0,0.004973683804962291
810.0,0.00494347899307508
811.0,0.004907013186324943
812.0,0.004864666371733349
813.0,0.004810952559065472
814.0,0.004749313354237424
815.0,0.004694356837024506
816.0,0.004644985942306755
817.0,0.004572483232545879
818.0,0.0045062541286822145
819.0,0.004447816629661188
820.0,0.0043700934048558696
821.0,0.004274027568653098
822.0,0.004156687934697391
823.0,0.0040394575907176655
824.0,0.003919519476452962
825.0,0.003775068302667889
826.0,0.0036288257428387267
827.0,0.003492246103549051
828.0,0.003345632188772514
829.0,0.0032131629570219472
830.0,0.0031051338865777226
831.0,0.002990742655946094
832.0,0.0028841225267838256
833.0,0.0028257119603801633
834.0,0.002768953344674623
835.0,0.002698666165032945
836.0,0.0026596395481237956
837.0,0.0026297609248645284
838.0,0.002596666374616012
839.0,0.002574386947807002
840.0,0.0025519349856277843
841.0,0.0025288403392193853
842.0,0.0025085053214317877
843.0,0.002494267958871736
844.0,0.0024746815639183424
845.0,0.0024513150772231306
846.0,0.002422716435495254
847.0,0.0024052172953126357
848.0,0.002389785642235523
849.0,0.002365364988468227
850.0,0.0023523673426538725
851.0,0.0023472699998168456
852.0,0.002322200416685019
853.0,0.0022952328402541826
854.0,0.002276246722566583
855.0,0.002262503167806349
856.0,0.0022464716552057086
857.0,0.0022262924739384024
858.0,0.0022016179542483877
859.0,0.0021830430906303764
860.0,0.002185249346686626
861.0,0.0021892872808968833
862.0,0.002182009340190022
863.0,0.0021561745346718513
864.0,0.0021289058563988433
865.0,0.002128060119376169
866.0,0.002113422274717984
867.0,0.00207903271072463
868.0,0.0020713093027348436
869.0,0.0020546728555507652
870.0,0.0020123521991482892
871.0,0.0019967130240329477
872.0,0.0019927930661269946
873.0,0.0019647324568419266
874.0,0.0019364620950482665
875.0,0.0019114544316533432
876.0,0.0019026283273936196
877.0,0.0018871570627659456
878.0,0.0018600369639063176
879.0,0.0018457161794688249
880.0,0.0018342711169346431
881.0,0.001820766660255312
882.0,0.0017921611080830425
883.0,0.0017619491277764178
884.0,0.0017529185481045169
885.0,0.0017314176156938404
886.0,0.001692719343324938
887.0,0.0016916345189812577
888.0,0.001691137636336728
889.0,0.001653175288459026
890.0,0.0016329888885435705
891.0,0.00161342951589429
892.0,0.0015725568484488545
893.0,0.001553128931917834
894.0,0.0015585744603612208
895.0,0.0015498728598194959
896.0,0.001520794611316866
897.0,0.00147212068237463
898.0,0.0014473735988884899
899.0,0.0014331259640070174
