/begin_header
/west_longitude=UNKNOWN
/south_latitude=NA
/north_latitude=UNKNOWN
/calibration_files=NA
/cruise=NA
/station=NA
/documents=NA
/data_type=NA
/affiliations=NOAA
/experiment=NA
/units=nm,dl
/start_date=2019-08-01
/end_date=NA
/missing=9999
/start_time=12:57:26
/data_file_name=NA
/cloud_percent=NA
/water_depth=NA
/data_status=NA
/east_longitude=NA
/wind_speed=NA
/secchi=NA
/measurement_depth=NA
/fields=wavelength,rrs
/delimiter=comma
/contact=NA
/end_time=NA
/wave_height=NA
/investigators=NA
/end_header@
325.0,0.00411033704722084
326.0,0.004133148289936063
327.0,0.004127054002531004
328.0,0.004110851714155572
329.0,0.004088168062155146
330.0,0.004093970007816591
331.0,0.004133130988702829
332.0,0.00414569357186788
333.0,0.0041308715336250915
334.0,0.0041195379845768015
335.0,0.0040982572105924524
336.0,0.004076834049186052
337.0,0.00409032707006568
338.0,0.004111897185268155
339.0,0.004115507382269856
340.0,0.004111173680839788
341.0,0.004109964658969506
342.0,0.004120335205562983
343.0,0.004133108395308154
344.0,0.004144112389885735
345.0,0.004146914119699678
346.0,0.004144934025060672
347.0,0.004138017758413109
348.0,0.004146018031400924
349.0,0.004157736932978539
350.0,0.004147394160398064
351.0,0.004159669997212226
352.0,0.004183836699253055
353.0,0.0041847025882095455
354.0,0.00418362563037437
355.0,0.004183016973123043
356.0,0.004180905005315991
357.0,0.004182358955466497
358.0,0.0041946491353381365
359.0,0.004202568218541397
360.0,0.0042045722740872895
361.0,0.0042060812476639705
362.0,0.00420903372264843
363.0,0.004212501831237999
364.0,0.0042119641265958106
365.0,0.004207085248652498
366.0,0.004202688804383582
367.0,0.0042063864296332555
368.0,0.00421518839268153
369.0,0.004224070297322567
370.0,0.004229212534682515
371.0,0.004230314511990488
372.0,0.0042146150108667915
373.0,0.004212347193057799
374.0,0.004233817508891044
375.0,0.004240260355103931
376.0,0.004234519758607261
377.0,0.004228955070904006
378.0,0.004228541490562198
379.0,0.004233717712341487
380.0,0.0042396915504222515
381.0,0.004240076649539652
382.0,0.004240923861907244
383.0,0.004254723526512027
384.0,0.0042703539209716
385.0,0.004267157270511176
386.0,0.004270013461492749
387.0,0.004280440435372136
388.0,0.004274971674877338
389.0,0.004270184386538917
390.0,0.004270989583220377
391.0,0.0042885615749757855
392.0,0.004306816537956665
393.0,0.004297892170545682
394.0,0.004288307471969808
395.0,0.004284189931012051
396.0,0.004282520889304266
397.0,0.004272837859514815
398.0,0.004262273131586421
399.0,0.004257630871005173
400.0,0.004252110342363661
401.0,0.00424273479069842
402.0,0.0042346792459442405
403.0,0.004229831132844961
404.0,0.004221581138698947
405.0,0.004213547595004502
406.0,0.004212130157354793
407.0,0.004199397400728623
408.0,0.00418197456422518
409.0,0.004175844441981114
410.0,0.0041705637721260805
411.0,0.004163327786252737
412.0,0.004152779533792983
413.0,0.004144554470028392
414.0,0.004142693191274318
415.0,0.004138332282100989
416.0,0.004134340561665253
417.0,0.0041305528448488905
418.0,0.004128605881852021
419.0,0.004130066472348192
420.0,0.004130735267831119
421.0,0.0041308526155269965
422.0,0.004133631374507481
423.0,0.00413630796828577
424.0,0.00413870933559905
425.0,0.004139356509830122
426.0,0.004139189503087446
427.0,0.004138684198116721
428.0,0.004138687959702731
429.0,0.004137821773325872
430.0,0.004136192399464024
431.0,0.004132367562671857
432.0,0.004126780701439745
433.0,0.004123740785554426
434.0,0.004118249023808394
435.0,0.0041129822145323115
436.0,0.0041155715551484725
437.0,0.004121715275461313
438.0,0.004128567177951849
439.0,0.004137840218992096
440.0,0.0041516778152846595
441.0,0.004172608215385246
442.0,0.004194433398680478
443.0,0.004217323683220059
444.0,0.0042468494729626174
445.0,0.0042808429518074054
446.0,0.004316350576172816
447.0,0.004355041749297572
448.0,0.004396933679967934
449.0,0.004437459284635803
450.0,0.004478168629981151
451.0,0.004520078517809679
452.0,0.00455854799699529
453.0,0.004594202167578992
454.0,0.004630761556084998
455.0,0.004665431770119257
456.0,0.004696307639540177
457.0,0.004722490847399411
458.0,0.0047458617568765975
459.0,0.004765762167950634
460.0,0.0047873489525927645
461.0,0.0048119316757401585
462.0,0.0048354590675313515
463.0,0.004857949337427107
464.0,0.0048806330832325195
465.0,0.004904265154213346
466.0,0.004929035020313126
467.0,0.004955557573267757
468.0,0.0049822360307870996
469.0,0.0050106613901791585
470.0,0.0050397982609948835
471.0,0.005069477192134221
472.0,0.005098695592285518
473.0,0.0051247894019785635
474.0,0.005152273939677313
475.0,0.00518190278654464
476.0,0.005210806523823438
477.0,0.005239852703082662
478.0,0.005266855209634358
479.0,0.005293366086909083
480.0,0.005321989263337604
481.0,0.005353670988606768
482.0,0.00538383084053977
483.0,0.0054119726180026665
484.0,0.005441306101336153
485.0,0.005472221709931158
486.0,0.0055036564634744186
487.0,0.005532147705234924
488.0,0.005557164497032313
489.0,0.005585345212906156
490.0,0.005615152122187052
491.0,0.005645718432382985
492.0,0.00568360963586439
493.0,0.005728587537429391
494.0,0.0057740175282856064
495.0,0.0058202114124643895
496.0,0.00587055988509102
497.0,0.005931155088609823
498.0,0.006002228666753358
499.0,0.006077630249350746
500.0,0.006157802592742466
501.0,0.006244517064019963
502.0,0.006336623462280405
503.0,0.006435025078803311
504.0,0.006540033740353593
505.0,0.006649220398110002
506.0,0.006762116695136907
507.0,0.006880955007938394
508.0,0.007006331588787991
509.0,0.0071393842835883225
510.0,0.0072726169895067595
511.0,0.007407672666826635
512.0,0.007552640910079243
513.0,0.007701112217196276
514.0,0.007854271094628365
515.0,0.008016063531753635
516.0,0.008184641965881012
517.0,0.008357337774626697
518.0,0.00853565099832327
519.0,0.008711420177094979
520.0,0.008874001147945119
521.0,0.009039046624987801
522.0,0.009208169689976129
523.0,0.00936802668055777
524.0,0.009531151660999153
525.0,0.009703431905179057
526.0,0.00987556873533205
527.0,0.010044127374951025
528.0,0.0102094705500879
529.0,0.010366978535760973
530.0,0.010516983311773273
531.0,0.010668522524258487
532.0,0.01082340374802383
533.0,0.01097837469174581
534.0,0.011127000486848913
535.0,0.011268559543757783
536.0,0.011409733446487439
537.0,0.011546926839379437
538.0,0.01168173484586856
539.0,0.011814199565267552
540.0,0.011943951588260346
541.0,0.012070266691291397
542.0,0.012191959154062635
543.0,0.012306745754412008
544.0,0.01241482855845301
545.0,0.012519499526598133
546.0,0.012621043748389732
547.0,0.012717592020264979
548.0,0.012807424151612077
549.0,0.012891560957650285
550.0,0.012971926530272692
551.0,0.013050330846462413
552.0,0.013126492650494564
553.0,0.013198695392359358
554.0,0.013264370933878809
555.0,0.013322674024015662
556.0,0.013374503945627567
557.0,0.013425465092344024
558.0,0.013467483053778678
559.0,0.013497189521878014
560.0,0.013520076607936245
561.0,0.013537426340273568
562.0,0.013548000595213733
563.0,0.013554245978128862
564.0,0.013556418185933308
565.0,0.01354788655887619
566.0,0.013534694294564909
567.0,0.013519912227081566
568.0,0.013496917624788921
569.0,0.013467053289761236
570.0,0.01343888994347347
571.0,0.01340696712183187
572.0,0.013370443077205973
573.0,0.013336179060321706
574.0,0.013299708764637718
575.0,0.013253731431345842
576.0,0.013207592997026285
577.0,0.013160848711857345
578.0,0.013103014191830676
579.0,0.013039458332166817
580.0,0.012974897391197778
581.0,0.012898526728120727
582.0,0.012814272363582865
583.0,0.0127298509296128
584.0,0.01264256887578726
585.0,0.012551790280785851
586.0,0.012459865349684105
587.0,0.01236638139719817
588.0,0.012271643341286373
589.0,0.012175240612595055
590.0,0.012077936436036885
591.0,0.011976662294500427
592.0,0.011873982970383449
593.0,0.011766456328708173
594.0,0.011644641795643104
595.0,0.011506426213894302
596.0,0.011351633645560489
597.0,0.011177806936311773
598.0,0.010987731132361494
599.0,0.01079474767854011
600.0,0.010606164815028093
601.0,0.010431610579711406
602.0,0.010285020950443369
603.0,0.010167497012749415
604.0,0.010069223891224473
605.0,0.009985232866876637
606.0,0.009909888624210848
607.0,0.009833103021544966
608.0,0.009758026172153182
609.0,0.009685701619338771
610.0,0.009606785696051915
611.0,0.009522401793274996
612.0,0.009441606171613031
613.0,0.00936233890785421
614.0,0.009282562192493215
615.0,0.009204092054073893
616.0,0.009129218751858285
617.0,0.009058338512067728
618.0,0.00899503273469748
619.0,0.00893899866003347
620.0,0.008885659374212379
621.0,0.008839015570354549
622.0,0.008803683609630252
623.0,0.00876996230873863
624.0,0.008735477366547938
625.0,0.008704553566876973
626.0,0.008676864761300015
627.0,0.008650000888499865
628.0,0.008626861401955985
629.0,0.008609438992708867
630.0,0.008599322650053089
631.0,0.008591127780687739
632.0,0.008583769953346428
633.0,0.008577768506791029
634.0,0.008577069472058028
635.0,0.008584721258628995
636.0,0.008591398544077405
637.0,0.00859953740358569
638.0,0.00861420550920557
639.0,0.008626258305063066
640.0,0.008633021471147043
641.0,0.008637174262832668
642.0,0.008634460351318702
643.0,0.008621163365868843
644.0,0.008606675724022832
645.0,0.008590111492098325
646.0,0.00856416862085722
647.0,0.008532330738252485
648.0,0.008496453907586988
649.0,0.008449271301344536
650.0,0.00838863254945179
651.0,0.008308449852184386
652.0,0.00820791496124045
653.0,0.008091731423750718
654.0,0.007973164087149051
655.0,0.007818587052878858
656.0,0.007614284545572117
657.0,0.007378292363592746
658.0,0.007140137637269221
659.0,0.006907467755021078
660.0,0.006686112409459467
661.0,0.006481763434350729
662.0,0.006285761237509348
663.0,0.0061000574696290525
664.0,0.005930880663621971
665.0,0.005783245513182225
666.0,0.0056588605111137094
667.0,0.005552543654012615
668.0,0.005466334920925838
669.0,0.005401385042513456
670.0,0.0053523887195144285
671.0,0.005321483324262523
672.0,0.005306592468394472
673.0,0.005306099437374371
674.0,0.005318580350299813
675.0,0.005340666227863196
676.0,0.005370829158873984
677.0,0.005410999739949277
678.0,0.005471135011214507
679.0,0.005548595759716364
680.0,0.005635896455579019
681.0,0.005739067571315043
682.0,0.005861907528429876
683.0,0.006008170803196717
684.0,0.00618652915372681
685.0,0.006414599102322738
686.0,0.006684779177407221
687.0,0.00697200302964011
688.0,0.007186284384854594
689.0,0.007370808924983009
690.0,0.007578149304218566
691.0,0.007791777426925295
692.0,0.008008808152275873
693.0,0.008228512121020898
694.0,0.008440657532556396
695.0,0.00863224663878644
696.0,0.008794451574251573
697.0,0.008927784091018232
698.0,0.009034181667415734
699.0,0.009102024082660934
700.0,0.00913020872413182
701.0,0.009123239343164903
702.0,0.009080200185828816
703.0,0.009004850885712904
704.0,0.008899736181547598
705.0,0.008769661786435536
706.0,0.008616120155683953
707.0,0.008437440198380141
708.0,0.00823502712500387
709.0,0.008012595455824308
710.0,0.007771394913202306
711.0,0.0075121794710109
712.0,0.007239886443986872
713.0,0.006963269591237657
714.0,0.006689668801244328
715.0,0.006422912281092148
716.0,0.00615936879417744
717.0,0.0059043478640465625
718.0,0.0056447855344077015
719.0,0.005387907227314507
720.0,0.00514699119981914
721.0,0.004931328393835556
722.0,0.004731237663173428
723.0,0.004532135110189564
724.0,0.004330725200553847
725.0,0.004131636233842527
726.0,0.003936675472083898
727.0,0.003742383153327053
728.0,0.0035473304338276084
729.0,0.00335367865935494
730.0,0.0031653869523633298
731.0,0.0029914573253703356
732.0,0.0028402506830584777
733.0,0.0027140989000743083
734.0,0.002608804670821738
735.0,0.002524783311793239
736.0,0.0024593446799020626
737.0,0.0024076276449221047
738.0,0.002366325950606314
739.0,0.00233552462124531
740.0,0.0023157436405439177
741.0,0.002298561086583642
742.0,0.002282135448977063
743.0,0.002264840097634759
744.0,0.002253275289707084
745.0,0.002248359133098195
746.0,0.002239374045202319
747.0,0.0022305154992733117
748.0,0.0022255314648246495
749.0,0.00221808279307015
750.0,0.0022083472690089074
751.0,0.00219927726450351
752.0,0.002191529254281311
753.0,0.002184264707941606
754.0,0.002177734640353075
755.0,0.0021721087623137094
756.0,0.0021686777160014334
757.0,0.002166415167887851
758.0,0.00216773918851637
759.0,0.002186629229720757
760.0,0.002205920208116532
761.0,0.0021970089629129398
762.0,0.002179488679879566
763.0,0.0021582979317612294
764.0,0.002137393470906965
765.0,0.0021248917200433594
766.0,0.002120966620058944
767.0,0.002120129740284204
768.0,0.0021224714250436963
769.0,0.0021257521584510755
770.0,0.002126915094274867
771.0,0.0021278797209785686
772.0,0.0021316456111431003
773.0,0.0021354137628806984
774.0,0.002140407575877061
775.0,0.002147701916779645
776.0,0.002154838261527142
777.0,0.002160866227030502
778.0,0.0021700562963408434
779.0,0.0021827733369796836
780.0,0.002192228176319846
781.0,0.002202517592761257
782.0,0.0022177297140748013
783.0,0.002231767731485733
784.0,0.0022444235814078105
785.0,0.002257425002746117
786.0,0.00227179499975751
787.0,0.002286177599860036
788.0,0.0022989626671482207
789.0,0.0023142722166016373
790.0,0.002335407832915067
791.0,0.002354251212792502
792.0,0.0023718844096614626
793.0,0.0023901109771228015
794.0,0.002407495915599071
795.0,0.0024240656938484787
796.0,0.002444073718086672
797.0,0.0024612425830660327
798.0,0.0024733382657027045
799.0,0.002489179600285185
800.0,0.002504403234705829
801.0,0.0025164746359208705
802.0,0.002529961686195726
803.0,0.002545144111929095
804.0,0.0025476633092645336
805.0,0.0025484489217609124
806.0,0.0025546221403399965
807.0,0.0025541662394495774
808.0,0.0025475346695503095
809.0,0.0025337932672599237
810.0,0.0025181609257074826
811.0,0.002504014579653521
812.0,0.0024888789702895387
813.0,0.0024668053998521022
814.0,0.002434762536011819
815.0,0.002406304688704745
816.0,0.002380167789090947
817.0,0.0023471355018325223
818.0,0.0023157264499555014
819.0,0.0022856383250720322
820.0,0.002245343124861931
821.0,0.0022005728740769706
822.0,0.0021509136585867177
823.0,0.0020916222775083353
824.0,0.0020254422699034153
825.0,0.0019616579878666746
826.0,0.0018980233798742286
827.0,0.0018313951226939906
828.0,0.0017609541089294487
829.0,0.0016946868686019945
830.0,0.0016455284737999555
831.0,0.0015983626510032902
832.0,0.0015513274513383555
833.0,0.0015079091024998675
834.0,0.0014761273198586936
835.0,0.001458030541102276
836.0,0.0014374653175709645
837.0,0.0014185023258194676
838.0,0.001403610427992399
839.0,0.0013916416163110086
840.0,0.0013828785610603416
841.0,0.0013775393716171339
842.0,0.0013706849407612725
843.0,0.0013586096628172952
844.0,0.001345685953202265
845.0,0.0013356246463172212
846.0,0.0013276485869528304
847.0,0.0013217372357110448
848.0,0.0013164037906963151
849.0,0.0013114238359231928
850.0,0.0013040601252909667
851.0,0.0012928543475092384
852.0,0.001282436526834178
853.0,0.0012755086545432335
854.0,0.0012722989202135384
855.0,0.0012645645933103146
856.0,0.0012549419617159017
857.0,0.0012412645306684692
858.0,0.0012325464765804406
859.0,0.0012288179125478599
860.0,0.001225979543365223
861.0,0.0012236183712793808
862.0,0.0012165397770194926
863.0,0.0012104077986068637
864.0,0.0012038281484012306
865.0,0.0011951835410833648
866.0,0.0011905706324188852
867.0,0.0011846448342691812
868.0,0.0011734156731355225
869.0,0.0011664967622202378
870.0,0.001161292090018619
871.0,0.0011506751788011968
872.0,0.0011373570992315005
873.0,0.0011255257226851626
874.0,0.0011177458663569103
875.0,0.001110908028218858
876.0,0.0011002702524213885
877.0,0.0010937272194264925
878.0,0.0010883939703972814
879.0,0.0010824204217438186
880.0,0.0010719211814636572
881.0,0.0010583790670023535
882.0,0.001045522630771604
883.0,0.0010357324722107546
884.0,0.0010323181751070928
885.0,0.0010289617598937208
886.0,0.0010228259596161253
887.0,0.0010075452721039974
888.0,0.0009956254534563352
889.0,0.0009948767895611014
890.0,0.0009806903726343572
891.0,0.0009621270075517394
892.0,0.0009626009586293034
893.0,0.0009681930720211883
894.0,0.0009671735664543619
895.0,0.0009440009048093343
896.0,0.0009292416476647762
897.0,0.0009318020246406775
898.0,0.000920857579848526
899.0,0.0009076200068026032
