/begin_header
/west_longitude=UNKNOWN
/south_latitude=NA
/north_latitude=UNKNOWN
/calibration_files=NA
/cruise=NA
/station=NA
/documents=NA
/data_type=NA
/affiliations=NOAA
/experiment=NA
/units=nm,dl
/start_date=2019-08-16
/end_date=NA
/missing=9999
/start_time=11:40:50
/data_file_name=NA
/cloud_percent=NA
/water_depth=NA
/data_status=NA
/east_longitude=NA
/wind_speed=NA
/secchi=NA
/measurement_depth=NA
/fields=wavelength,rrs
/delimiter=comma
/contact=NA
/end_time=NA
/wave_height=NA
/investigators=NA
/end_header@
325.0,0.010717695925052619
326.0,0.01082498758267324
327.0,0.01079896482086332
328.0,0.010639270132541654
329.0,0.010556752202575457
330.0,0.010532665654228347
331.0,0.010524103199978036
332.0,0.010483064013164952
333.0,0.010414488361058535
334.0,0.010395250287521755
335.0,0.01039479892904375
336.0,0.010394394894360306
337.0,0.01033952065284537
338.0,0.01027953627809484
339.0,0.01024272010051651
340.0,0.010243333125645196
341.0,0.010250534482224006
342.0,0.010241994747894811
343.0,0.010258936536131056
344.0,0.010283573791406793
345.0,0.010286813988593524
346.0,0.01028883268631504
347.0,0.010308612142044888
348.0,0.010305912054240276
349.0,0.010305356901677734
350.0,0.01033211914602304
351.0,0.010341181507111333
352.0,0.010350669641123023
353.0,0.010380561361500973
354.0,0.010397089101377217
355.0,0.010398060609598848
356.0,0.010411544689405725
357.0,0.010416087539323483
358.0,0.010427255326967236
359.0,0.010412883257649816
360.0,0.010379324052993227
361.0,0.01037455452843514
362.0,0.01037783600878664
363.0,0.010381633894870292
364.0,0.0103529353992894
365.0,0.010323170929988666
366.0,0.010313623921222415
367.0,0.010302599315695549
368.0,0.010277964687888223
369.0,0.010248060783114275
370.0,0.010225199115876498
371.0,0.010208100559649515
372.0,0.010183859774170297
373.0,0.010154922735351868
374.0,0.01011208736395772
375.0,0.01007690385367652
376.0,0.010039777784188363
377.0,0.010008620320334201
378.0,0.009983624610353436
379.0,0.009958357082838926
380.0,0.009943947580975053
381.0,0.009929942993408304
382.0,0.009905231203856637
383.0,0.009890163871808008
384.0,0.009885501194526341
385.0,0.009870534922084992
386.0,0.009831138440614909
387.0,0.009797251707375821
388.0,0.009831701204385205
389.0,0.009844258200216846
390.0,0.009790350906087852
391.0,0.00976321039054444
392.0,0.009755562122442534
393.0,0.00974391001504111
394.0,0.009717995200014692
395.0,0.009677638651010626
396.0,0.009655571459883805
397.0,0.009615874807411332
398.0,0.009557826389604738
399.0,0.009520654149750573
400.0,0.009490278165065915
401.0,0.009454974275452019
402.0,0.009416346629959419
403.0,0.009380639394336717
404.0,0.009351555729568039
405.0,0.009317023139199984
406.0,0.009276987186268145
407.0,0.00923002664382773
408.0,0.009178067896596616
409.0,0.009131355914022468
410.0,0.009093602177493595
411.0,0.009061898096880348
412.0,0.009021588041480292
413.0,0.008984050780295506
414.0,0.008950508387190245
415.0,0.00893144829128276
416.0,0.008918907359969386
417.0,0.008897855028354749
418.0,0.008884201278959952
419.0,0.008878552304300052
420.0,0.008871615195423356
421.0,0.00886770914466258
422.0,0.008864830042035834
423.0,0.008866082902448027
424.0,0.008869099625690846
425.0,0.008867910285891782
426.0,0.00886552776541083
427.0,0.008862182805860305
428.0,0.008859267144816246
429.0,0.008848662168150343
430.0,0.008829056224632975
431.0,0.008809460478077139
432.0,0.008790558029794757
433.0,0.008774312091111458
434.0,0.008758432484225758
435.0,0.008749170533236431
436.0,0.008752849979752852
437.0,0.008759477331312548
438.0,0.008768794448006299
439.0,0.00879748857253805
440.0,0.008842800144549277
441.0,0.00889279888627373
442.0,0.008951954078211278
443.0,0.009022921006581204
444.0,0.009111847633140536
445.0,0.0092129371648455
446.0,0.009327724831995255
447.0,0.009457279952304151
448.0,0.009593206691436778
449.0,0.009726265650355998
450.0,0.009863259091902322
451.0,0.010007407877704242
452.0,0.010147424683884184
453.0,0.010282401026778108
454.0,0.010419533956011355
455.0,0.010550737216584229
456.0,0.010669594735978345
457.0,0.010771054717662622
458.0,0.010864669072223273
459.0,0.010958111496655678
460.0,0.011044123107806645
461.0,0.011124300183197157
462.0,0.011202849437303989
463.0,0.011282971191522493
464.0,0.011364377509357223
465.0,0.011454194645229687
466.0,0.01154357584321155
467.0,0.011632432123572798
468.0,0.011728795502184123
469.0,0.011830416826336872
470.0,0.01193230135182631
471.0,0.012030599651930865
472.0,0.012125197024700952
473.0,0.01222396245214569
474.0,0.012320027195084654
475.0,0.012411131328214947
476.0,0.012499854108444598
477.0,0.012583365032015122
478.0,0.01266529924920278
479.0,0.012737696449490627
480.0,0.012801929192421665
481.0,0.012876113732073795
482.0,0.012944699196851425
483.0,0.012996530081512924
484.0,0.013051574100491098
485.0,0.013111421018600893
486.0,0.013165693326422132
487.0,0.013217867003182681
488.0,0.013266680993459517
489.0,0.0133132195863627
490.0,0.013367425973097782
491.0,0.01343871018994874
492.0,0.013513840166663368
493.0,0.013596039688962964
494.0,0.013694013195970602
495.0,0.013804521043367116
496.0,0.01392410294620081
497.0,0.014064508152834549
498.0,0.014226801761941636
499.0,0.014404743138540515
500.0,0.014595901759056867
501.0,0.014799680116759523
502.0,0.015021422567198326
503.0,0.015257047903361826
504.0,0.01549825146625004
505.0,0.01574677733460526
506.0,0.016007115980724004
507.0,0.016282548947953827
508.0,0.016572498421605363
509.0,0.01687260583994809
510.0,0.017173168577556252
511.0,0.017477524379281285
512.0,0.017798007873697997
513.0,0.018139929120826466
514.0,0.018504002838915012
515.0,0.018877050524829277
516.0,0.01927767583467059
517.0,0.01970831746438797
518.0,0.020138768842333572
519.0,0.020561961978234927
520.0,0.020980167125536964
521.0,0.0214013350816182
522.0,0.02183198490543386
523.0,0.02226766616434587
524.0,0.022717354554305732
525.0,0.02318007283479651
526.0,0.0236476057600692
527.0,0.024120280555407287
528.0,0.02459477079034216
529.0,0.02505692887656887
530.0,0.025509778074493755
531.0,0.0259712180279557
532.0,0.026440379159792544
533.0,0.026911116031299604
534.0,0.02737095995132181
535.0,0.027813019957827912
536.0,0.02824833071921609
537.0,0.02867271069529701
538.0,0.02908412457775649
539.0,0.029484151173423463
540.0,0.029870017194050785
541.0,0.030234998496383524
542.0,0.03057809004092904
543.0,0.030892997159100856
544.0,0.031169644412747537
545.0,0.03142034180972011
546.0,0.031651543721982166
547.0,0.03184613177783031
548.0,0.03201060872978518
549.0,0.032161184912296525
550.0,0.03229021346126839
551.0,0.03239936563548555
552.0,0.03250077663234674
553.0,0.032586069261733276
554.0,0.032642103375142215
555.0,0.03267988943042914
556.0,0.03269663780618097
557.0,0.032680677637999866
558.0,0.03264191775445553
559.0,0.03258231198430178
560.0,0.032489025963805145
561.0,0.032367643190059484
562.0,0.03222703313286977
563.0,0.03205749761969007
564.0,0.031857285368434074
565.0,0.03163404121101706
566.0,0.03138186433847027
567.0,0.031097393055799828
568.0,0.03078845230272571
569.0,0.030452454598241974
570.0,0.03008216002293492
571.0,0.029690970600167076
572.0,0.02929144306161985
573.0,0.028879640051073092
574.0,0.028454156318422102
575.0,0.028016506897237954
576.0,0.027563854267294165
577.0,0.02709836616136501
578.0,0.02661887402499654
579.0,0.026123707476706837
580.0,0.025616993958281226
581.0,0.025111186209221054
582.0,0.024606006184794384
583.0,0.02409031692629261
584.0,0.02357836753912791
585.0,0.023075432314387266
586.0,0.022574133320061217
587.0,0.022077916389358763
588.0,0.021588141840900396
589.0,0.02108492462720838
590.0,0.020580303633285453
591.0,0.02009665005474842
592.0,0.019627330611905906
593.0,0.019147903728779805
594.0,0.018645540676959386
595.0,0.01811796795208312
596.0,0.017565983193434644
597.0,0.01699110404632008
598.0,0.01640585122668854
599.0,0.015841138037270684
600.0,0.015324744007210034
601.0,0.014877473407324555
602.0,0.014501002401218644
603.0,0.014196455375171488
604.0,0.013959664725495303
605.0,0.013761599941189404
606.0,0.013581760573576154
607.0,0.013413868542599483
608.0,0.013255224482747196
609.0,0.013104646118999202
610.0,0.01295550208966809
611.0,0.012808863700672243
612.0,0.012670886914700027
613.0,0.012535011446742258
614.0,0.012399210112783048
615.0,0.012275158716296747
616.0,0.01215920442845437
617.0,0.012049845647081881
618.0,0.011949148131034202
619.0,0.011855905503318406
620.0,0.011774854479558606
621.0,0.011706178725814285
622.0,0.01165382024354528
623.0,0.01160593821479512
624.0,0.011559569392397249
625.0,0.011516752794635206
626.0,0.01148185870274412
627.0,0.011457284185068344
628.0,0.011439320094122435
629.0,0.011428970748760802
630.0,0.011436463188946101
631.0,0.01145139219305289
632.0,0.01146962811787156
633.0,0.01149677552559728
634.0,0.011527735936679013
635.0,0.011566016398495676
636.0,0.011615194578395452
637.0,0.011669700016859632
638.0,0.011716384602674153
639.0,0.011764562749773758
640.0,0.01181709989497497
641.0,0.011855616698563755
642.0,0.011882972148585087
643.0,0.011907169877793855
644.0,0.011923156849135318
645.0,0.011929441463465912
646.0,0.011922882429421966
647.0,0.011905180118697541
648.0,0.011876672635073901
649.0,0.011827802055894164
650.0,0.01175721928953379
651.0,0.011654764807518588
652.0,0.011523160967801722
653.0,0.011367826668361128
654.0,0.011209882684208885
655.0,0.0110019452323693
656.0,0.010716395179337061
657.0,0.010380669975182373
658.0,0.010042643988271361
659.0,0.009731978620517879
660.0,0.009425083141331912
661.0,0.009117562666893298
662.0,0.008823690426466338
663.0,0.008543370647698367
664.0,0.008267070719167912
665.0,0.008008916575332311
666.0,0.00777764636328653
667.0,0.007575294329011839
668.0,0.007406989445999242
669.0,0.007274837097490071
670.0,0.007172668469253118
671.0,0.0070964939328903975
672.0,0.007041981582319339
673.0,0.007007050621852388
674.0,0.006987839721763768
675.0,0.006985151018914923
676.0,0.007001239092225465
677.0,0.007041434374188781
678.0,0.007094900569553431
679.0,0.007164419662965503
680.0,0.0072571964020896025
681.0,0.00738265525849835
682.0,0.00754350966100791
683.0,0.007735840732123085
684.0,0.007967884001888765
685.0,0.00827051696883931
686.0,0.008625240357853767
687.0,0.009004320024799329
688.0,0.009328793760100472
689.0,0.009631663302251393
690.0,0.009970692856512819
691.0,0.010336786343119398
692.0,0.01072267663251904
693.0,0.011092640878322253
694.0,0.011438971768308322
695.0,0.011740900835159872
696.0,0.011998761678847098
697.0,0.01220853974400558
698.0,0.01237093785226086
699.0,0.012477955185647536
700.0,0.01252901145936514
701.0,0.012528453679635282
702.0,0.012470454713643385
703.0,0.012365487246593589
704.0,0.012229601421386018
705.0,0.012067425059549842
706.0,0.011871385415317532
707.0,0.011647226787441727
708.0,0.011399513129553326
709.0,0.011126745159652384
710.0,0.010827781467153545
711.0,0.010508480583294602
712.0,0.010171982077776715
713.0,0.00983013223415276
714.0,0.00949289899878113
715.0,0.009168090915142058
716.0,0.008845489392227138
717.0,0.008515101432028306
718.0,0.008158789812773345
719.0,0.007800364528328661
720.0,0.007463155107187275
721.0,0.007166115092991409
722.0,0.006898519514205131
723.0,0.006625906272717972
724.0,0.006340473094415671
725.0,0.006050846660673783
726.0,0.005764762603426057
727.0,0.005472938336206981
728.0,0.005172615322579082
729.0,0.0048708991395204375
730.0,0.004571862278120576
731.0,0.004296661689767574
732.0,0.004060196361372904
733.0,0.003862286882991987
734.0,0.0036925895139728244
735.0,0.0035510828904193165
736.0,0.003442389038046342
737.0,0.0033647026999217844
738.0,0.0033014495872707673
739.0,0.0032558096302717937
740.0,0.003223024903842986
741.0,0.0031994207425636496
742.0,0.0031815757667331772
743.0,0.003160142883027712
744.0,0.0031426394284328127
745.0,0.003132489801496251
746.0,0.0031310691059445077
747.0,0.0031278615185555145
748.0,0.003110798065528253
749.0,0.0030974051340172913
750.0,0.0030894349839904987
751.0,0.0030785654310863946
752.0,0.0030707641545485937
753.0,0.0030668707442217456
754.0,0.003053312488149214
755.0,0.0030385706827128684
756.0,0.003042964743681857
757.0,0.0030461865928239585
758.0,0.003039718490127263
759.0,0.0030259925438673135
760.0,0.0030095716152340156
761.0,0.0030089321332881203
762.0,0.0029893232738223115
763.0,0.0029664211439848496
764.0,0.002967913677580183
765.0,0.0029698719379785453
766.0,0.0029726470921047662
767.0,0.0029835015586435936
768.0,0.002994014937055677
769.0,0.0030060550353402096
770.0,0.0030141373308366767
771.0,0.0030207175597278626
772.0,0.0030338999784772502
773.0,0.0030470107228487645
774.0,0.00305592227794124
775.0,0.003067722452361861
776.0,0.0030819301641979865
777.0,0.0031020065575207067
778.0,0.003118496345746424
779.0,0.0031328643288106085
780.0,0.0031499219184868733
781.0,0.00316955256997555
782.0,0.003193156477135601
783.0,0.0032184183676789184
784.0,0.0032476110074904072
785.0,0.003275216506777051
786.0,0.0032919683129058455
787.0,0.0033032612699442
788.0,0.003334033010566731
789.0,0.003370557977148656
790.0,0.0034024162745585193
791.0,0.0034389519522633346
792.0,0.003473091745355437
793.0,0.003496721784949649
794.0,0.0035272671297883183
795.0,0.003562063115216157
796.0,0.0035896076981577936
797.0,0.0036174219823808104
798.0,0.003640986601294141
799.0,0.0036645416549488407
800.0,0.0036897201482087353
801.0,0.0037162918199683385
802.0,0.0037352475858831225
803.0,0.0037441077886548125
804.0,0.003752663641091876
805.0,0.0037631581067816555
806.0,0.003768186206546105
807.0,0.003762680876362308
808.0,0.003744652906159625
809.0,0.00372046414425731
810.0,0.0036929827739568106
811.0,0.00366475189630626
812.0,0.0036237618688320663
813.0,0.003581762964093902
814.0,0.0035408470942194957
815.0,0.0034911576651044294
816.0,0.0034331478212622697
817.0,0.0033722928852890632
818.0,0.0033180862350091086
819.0,0.003264884009450756
820.0,0.0031887283168441265
821.0,0.0031017712052432604
822.0,0.00301822870459567
823.0,0.0029128392975992516
824.0,0.002793036905368687
825.0,0.002672418850871901
826.0,0.0025460166969470937
827.0,0.002417077853184703
828.0,0.0023003466572253865
829.0,0.002186694491777048
830.0,0.0020767585768217273
831.0,0.0019791979051021515
832.0,0.001892956665741723
833.0,0.0018314363993592376
834.0,0.0017793118724006962
835.0,0.0017241838956177098
836.0,0.001690545337248657
837.0,0.0016693088340951946
838.0,0.0016484591084271398
839.0,0.00161824684821174
840.0,0.0015871670443483716
841.0,0.0015739902371234196
842.0,0.001557142453543893
843.0,0.0015349481574081544
844.0,0.0015321580036580383
845.0,0.001527510837208917
846.0,0.0014949504943249689
847.0,0.0014613068735733834
848.0,0.0014417588682107186
849.0,0.001435142461828127
850.0,0.0014275430536245463
851.0,0.001407904528308136
852.0,0.0013720771739248274
853.0,0.0013496211849341115
854.0,0.0013421977120053569
855.0,0.0013221819269919697
856.0,0.0012921011411409443
857.0,0.001288878935912062
858.0,0.0012857025670570312
859.0,0.0012688472526215084
860.0,0.0012575697258675252
861.0,0.001254856619034519
862.0,0.0012381773754710182
863.0,0.001225485758055847
864.0,0.001214958322080947
865.0,0.001200935563154487
866.0,0.0011846340687349133
867.0,0.0011667574776447129
868.0,0.0011598635287702835
869.0,0.0011403408530682503
870.0,0.001108974864282388
871.0,0.0010953947008062119
872.0,0.0010829228238246004
873.0,0.0010659217815664741
874.0,0.001043967774679837
875.0,0.0010218529894036733
876.0,0.0010168050149536886
877.0,0.0010052548281146187
878.0,0.0009759244127184527
879.0,0.0009575992160128071
880.0,0.0009334504987016408
881.0,0.0009038417690890637
882.0,0.0008911215722324414
883.0,0.0008932331121895701
884.0,0.0008692503901456499
885.0,0.0008311007712480843
886.0,0.0008052138540119311
887.0,0.0008078030727971527
888.0,0.000808155892413793
889.0,0.0007645641236946187
890.0,0.0007392257985540654
891.0,0.0007386533290601627
892.0,0.000737957359834751
893.0,0.0007050282263322387
894.0,0.000643888536175821
895.0,0.0006448718012258372
896.0,0.0006331006171784402
897.0,0.0005638693516556278
898.0,0.000546647648815273
899.0,0.0005665964912964621
