/begin_header
/west_longitude=UNKNOWN
/south_latitude=NA
/north_latitude=UNKNOWN
/calibration_files=NA
/cruise=NA
/station=NA
/documents=NA
/data_type=NA
/affiliations=NOAA
/experiment=NA
/units=nm,dl
/start_date=2019-08-15
/end_date=NA
/missing=9999
/start_time=13:22:14
/data_file_name=NA
/cloud_percent=NA
/water_depth=NA
/data_status=NA
/east_longitude=NA
/wind_speed=NA
/secchi=NA
/measurement_depth=NA
/fields=wavelength,rrs
/delimiter=comma
/contact=NA
/end_time=NA
/wave_height=NA
/investigators=NA
/end_header@
325.0,0.013903732944168242
326.0,0.013846226292213121
327.0,0.013807094632080467
328.0,0.013831536398223616
329.0,0.013744071647058162
330.0,0.013602090613204703
331.0,0.01357347749471981
332.0,0.013460301821895487
333.0,0.013331455001932589
334.0,0.013315465952472075
335.0,0.01325441772251561
336.0,0.013141548472910153
337.0,0.013038586002276874
338.0,0.012940857651314069
339.0,0.012901075678511124
340.0,0.012842415028348592
341.0,0.012742587659028342
342.0,0.012610375260314038
343.0,0.012546625192107039
344.0,0.012533493804813112
345.0,0.012424466079891871
346.0,0.012326846954306619
347.0,0.012278356304032578
348.0,0.012222649050092255
349.0,0.012148288228539425
350.0,0.012069444966110978
351.0,0.011987584129707598
352.0,0.011913984871109127
353.0,0.011853172196502466
354.0,0.011810368431714926
355.0,0.011767973204323311
356.0,0.011697865927448058
357.0,0.011618333289716384
358.0,0.011555538928797621
359.0,0.011496367729078196
360.0,0.011430449945628357
361.0,0.011362953257059053
362.0,0.011306744144092563
363.0,0.011254308354704834
364.0,0.011197749361304951
365.0,0.011142501000265844
366.0,0.011085766717032559
367.0,0.011041174266063093
368.0,0.010994544692886975
369.0,0.010940982963346377
370.0,0.010910683050873964
371.0,0.01089217447123207
372.0,0.010831330999196028
373.0,0.010758604630195342
374.0,0.010687715392658842
375.0,0.01064382187800228
376.0,0.010605703768795011
377.0,0.010543312061922463
378.0,0.010488835227232696
379.0,0.01045590980325182
380.0,0.010426492209206705
381.0,0.010387842636204861
382.0,0.01034803402860358
383.0,0.01032489455903371
384.0,0.010305399778702169
385.0,0.010254392248493175
386.0,0.010194970858006271
387.0,0.010147791645093395
388.0,0.010104906564270596
389.0,0.010074090082462338
390.0,0.010068134806506127
391.0,0.010050953807267863
392.0,0.01002198323080316
393.0,0.009990535213591953
394.0,0.009957743188561567
395.0,0.009917263372065702
396.0,0.009867208272465079
397.0,0.00981645339786353
398.0,0.009765243597511585
399.0,0.009723353504266225
400.0,0.009688144297378277
401.0,0.009667020509017011
402.0,0.009645006205273443
403.0,0.00962371796066935
404.0,0.009599469435455622
405.0,0.00957769962392987
406.0,0.00955800996085782
407.0,0.009527747787406931
408.0,0.009494483900345588
409.0,0.009472013511707676
410.0,0.009443496990841418
411.0,0.009410856249588389
412.0,0.009391787098702076
413.0,0.00937748573275653
414.0,0.00936434229222881
415.0,0.009349821441118369
416.0,0.00933643251087106
417.0,0.009323163988511428
418.0,0.009309242933231248
419.0,0.009297432918044508
420.0,0.009291900957895186
421.0,0.009287191084003913
422.0,0.009277845710671345
423.0,0.009267273525324303
424.0,0.00925935542707178
425.0,0.00925292466765422
426.0,0.009253602704447524
427.0,0.009260139148904443
428.0,0.009255646773965169
429.0,0.00924787686567807
430.0,0.009243990386147375
431.0,0.009236945271229272
432.0,0.009227182333508678
433.0,0.009219698592797258
434.0,0.00921428067554437
435.0,0.009208817257940297
436.0,0.009206678863876742
437.0,0.009207720123341725
438.0,0.009214266018597652
439.0,0.0092271776689912
440.0,0.009239302333211939
441.0,0.009246882987992162
442.0,0.009263526052505267
443.0,0.009291064666243316
444.0,0.009314289146253192
445.0,0.009336748655994195
446.0,0.009368355168297593
447.0,0.009402416629789247
448.0,0.009437373918193362
449.0,0.009468990446191445
450.0,0.00950057417893742
451.0,0.009534900679252278
452.0,0.009569925950530904
453.0,0.00960890712423206
454.0,0.009647263014349056
455.0,0.009682646758514926
456.0,0.009715587079991594
457.0,0.009742730444610912
458.0,0.00977199205316696
459.0,0.00980890743211164
460.0,0.009841944844948974
461.0,0.009874101710323005
462.0,0.00991249613929219
463.0,0.00994841967542868
464.0,0.009983182262941242
465.0,0.010028490893503089
466.0,0.010069030571103187
467.0,0.0101021763363728
468.0,0.010142240064373953
469.0,0.010184770626748932
470.0,0.010217958696679613
471.0,0.01025817516277527
472.0,0.010303436253244555
473.0,0.010334122277278233
474.0,0.010361990293827074
475.0,0.010398446036690368
476.0,0.010430055466703234
477.0,0.010460442381743
478.0,0.010496332659471166
479.0,0.010525186889759813
480.0,0.01054996113935212
481.0,0.01059016089618205
482.0,0.010628062314923348
483.0,0.010656366416041858
484.0,0.010690365545408944
485.0,0.010727226184816622
486.0,0.01075701219023426
487.0,0.010784840070055705
488.0,0.010811438408229493
489.0,0.01083698367097209
490.0,0.010865756113716592
491.0,0.010896835081014652
492.0,0.010926103752489414
493.0,0.010954919419124444
494.0,0.010991294762836742
495.0,0.01103202604111561
496.0,0.011076890917614653
497.0,0.011119881358449487
498.0,0.011166166937995041
499.0,0.01122355627748416
500.0,0.011283375134602248
501.0,0.011342175887750829
502.0,0.011397274556182096
503.0,0.011450241207376807
504.0,0.011505622409436044
505.0,0.01155362760073562
506.0,0.011593119982810046
507.0,0.011636295198774705
508.0,0.011670168278356792
509.0,0.011693628926627758
510.0,0.01172270623925354
511.0,0.011749802027926375
512.0,0.011769065681821294
513.0,0.011814963859866813
514.0,0.011886082500456844
515.0,0.01195375115599809
516.0,0.012032087932070185
517.0,0.012127472538468815
518.0,0.012215604860654256
519.0,0.012297761409159174
520.0,0.012373599303792237
521.0,0.012454964148502789
522.0,0.012544339164853178
523.0,0.012633388779870797
524.0,0.012719858388097121
525.0,0.01280750085941843
526.0,0.012899831770664477
527.0,0.012990988455638291
528.0,0.013064401258423139
529.0,0.013137144552696642
530.0,0.0132152621944504
531.0,0.01329235346323319
532.0,0.013367456608589559
533.0,0.013440656538312787
534.0,0.013506223301035666
535.0,0.013564892601334663
536.0,0.013626279542684836
537.0,0.013688799370130431
538.0,0.013749994837717716
539.0,0.013804913273269806
540.0,0.013851357822230261
541.0,0.013887383089902453
542.0,0.01391883330614219
543.0,0.013944365445857382
544.0,0.013960762041467373
545.0,0.013967735777908264
546.0,0.013968056045953938
547.0,0.013959433113709036
548.0,0.013946030969499201
549.0,0.013927658561544367
550.0,0.01391330544457498
551.0,0.013909218102128983
552.0,0.013915655681291352
553.0,0.01392719220716451
554.0,0.013938158588916297
555.0,0.01395552164841366
556.0,0.013976518035496627
557.0,0.013992644285062797
558.0,0.014005167526588872
559.0,0.014012607021848788
560.0,0.014004707786139756
561.0,0.013988168726795975
562.0,0.013973126729437402
563.0,0.013947607987699933
564.0,0.013911589526177503
565.0,0.013872824180626514
566.0,0.013824520867466938
567.0,0.01376551912336084
568.0,0.013694860653875504
569.0,0.013612735185897017
570.0,0.013522499463638371
571.0,0.013417987494133315
572.0,0.013298697611613442
573.0,0.013167687244475553
574.0,0.013026745845287523
575.0,0.012876670969408501
576.0,0.012706569127665846
577.0,0.012514243665757412
578.0,0.01230664192229386
579.0,0.012078060091251081
580.0,0.01182941570925172
581.0,0.011564677804926274
582.0,0.011289794223929398
583.0,0.01101358982448945
584.0,0.010733468128661708
585.0,0.010449398817801886
586.0,0.010165101168029312
587.0,0.009884358524423282
588.0,0.009607819763371838
589.0,0.009319226977170868
590.0,0.009025373878595509
591.0,0.00873902532593315
592.0,0.008458258711249483
593.0,0.008172299067553507
594.0,0.007875634485947865
595.0,0.007566991401445154
596.0,0.007244871628975111
597.0,0.006915035269701039
598.0,0.0065871709800182695
599.0,0.006290687209366925
600.0,0.006031048781896197
601.0,0.005813029575846868
602.0,0.00564145974793678
603.0,0.005512744748523353
604.0,0.005421076117802935
605.0,0.005352237419131334
606.0,0.0053007321228884
607.0,0.005261584635636372
608.0,0.005225921797655729
609.0,0.005188336274270028
610.0,0.005153534803222165
611.0,0.005120294819818676
612.0,0.005084137391951836
613.0,0.00504818686154279
614.0,0.005010077682294821
615.0,0.004972744458614133
616.0,0.004938102530929132
617.0,0.0049025636825391055
618.0,0.00486503679427634
619.0,0.004825812518506807
620.0,0.004791223395638499
621.0,0.00475739939750652
622.0,0.004723803785408302
623.0,0.0046880119373127705
624.0,0.004651807658701603
625.0,0.004615342491816591
626.0,0.004584205925847631
627.0,0.004554484101448344
628.0,0.004518533003793626
629.0,0.004484697713847121
630.0,0.0044586869475479055
631.0,0.004429488231131313
632.0,0.004400247248395256
633.0,0.004379436104180774
634.0,0.004359680674612283
635.0,0.004333974735257023
636.0,0.004308595205960978
637.0,0.0042820014237887356
638.0,0.004254851136352178
639.0,0.004230834057433057
640.0,0.004206876544560796
641.0,0.004173938205973746
642.0,0.004136058914153062
643.0,0.004099719844894061
644.0,0.004065971938693768
645.0,0.004036613072428928
646.0,0.004005391497436446
647.0,0.003969286153227108
648.0,0.003928876581367806
649.0,0.0038885883940434915
650.0,0.0038476192992556433
651.0,0.0037961096720984847
652.0,0.003744025484338426
653.0,0.0036895521801167445
654.0,0.003618961315106012
655.0,0.0035385695222580524
656.0,0.0034648657596023195
657.0,0.003385729788891316
658.0,0.0033115097580666726
659.0,0.0032541349601737423
660.0,0.0031988015444667957
661.0,0.003149741653635871
662.0,0.0031159844108894067
663.0,0.003087447589134484
664.0,0.0030535851288926146
665.0,0.0030258653120616096
666.0,0.0030033280047430193
667.0,0.0029784875227512457
668.0,0.0029610130973560266
669.0,0.00294654361540771
670.0,0.0029314864085347183
671.0,0.002916819233416647
672.0,0.002908064929009173
673.0,0.0028944721772016977
674.0,0.0028766035722512335
675.0,0.0028651275649125207
676.0,0.002857016926498675
677.0,0.0028436412678118704
678.0,0.002827341280131645
679.0,0.002813562215797035
680.0,0.002808003430671404
681.0,0.0027952444261558672
682.0,0.002774334794321459
683.0,0.002759090734733548
684.0,0.002749255125624135
685.0,0.0027352965799619794
686.0,0.002713963890937498
687.0,0.002681462390539898
688.0,0.002644844944002777
689.0,0.0026108414003720285
690.0,0.0025724745282365846
691.0,0.0025255588420419776
692.0,0.0024724737731227084
693.0,0.002421290302397453
694.0,0.0023720656372174173
695.0,0.002325781174545714
696.0,0.0022754105789512665
697.0,0.0022221258171240673
698.0,0.0021771106680339835
699.0,0.0021228746646281913
700.0,0.0020607696098010092
701.0,0.002006640240077656
702.0,0.001955450041707818
703.0,0.0019022237908483037
704.0,0.001853776585253323
705.0,0.0018033940203871124
706.0,0.0017472795437231757
707.0,0.0016901754942361632
708.0,0.0016347320410449028
709.0,0.0015782300818090618
710.0,0.0015255865596950947
711.0,0.0014727893968908758
712.0,0.0014153716803392904
713.0,0.0013580925233474006
714.0,0.0012966918896238282
715.0,0.001236054848933446
716.0,0.0011793352708310265
717.0,0.0011193258300226838
718.0,0.0010583371711480904
719.0,0.0010107387351362455
720.0,0.0009734302068013674
721.0,0.0009405606631802575
722.0,0.0009019428449425241
723.0,0.000864018761207074
724.0,0.0008254138495933932
725.0,0.0007855763908601066
726.0,0.0007475442963203838
727.0,0.0007112649433341949
728.0,0.0006741063864493934
729.0,0.0006376239724946064
730.0,0.0006111279814242659
731.0,0.0005876521477017843
732.0,0.0005616668936858119
733.0,0.0005386112341897099
734.0,0.0005176448513776523
735.0,0.0005019645673241944
736.0,0.0004887522009724898
737.0,0.0004762129910057186
738.0,0.00046809710272209206
739.0,0.00046178944785934346
740.0,0.00045556766401839223
741.0,0.00045432182107793453
742.0,0.00045496959610844727
743.0,0.00044448360426883394
744.0,0.00043150947859318137
745.0,0.00042613218513340445
746.0,0.0004250794058501474
747.0,0.0004252485453338909
748.0,0.0004283215158031136
749.0,0.0004259813200013809
750.0,0.00042159468828941447
751.0,0.0004234169039536013
752.0,0.0004184126108931133
753.0,0.00040847592021673023
754.0,0.0004039817829793262
755.0,0.0003995611121172779
756.0,0.0003917122919310758
757.0,0.0003785214563069275
758.0,0.0003605866301662001
759.0,0.00033918879590229896
760.0,0.00031944327000724365
761.0,0.0003017211856186757
762.0,0.00028672523619340234
763.0,0.00028907236748383945
764.0,0.0003044454604846103
765.0,0.00031844480669842196
766.0,0.00032650909325677356
767.0,0.00033677294100845865
768.0,0.0003422364313204076
769.0,0.00034393315655736423
770.0,0.0003457897072432226
771.0,0.00034727517246919466
772.0,0.00034531671946444085
773.0,0.00034933315627141666
774.0,0.0003534315748912569
775.0,0.0003513464976473736
776.0,0.00035082290776762695
777.0,0.00035192087201143304
778.0,0.0003561447848650599
779.0,0.000359708121283761
780.0,0.00035619628506318375
781.0,0.0003516381419339736
782.0,0.00034706650261225546
783.0,0.0003476594229003777
784.0,0.0003505138434069005
785.0,0.00035563210114974666
786.0,0.00035086325817010355
787.0,0.00033917352856275396
788.0,0.00033431748403970127
789.0,0.000335228450471527
790.0,0.00034029588723239623
791.0,0.0003446382835700143
792.0,0.00034877442406056324
793.0,0.00034697857489085813
794.0,0.00034661092105575393
795.0,0.00034848116670858285
796.0,0.00035032663054608744
797.0,0.00035027645222038376
798.0,0.0003505557855925195
799.0,0.000351112728121908
800.0,0.00035233634385379
801.0,0.0003482598618372682
802.0,0.0003504746917118792
803.0,0.000359745104127181
804.0,0.0003610184243654668
805.0,0.0003549892900127025
806.0,0.0003410808191485539
807.0,0.0003390181806459777
808.0,0.00034066494830410285
809.0,0.00033872008516220274
810.0,0.0003335024839776982
811.0,0.00032267788756035014
812.0,0.00032065878718531105
813.0,0.000312492050865632
814.0,0.0002899515680573902
815.0,0.0002830289429875363
816.0,0.0002830517874433245
817.0,0.0002784721441921748
818.0,0.00026707235539381446
819.0,0.00025152589539877466
820.0,0.00026054597654939413
821.0,0.0002644179890411973
822.0,0.00022243813385324605
823.0,0.0001984642420470222
824.0,0.00019491638288235527
825.0,0.00020591776283124496
826.0,0.00020558714713210147
827.0,0.0001810353991991058
828.0,0.0001555821981384776
829.0,0.0001348366162989874
830.0,0.00011681983207634894
831.0,0.00010373912400131035
832.0,9.227874764966291e-05
833.0,0.00010547360589342668
834.0,0.00010453703259858402
835.0,7.957565517586409e-05
836.0,7.044933672047265e-05
837.0,7.648962840065628e-05
838.0,8.244218843450625e-05
839.0,8.46148864386529e-05
840.0,8.684251418000855e-05
841.0,7.198585023066086e-05
842.0,6.457698965930695e-05
843.0,7.413703715831535e-05
844.0,5.4615349870453204e-05
845.0,5.221354834328885e-05
846.0,6.905868861970473e-05
847.0,6.409842944276047e-05
848.0,5.60085876550546e-05
849.0,4.343997048734533e-05
850.0,4.441375215099006e-05
851.0,4.50076075690618e-05
852.0,5.8930441942410774e-05
853.0,6.461101282600094e-05
854.0,6.282965802500905e-05
855.0,4.866823069288829e-05
856.0,6.159979191292768e-05
857.0,6.36292454161127e-05
858.0,6.679780480863676e-05
859.0,5.694867937681729e-05
860.0,5.2002220524825066e-05
861.0,6.336662890035702e-05
862.0,5.6756914714195505e-05
863.0,5.849272071410175e-05
864.0,4.2708242607270094e-05
865.0,7.75359316972855e-05
866.0,7.44082564320815e-05
867.0,7.890910415443436e-05
868.0,6.425951473482292e-05
869.0,7.38833301875907e-05
870.0,7.822680995990873e-05
871.0,8.014686167978319e-05
872.0,8.513652803971882e-05
873.0,7.619314913862812e-05
874.0,9.176816758766214e-05
875.0,9.013691631966055e-05
876.0,0.00010000000000000002
877.0,0.00010000000000000002
878.0,9.155499537272188e-05
879.0,9.259924368294206e-05
880.0,8.21783693358954e-05
881.0,0.00010000000000000002
882.0,0.00010000000000000002
883.0,0.00010000000000000002
884.0,0.00010000000000000002
885.0,0.00010000000000000002
886.0,0.00010000000000000002
887.0,0.00010000000000000002
888.0,8.135370592317864e-05
889.0,0.00010000000000000002
890.0,0.00010000000000000002
891.0,0.00010000000000000002
892.0,0.00010000000000000002
893.0,0.00010000000000000002
894.0,0.00010000000000000002
895.0,0.00010000000000000002
896.0,0.00010000000000000002
897.0,0.00010000000000000002
898.0,0.00010000000000000002
899.0,0.00010000000000000002
