/begin_header
/west_longitude=UNKNOWN
/south_latitude=NA
/north_latitude=UNKNOWN
/calibration_files=NA
/cruise=NA
/station=NA
/documents=NA
/data_type=NA
/affiliations=NOAA
/experiment=NA
/units=nm,dl
/start_date=2019-08-01
/end_date=NA
/missing=9999
/start_time=13:13:41
/data_file_name=NA
/cloud_percent=NA
/water_depth=NA
/data_status=NA
/east_longitude=NA
/wind_speed=NA
/secchi=NA
/measurement_depth=NA
/fields=wavelength,rrs
/delimiter=comma
/contact=NA
/end_time=NA
/wave_height=NA
/investigators=NA
/end_header@
325.0,0.007721789437442063
326.0,0.007693979009086205
327.0,0.007672367426763299
328.0,0.007650499441114985
329.0,0.007634337041973206
330.0,0.007591438403176434
331.0,0.007549557116224538
332.0,0.007491628882720092
333.0,0.0074285815160603065
334.0,0.007413451955888545
335.0,0.007397902626124294
336.0,0.007367780276587817
337.0,0.0073389706867200265
338.0,0.007298752433491403
339.0,0.0072197800060798695
340.0,0.007182735892586832
341.0,0.007162618353085332
342.0,0.00711722340459323
343.0,0.0070728932466220164
344.0,0.007039121299099334
345.0,0.0070085354389978535
346.0,0.006975400042290412
347.0,0.006927324732336486
348.0,0.0069003369220439715
349.0,0.006872843150617701
350.0,0.006822693323082722
351.0,0.006795393628553315
352.0,0.006773808033300107
353.0,0.006743399161668962
354.0,0.006705585967302792
355.0,0.006669161025712899
356.0,0.006652443524191101
357.0,0.006634832835000407
358.0,0.006596749962452145
359.0,0.006552678212349361
360.0,0.006511132531093834
361.0,0.006482995664314659
362.0,0.006454191453284533
363.0,0.006421411571357216
364.0,0.006385641252458989
365.0,0.006356513766531635
366.0,0.006336601160876224
367.0,0.0063103272854131325
368.0,0.006277414648362574
369.0,0.006250181611515975
370.0,0.006230761664693048
371.0,0.006212080519738289
372.0,0.006180619713997233
373.0,0.006144219294365792
374.0,0.006111695084770357
375.0,0.006078764032869844
376.0,0.006047830650004764
377.0,0.006019396160263568
378.0,0.0059927470041849845
379.0,0.005967537448321089
380.0,0.005953368852193797
381.0,0.005931757394804988
382.0,0.005901127975675778
383.0,0.005878011085004449
384.0,0.005859832398994013
385.0,0.005840154852411824
386.0,0.005809747314257123
387.0,0.005771438196192061
388.0,0.00575647911248156
389.0,0.005744779643254651
390.0,0.005723762520559311
391.0,0.005704984902548068
392.0,0.005686758594680761
393.0,0.005665660912594932
394.0,0.005638363971523747
395.0,0.005609881810182235
396.0,0.005583632104028941
397.0,0.005549620721258279
398.0,0.005511834318282398
399.0,0.005486944687952912
400.0,0.005466283221023695
401.0,0.005441469347105611
402.0,0.00542007307592301
403.0,0.005400357332753348
404.0,0.0053736372079406765
405.0,0.005347950026535658
406.0,0.005322947514174012
407.0,0.005297239628593008
408.0,0.005270405740758691
409.0,0.0052424763873953305
410.0,0.005213582753109366
411.0,0.005185324499865312
412.0,0.005162471769025625
413.0,0.005141590718995774
414.0,0.005120397017770442
415.0,0.005099201517699775
416.0,0.005080172365678478
417.0,0.005063993390843869
418.0,0.005049943991433075
419.0,0.0050365669524434055
420.0,0.005021540726074375
421.0,0.0050082872318937535
422.0,0.0049964329577293545
423.0,0.004984074005931241
424.0,0.004970822053782531
425.0,0.004960427014933454
426.0,0.004947642902207175
427.0,0.004932864141476744
428.0,0.004920216797187521
429.0,0.004904447171614788
430.0,0.004885617542327285
431.0,0.004867393112347102
432.0,0.00485102649891046
433.0,0.004832497965658009
434.0,0.004816900316609756
435.0,0.004806110304952605
436.0,0.004796531669372989
437.0,0.004787678838076542
438.0,0.004782243682253813
439.0,0.00478257626164569
440.0,0.0047865281976196775
441.0,0.004790537365486648
442.0,0.00479725828614677
443.0,0.004809002742993873
444.0,0.004827486789592094
445.0,0.004850941738751865
446.0,0.004876713620890051
447.0,0.00490371239390453
448.0,0.004930789916480013
449.0,0.004956662860265579
450.0,0.004983752528711546
451.0,0.005013837584483262
452.0,0.005041840425573784
453.0,0.0050690467313106
454.0,0.005094780829779566
455.0,0.005114995657046194
456.0,0.0051318156102117965
457.0,0.005148860078997855
458.0,0.005162948828628671
459.0,0.005175970234837934
460.0,0.0051894232588060255
461.0,0.005203301453657807
462.0,0.005217609066034226
463.0,0.0052308958257055345
464.0,0.005243733777826791
465.0,0.0052579245299643786
466.0,0.005274220965887443
467.0,0.005292275399673086
468.0,0.005307959966098776
469.0,0.005323040929932607
470.0,0.0053421396589138324
471.0,0.005361571639106297
472.0,0.005380172994014658
473.0,0.005395966582179717
474.0,0.005413443607102631
475.0,0.005433170973880827
476.0,0.005452299501731291
477.0,0.005469402137239612
478.0,0.005487622308460467
479.0,0.005504490177111648
480.0,0.0055216601055115035
481.0,0.005544690181624845
482.0,0.005568715379454821
483.0,0.005586935343610802
484.0,0.005606983080059434
485.0,0.005629217192858293
486.0,0.005652526799191756
487.0,0.005674833887314865
488.0,0.005695592075951777
489.0,0.00571460884696665
490.0,0.005736124851418984
491.0,0.005765321509688775
492.0,0.005797585824884172
493.0,0.005831760308219909
494.0,0.00586841323741206
495.0,0.005910645569261278
496.0,0.005959194653987384
497.0,0.006011063608204264
498.0,0.006070119681290629
499.0,0.006138767434993581
500.0,0.006210769038961781
501.0,0.006285660092679146
502.0,0.006366960822223759
503.0,0.006451985753466558
504.0,0.0065413409285572975
505.0,0.006635822516436639
506.0,0.006734203633367965
507.0,0.006838534116837854
508.0,0.006947493799206388
509.0,0.007060098039431764
510.0,0.007171659124840614
511.0,0.00728672109287113
512.0,0.007407322233859237
513.0,0.007530962079999251
514.0,0.007659650793676783
515.0,0.007792518436342262
516.0,0.007933123439156062
517.0,0.008079066140348114
518.0,0.008226598290696597
519.0,0.008372326477711408
520.0,0.00851359125007388
521.0,0.008652636851698325
522.0,0.008793116466503234
523.0,0.008936402447890979
524.0,0.00908377978012146
525.0,0.009231574378828048
526.0,0.009379853301225325
527.0,0.009528244513842505
528.0,0.009675119437863772
529.0,0.009813670667381199
530.0,0.009945147595185565
531.0,0.010082114603848124
532.0,0.01022159470219593
533.0,0.010356796788648506
534.0,0.010489220949077716
535.0,0.01061770814907203
536.0,0.01074233360596634
537.0,0.010865414929217521
538.0,0.01098849451734191
539.0,0.011107229984553954
540.0,0.011223855427575945
541.0,0.011342856761708892
542.0,0.011454047788636516
543.0,0.011555287914347765
544.0,0.01165244369659141
545.0,0.011747042689338379
546.0,0.011841170504305202
547.0,0.011929192751814827
548.0,0.012012217286055515
549.0,0.012088683772781253
550.0,0.012163939543621861
551.0,0.012239977325310361
552.0,0.012308953529541544
553.0,0.012373134774113193
554.0,0.012437044204544119
555.0,0.012496262045753744
556.0,0.012549903063160252
557.0,0.012597976677101169
558.0,0.01263694393836107
559.0,0.012665123496511476
560.0,0.012687827528284835
561.0,0.01270466689764731
562.0,0.012713083313004466
563.0,0.01271593415337836
564.0,0.012715059788324504
565.0,0.012707832918852071
566.0,0.012693103795157765
567.0,0.012671155129433865
568.0,0.012646268717554237
569.0,0.01261772889393338
570.0,0.012584208429799248
571.0,0.012542996598690296
572.0,0.012495039602893132
573.0,0.012449234745385621
574.0,0.012403048280082244
575.0,0.012356079868718919
576.0,0.012302110199944972
577.0,0.012238673046510848
578.0,0.01216393092094126
579.0,0.012083848168340896
580.0,0.012001785272253552
581.0,0.011913425633129717
582.0,0.011819226344061481
583.0,0.01172645097241037
584.0,0.011628505207127418
585.0,0.011524244064959563
586.0,0.011421803162742616
587.0,0.01131942173252342
588.0,0.011212532234571257
589.0,0.0111016154772807
590.0,0.010988313564815406
591.0,0.010876950309958746
592.0,0.010764608506024145
593.0,0.010644867484375918
594.0,0.010514446718985954
595.0,0.010367645622401547
596.0,0.0102033658987519
597.0,0.010022985354309984
598.0,0.009830206043619151
599.0,0.009633701018720782
600.0,0.009446440490863107
601.0,0.009279363271132704
602.0,0.009133917840135262
603.0,0.009014165140953895
604.0,0.00892275447040917
605.0,0.008845397463536044
606.0,0.00877453336296129
607.0,0.008705720099739704
608.0,0.008636357921361103
609.0,0.00856674974590339
610.0,0.00849446779055531
611.0,0.008421311039766424
612.0,0.008351243829999144
613.0,0.008282015192848904
614.0,0.008212766096812287
615.0,0.008146432092934097
616.0,0.008081371187308145
617.0,0.008015871725223238
618.0,0.007958640634191796
619.0,0.007912047869461614
620.0,0.007868692822957508
621.0,0.007827552889922125
622.0,0.007791996968586795
623.0,0.007758355088355128
624.0,0.007726292904154337
625.0,0.007700047352330883
626.0,0.007678673869768893
627.0,0.007658312869137178
628.0,0.0076389670546666245
629.0,0.007621630684102017
630.0,0.007613422134144769
631.0,0.007605696982251354
632.0,0.0075986157086427985
633.0,0.007598287653030588
634.0,0.007600852345251249
635.0,0.007603762817110907
636.0,0.0076079543609191
637.0,0.00761276507265161
638.0,0.00762135221258982
639.0,0.007631201285743383
640.0,0.007639521048976037
641.0,0.0076431189741319894
642.0,0.007642891744181967
643.0,0.007639772161506904
644.0,0.007631828242821316
645.0,0.007619076418213721
646.0,0.0076029960981652735
647.0,0.007582735092829517
648.0,0.007556804693584737
649.0,0.007521311680027518
650.0,0.007473101646688007
651.0,0.007410362615284093
652.0,0.007333936154191434
653.0,0.007244651346635019
654.0,0.007151184249413042
655.0,0.00702937079512275
656.0,0.006861260048417803
657.0,0.006661542121966497
658.0,0.006460728667196899
659.0,0.006273685217836005
660.0,0.006091903387557198
661.0,0.0059175066224101385
662.0,0.00575374443781036
663.0,0.005601009769037485
664.0,0.005460147548109376
665.0,0.0053346064432518514
666.0,0.005226268013188441
667.0,0.005132363745512254
668.0,0.005053719752023769
669.0,0.004993794698656405
670.0,0.004954632607333633
671.0,0.004931648436140856
672.0,0.004919509780666202
673.0,0.004918306999380916
674.0,0.0049263405624464735
675.0,0.004942355625069894
676.0,0.004968300351009002
677.0,0.0050058097819267984
678.0,0.00505512915418309
679.0,0.00511656003171163
680.0,0.005192576535955553
681.0,0.005284288204695618
682.0,0.005392436404519094
683.0,0.0055184947912604535
684.0,0.005668818968135716
685.0,0.005863508025491437
686.0,0.0060895732452889715
687.0,0.006322466383623411
688.0,0.006485306229781186
689.0,0.006617009039256628
690.0,0.006763492845997246
691.0,0.006915164152292372
692.0,0.007069883411087011
693.0,0.007225478454347123
694.0,0.00736702549283388
695.0,0.007486199380425609
696.0,0.007581954568353912
697.0,0.007653314242343721
698.0,0.007702338375416752
699.0,0.007725010708465695
700.0,0.007716933358099079
701.0,0.007679150743944964
702.0,0.007615136920839654
703.0,0.007528105555193747
704.0,0.007418519942139412
705.0,0.007292313349107125
706.0,0.007151917569180227
707.0,0.006992374326127364
708.0,0.006815635973344283
709.0,0.006620885139883438
710.0,0.006414838652060782
711.0,0.006199882976973091
712.0,0.005974169126895597
713.0,0.005744326389226774
714.0,0.0055201546629412655
715.0,0.005303861457391962
716.0,0.005089999220652511
717.0,0.004880341832569571
718.0,0.00466681206134839
719.0,0.004458261999119821
720.0,0.004261567354421019
721.0,0.00408221427784221
722.0,0.003915585813485325
723.0,0.0037523824618708574
724.0,0.003589951975403182
725.0,0.0034257957537864683
726.0,0.0032649124715842096
727.0,0.0031079373837507506
728.0,0.0029466403035996167
729.0,0.002783645843754141
730.0,0.002626825785421514
731.0,0.002483458054665663
732.0,0.002358996468371333
733.0,0.00225416446617856
734.0,0.0021676155634286743
735.0,0.0020935241297137842
736.0,0.0020356349288986175
737.0,0.0019938825571339546
738.0,0.001958891688113606
739.0,0.0019296928583707625
740.0,0.0019080382254820093
741.0,0.0018929106976211779
742.0,0.001880630722155004
743.0,0.0018670295073738032
744.0,0.0018569241831356263
745.0,0.0018472739912191935
746.0,0.0018392825705444947
747.0,0.0018325426171376534
748.0,0.0018235380653895254
749.0,0.0018154408257433155
750.0,0.001809105528019535
751.0,0.001799834274072654
752.0,0.0017900906652721757
753.0,0.00178228557199181
754.0,0.0017753368145418847
755.0,0.0017695621135995706
756.0,0.0017649027776420437
757.0,0.0017639396397875705
758.0,0.001767240029235757
759.0,0.0017759063703157018
760.0,0.0017831801928175916
761.0,0.0017771361044160896
762.0,0.00175534716962987
763.0,0.0017311609103700548
764.0,0.0017219862168684468
765.0,0.0017156328712430596
766.0,0.001711814563618586
767.0,0.001712684305051304
768.0,0.001716111199198986
769.0,0.0017179515922765975
770.0,0.0017172013475325355
771.0,0.0017165964740581692
772.0,0.0017216482294922495
773.0,0.0017259742655387753
774.0,0.0017259559627371454
775.0,0.0017281969653769017
776.0,0.0017332521876350382
777.0,0.0017425882622939242
778.0,0.001750278313262018
779.0,0.0017559755825507916
780.0,0.0017618078230363112
781.0,0.0017700891673703134
782.0,0.0017793036877799117
783.0,0.001789762464005738
784.0,0.0017997983240094976
785.0,0.0018109854074407708
786.0,0.0018214216807358897
787.0,0.001831665786475463
788.0,0.0018406660598018372
789.0,0.0018513455003990376
790.0,0.0018667031408653508
791.0,0.0018827413949091363
792.0,0.0018987134253220517
793.0,0.00191549766141275
794.0,0.0019291281702206032
795.0,0.0019408674129109376
796.0,0.0019560023627106338
797.0,0.001969141030204457
798.0,0.0019772728323582483
799.0,0.0019886995594815943
800.0,0.0020011643459257027
801.0,0.002010720394960944
802.0,0.0020180907579106324
803.0,0.0020251342872261856
804.0,0.0020272300884795085
805.0,0.0020276245152020312
806.0,0.002030713483368312
807.0,0.0020304558418425497
808.0,0.0020234508574478423
809.0,0.0020109481423939727
810.0,0.001999542028393273
811.0,0.001990912276339621
812.0,0.0019746836372770654
813.0,0.0019555923771428863
814.0,0.0019357771188383132
815.0,0.001913326875962875
816.0,0.00188986345578721
817.0,0.001864803024047194
818.0,0.0018368973179776003
819.0,0.001805664479879838
820.0,0.0017743346849668751
821.0,0.0017370503928510108
822.0,0.0016900892189662862
823.0,0.0016380223183469077
824.0,0.0015822070404204025
825.0,0.0015285893122258304
826.0,0.0014739638479020199
827.0,0.0014167811465802698
828.0,0.0013585008612787982
829.0,0.0013025829651283742
830.0,0.0012506164416794697
831.0,0.0012058344846133174
832.0,0.0011698355994145455
833.0,0.0011396159906428684
834.0,0.0011161722466300262
835.0,0.001096607599812275
836.0,0.0010767671769644966
837.0,0.0010596550797458601
838.0,0.0010506874551796258
839.0,0.0010457709926722286
840.0,0.0010384343800390332
841.0,0.0010219719890553268
842.0,0.0010044558110009875
843.0,0.0009905021767084036
844.0,0.0009883329575891887
845.0,0.000988348019723293
846.0,0.0009840627295356922
847.0,0.0009736669373283195
848.0,0.0009600444931153451
849.0,0.0009582613364171796
850.0,0.0009512847551935786
851.0,0.0009375808377157446
852.0,0.0009326649060695991
853.0,0.0009307456310115026
854.0,0.0009249469975064937
855.0,0.0009115165188242731
856.0,0.0009012334486428418
857.0,0.0008947250442932507
858.0,0.0008886728642102713
859.0,0.0008862576183847479
860.0,0.0008893052647235203
861.0,0.0008852748463445111
862.0,0.0008755149635109715
863.0,0.0008666745401473745
864.0,0.0008606492243051057
865.0,0.0008563363568505128
866.0,0.0008521490882162185
867.0,0.0008448224121483698
868.0,0.0008373952854743939
869.0,0.000828984234400874
870.0,0.0008189561787357287
871.0,0.0008137266040461495
872.0,0.0008069973495416497
873.0,0.0007967037093279308
874.0,0.000790444762379992
875.0,0.0007836414511511989
876.0,0.0007686367931405934
877.0,0.0007560420333754847
878.0,0.0007482728081000865
879.0,0.000741741962640224
880.0,0.0007377142367454196
881.0,0.0007280591266985866
882.0,0.0007139493000434033
883.0,0.0007017342452704365
884.0,0.0007036172124331119
885.0,0.0006967302819948153
886.0,0.0006847654855507879
887.0,0.000677437305052303
888.0,0.0006730360983543282
889.0,0.0006681673978602325
890.0,0.0006609275800656154
891.0,0.0006496643025259649
892.0,0.0006363699433589888
893.0,0.0006295660164629022
894.0,0.0006264452103835656
895.0,0.0006054325558462999
896.0,0.0005861683197508857
897.0,0.0005896840155890935
898.0,0.00058674987525816
899.0,0.0005799193195535452
