/begin_header
/west_longitude=UNKNOWN
/south_latitude=NA
/north_latitude=UNKNOWN
/calibration_files=NA
/cruise=NA
/station=NA
/documents=NA
/data_type=NA
/affiliations=NOAA
/experiment=NA
/units=nm,dl
/start_date=2019-08-15
/end_date=NA
/missing=9999
/start_time=13:55:20
/data_file_name=NA
/cloud_percent=NA
/water_depth=NA
/data_status=NA
/east_longitude=NA
/wind_speed=NA
/secchi=NA
/measurement_depth=NA
/fields=wavelength,rrs
/delimiter=comma
/contact=NA
/end_time=NA
/wave_height=NA
/investigators=NA
/end_header@
325.0,0.013255263915704108
326.0,0.01327700799513228
327.0,0.013282611674041402
328.0,0.013245661098702496
329.0,0.01315011537029113
330.0,0.013034263071149878
331.0,0.012904482151648078
332.0,0.012847056714440844
333.0,0.012819125207401364
334.0,0.012757474025521428
335.0,0.012673066909228148
336.0,0.012591344246829273
337.0,0.012529559543541643
338.0,0.012458901875753188
339.0,0.012367604855140593
340.0,0.01224888222293242
341.0,0.012161161318411155
342.0,0.012107078575281894
343.0,0.012038274898997333
344.0,0.011972418322662333
345.0,0.011945310388936183
346.0,0.01187739772595288
347.0,0.011764142637442349
348.0,0.011690475863476185
349.0,0.011634548631964175
350.0,0.011562957461880935
351.0,0.01150808403140573
352.0,0.01144850100719911
353.0,0.011403562634594511
354.0,0.011353810436642712
355.0,0.011291340454825305
356.0,0.011223707132592
357.0,0.011155679357002235
358.0,0.011124926054312576
359.0,0.011078891262389513
360.0,0.011007039558339548
361.0,0.010931492754000228
362.0,0.010865492065802295
363.0,0.010811885645777024
364.0,0.010767419345435413
365.0,0.010718993401626676
366.0,0.010666349740799701
367.0,0.010618659138631473
368.0,0.01057615621992974
369.0,0.010532825670798957
370.0,0.010486848460740498
371.0,0.01044217952873491
372.0,0.010393220817151019
373.0,0.01033906391344384
374.0,0.01027984756529594
375.0,0.01023976670798307
376.0,0.010208711137379544
377.0,0.010157273506185359
378.0,0.010103842173290908
379.0,0.010064054495021102
380.0,0.010034112937352378
381.0,0.010017336043538685
382.0,0.010003969684210575
383.0,0.009965566291612363
384.0,0.009915061826524766
385.0,0.009863803854717504
386.0,0.009824732866523102
387.0,0.009798758286903391
388.0,0.009736130434850035
389.0,0.009698987715498568
390.0,0.009714718372293946
391.0,0.009704441376532967
392.0,0.00966484899989278
393.0,0.009610458107101197
394.0,0.009570401978014878
395.0,0.009547795788864308
396.0,0.009523229226856392
397.0,0.009484987146929427
398.0,0.009428925157341683
399.0,0.009392287299944558
400.0,0.00936537140184836
401.0,0.009328885834629482
402.0,0.009311888372710377
403.0,0.009307077206633695
404.0,0.009278815304889906
405.0,0.009242187715562072
406.0,0.009209737533622565
407.0,0.009186021840570147
408.0,0.009167097642515259
409.0,0.009154307872411668
410.0,0.009128710728421979
411.0,0.00909090626630662
412.0,0.009060645948192943
413.0,0.009044395580910514
414.0,0.009035610337225547
415.0,0.009027394028524647
416.0,0.009012521829822784
417.0,0.008990423939764704
418.0,0.008979543394534339
419.0,0.008980328574127956
420.0,0.008974855841647738
421.0,0.008966128949783532
422.0,0.008958387364897898
423.0,0.008945758078668556
424.0,0.00893924348163357
425.0,0.008943181849426211
426.0,0.008944306411725108
427.0,0.00893709504013885
428.0,0.008935603078416551
429.0,0.008935102334333481
430.0,0.008930855556155262
431.0,0.008924516392476428
432.0,0.008918723425086084
433.0,0.008907365735197077
434.0,0.008898541969530202
435.0,0.008894846607721805
436.0,0.008893504426185653
437.0,0.008895363870272257
438.0,0.008904316982923125
439.0,0.00891265110789146
440.0,0.008922773322561608
441.0,0.008940207860010645
442.0,0.008961347194562758
443.0,0.008985199699272141
444.0,0.00900814779314044
445.0,0.009032994510059508
446.0,0.00906616166588699
447.0,0.009101757426034895
448.0,0.009136965590484738
449.0,0.009168757900918569
450.0,0.009203849223973682
451.0,0.009245229680977157
452.0,0.009283483733382523
453.0,0.009321304271843892
454.0,0.009366462524718327
455.0,0.00940368549158289
456.0,0.009433308750208903
457.0,0.009464601732114952
458.0,0.009496911169385103
459.0,0.009534211117934493
460.0,0.009568376478105454
461.0,0.009602905368014846
462.0,0.009635071631236634
463.0,0.00966955971031799
464.0,0.009708092503635128
465.0,0.009751076129307309
466.0,0.009793613019611343
467.0,0.009832517667832214
468.0,0.009872207452148474
469.0,0.009912310214790445
470.0,0.009951523025097164
471.0,0.009991177108343068
472.0,0.010031018594208282
473.0,0.010065521919337711
474.0,0.010099993978936532
475.0,0.010134348024060309
476.0,0.010168709157938449
477.0,0.010203398698090043
478.0,0.010231462739379967
479.0,0.010263054543909007
480.0,0.010299038638890968
481.0,0.010331828310948298
482.0,0.01036291598530181
483.0,0.01039534467767322
484.0,0.010431637579606506
485.0,0.010467799017952832
486.0,0.010501952866823571
487.0,0.010533347691748244
488.0,0.010560824256397547
489.0,0.010580112778699528
490.0,0.010597850176813204
491.0,0.010629568467533861
492.0,0.010671282283827152
493.0,0.010716815756119892
494.0,0.0107521050904959
495.0,0.010788908363400896
496.0,0.010837187434574565
497.0,0.010888117211142762
498.0,0.010939874366246393
499.0,0.010999746812560792
500.0,0.011058594538789239
501.0,0.011115266010986866
502.0,0.011178456355608758
503.0,0.011239883617936673
504.0,0.01129404089735023
505.0,0.011344416480261082
506.0,0.011390397823407032
507.0,0.011438092573320454
508.0,0.011479740944579184
509.0,0.011513756767341411
510.0,0.011539146364390207
511.0,0.011564701815257681
512.0,0.011600865979108307
513.0,0.01164913861410226
514.0,0.011710271739839281
515.0,0.011784881594864524
516.0,0.011871039604114184
517.0,0.011964700394117936
518.0,0.01206438427899226
519.0,0.012160059496758408
520.0,0.012242012022575788
521.0,0.012327223555378988
522.0,0.012418831234708258
523.0,0.01251357860542432
524.0,0.012607881987921149
525.0,0.012697245198890561
526.0,0.012792672768993388
527.0,0.012888329411523366
528.0,0.012973446944959768
529.0,0.013054033217348177
530.0,0.013132449642450037
531.0,0.013213924821407158
532.0,0.013295346966038606
533.0,0.01337439143037544
534.0,0.013448648866488333
535.0,0.013515977763118931
536.0,0.013579418002807592
537.0,0.013642865513672142
538.0,0.013708400721147795
539.0,0.013766746881730314
540.0,0.0138167992775818
541.0,0.013861897005811344
542.0,0.013898148535958776
543.0,0.0139241525384065
544.0,0.01394359979687472
545.0,0.013957036446513787
546.0,0.013959609719249904
547.0,0.013956176463104162
548.0,0.01394740356174464
549.0,0.013935783131083132
550.0,0.01392573741364756
551.0,0.013921622522531638
552.0,0.013925824813723625
553.0,0.013939459700575963
554.0,0.013962565802571946
555.0,0.013982772569576732
556.0,0.013999151373521751
557.0,0.014022747209761743
558.0,0.014037351735828485
559.0,0.014036544675676877
560.0,0.014032001839884765
561.0,0.014022579548729014
562.0,0.014007006038219128
563.0,0.013983810520908909
564.0,0.013951517144795724
565.0,0.01391067943250696
566.0,0.013861847014999231
567.0,0.013802447773139945
568.0,0.013734349220738486
569.0,0.013655303674726324
570.0,0.013560594748830859
571.0,0.013451329433532366
572.0,0.013333023028261245
573.0,0.013204889408973963
574.0,0.013066122065649995
575.0,0.012909117701887463
576.0,0.01273604453411469
577.0,0.012546333016151472
578.0,0.012332068750489823
579.0,0.01209571365363319
580.0,0.011839792918917185
581.0,0.011571198634607418
582.0,0.011298270599583906
583.0,0.011020249375718045
584.0,0.010738930008225001
585.0,0.010454597685884939
586.0,0.010161942924451231
587.0,0.00987383442547832
588.0,0.009596356490126379
589.0,0.009306246427502041
590.0,0.009008994313532585
591.0,0.008722785081456234
592.0,0.008439043435915438
593.0,0.008143861518320241
594.0,0.007838022852365612
595.0,0.0075232486512731385
596.0,0.007197017168860053
597.0,0.006859415365100929
598.0,0.006522799915264934
599.0,0.006219380687047302
600.0,0.005955393776195782
601.0,0.005731771634615367
602.0,0.005559206269598897
603.0,0.005435790162277133
604.0,0.005346489950647921
605.0,0.005277243154699905
606.0,0.005222058117432528
607.0,0.0051765311094184845
608.0,0.005138685239695275
609.0,0.005103994950925949
610.0,0.005071715894883033
611.0,0.0050378648340758045
612.0,0.004998308486940631
613.0,0.00495769436322094
614.0,0.004922028062195061
615.0,0.004888907234677263
616.0,0.004852802019338192
617.0,0.004815209992456101
618.0,0.004775169760543198
619.0,0.004735153482736474
620.0,0.004698730093966105
621.0,0.004665492627159182
622.0,0.004634445566530527
623.0,0.004602116775074815
624.0,0.004567013290484458
625.0,0.004527979348321368
626.0,0.004488696783770922
627.0,0.004450800392313535
628.0,0.004420481875226723
629.0,0.004394480338494903
630.0,0.004373183080771726
631.0,0.004349000944591831
632.0,0.0043189772403203755
633.0,0.00428843147181803
634.0,0.004262243631497486
635.0,0.004239973363501822
636.0,0.004212562187359361
637.0,0.00418085402997444
638.0,0.0041552920030528614
639.0,0.004132484368267149
640.0,0.0041100443887998874
641.0,0.004076140082257276
642.0,0.004043736671428019
643.0,0.0040191787051308365
644.0,0.003986823228145554
645.0,0.003946136107098318
646.0,0.003906582555818835
647.0,0.0038692027324832338
648.0,0.0038344980038029727
649.0,0.0037958148681171587
650.0,0.0037474434842809734
651.0,0.0036982184989282976
652.0,0.0036421204372534045
653.0,0.0035788921669535007
654.0,0.0035189048605899997
655.0,0.0034473657274785826
656.0,0.003360947715599023
657.0,0.0032751318610145137
658.0,0.003198404504381024
659.0,0.003130835375349132
660.0,0.0030749037238119894
661.0,0.00303508632717865
662.0,0.0030001124391579636
663.0,0.00296816249196267
664.0,0.0029348508632933003
665.0,0.002902801961970627
666.0,0.002875812324525795
667.0,0.002850689171515739
668.0,0.0028302805998595363
669.0,0.0028158409617044166
670.0,0.0028009103910117735
671.0,0.002781653601279093
672.0,0.002766698739649371
673.0,0.0027560534613425584
674.0,0.002747277100406456
675.0,0.0027293018370168954
676.0,0.0027162324804464407
677.0,0.0027118103883734456
678.0,0.0026996414429697546
679.0,0.002681551968955525
680.0,0.002671271630115288
681.0,0.002658166273662701
682.0,0.002643241503961234
683.0,0.002634243653105707
684.0,0.0026271574475555206
685.0,0.002611115965294595
686.0,0.002592796891192195
687.0,0.002571491563596904
688.0,0.0025396924650444293
689.0,0.002503381611925129
690.0,0.0024608202916143905
691.0,0.0024111346925318466
692.0,0.0023646574364692336
693.0,0.002329370288409756
694.0,0.0022905920920753995
695.0,0.002242977129116393
696.0,0.0021940203707893602
697.0,0.0021454746188287604
698.0,0.0020892060655792015
699.0,0.002034776852306067
700.0,0.0019831648812243846
701.0,0.0019335745378461135
702.0,0.0018827762601364925
703.0,0.0018322434104567735
704.0,0.001780127897943052
705.0,0.001724750234686474
706.0,0.00167127927391631
707.0,0.0016188419181309209
708.0,0.0015671433940968997
709.0,0.0015160326418415112
710.0,0.0014625834680141016
711.0,0.0014043846307487608
712.0,0.001349764891070057
713.0,0.001297625146062347
714.0,0.0012365102215415793
715.0,0.0011762443858628889
716.0,0.001119801475413145
717.0,0.0010697121655459337
718.0,0.0010186002012142824
719.0,0.0009748539749521461
720.0,0.0009352015666288769
721.0,0.0008997847034680949
722.0,0.0008654427492284254
723.0,0.0008288481031943559
724.0,0.0007906127329179418
725.0,0.0007532587631330559
726.0,0.0007194703157260101
727.0,0.0006812468507749812
728.0,0.0006481634536190429
729.0,0.0006206023053311859
730.0,0.0005862218893417272
731.0,0.0005566842905489289
732.0,0.0005332877198128956
733.0,0.0005139529892543806
734.0,0.0004966274439168425
735.0,0.0004797222316405447
736.0,0.0004701761158215275
737.0,0.0004639018635188964
738.0,0.00045253052633618073
739.0,0.00044424173893785134
740.0,0.0004391520348023592
741.0,0.00043743436461873765
742.0,0.0004363906317992884
743.0,0.00042525155711374476
744.0,0.0004231000770216228
745.0,0.0004323018280427605
746.0,0.0004278150473491938
747.0,0.00042012050736950807
748.0,0.00041206162487689174
749.0,0.00041135659107988126
750.0,0.0004134721066405132
751.0,0.0004048495447401549
752.0,0.00039811204239150014
753.0,0.00039745589193440655
754.0,0.0003927282755420883
755.0,0.0003890133653525743
756.0,0.00038622174236895305
757.0,0.0003761620559822964
758.0,0.00035907765063597356
759.0,0.0003322546075941606
760.0,0.000292353408225264
761.0,0.0002604866560419994
762.0,0.00026595568295063383
763.0,0.0002858071683567477
764.0,0.0002849237821811222
765.0,0.0002960618617583371
766.0,0.0003154585122443541
767.0,0.00032442801647642784
768.0,0.0003292548393717802
769.0,0.00033937397705401974
770.0,0.00034141863515863436
771.0,0.000337186381960757
772.0,0.00034261547809551
773.0,0.00033965529048109855
774.0,0.0003287993793296646
775.0,0.0003339250691664468
776.0,0.0003405747424332772
777.0,0.000337577408332888
778.0,0.0003346650737361896
779.0,0.0003336940789307838
780.0,0.0003345656018946991
781.0,0.00033721971520920185
782.0,0.0003381130003024833
783.0,0.0003330785616203735
784.0,0.00033143836719321304
785.0,0.00033277250633507847
786.0,0.0003286307923422606
787.0,0.00032243174561210404
788.0,0.0003253208476407382
789.0,0.00032973023176446035
790.0,0.0003334272378806513
791.0,0.0003266498955518232
792.0,0.0003240564637348861
793.0,0.0003329370612622635
794.0,0.0003362638773077074
795.0,0.00033329530430847127
796.0,0.0003339207593184651
797.0,0.00033379119431218283
798.0,0.0003333804786964491
799.0,0.00032836601739183425
800.0,0.0003201158737357867
801.0,0.0003234031533482529
802.0,0.00032843313169861034
803.0,0.00032869688280677816
804.0,0.00032747065684924726
805.0,0.0003268841037011777
806.0,0.0003282972185793866
807.0,0.0003352959368061172
808.0,0.00033601201664031934
809.0,0.00031928530587661184
810.0,0.00030854988004092943
811.0,0.00030612738980539115
812.0,0.0002926038827188452
813.0,0.0002749322540089793
814.0,0.000263562050714192
815.0,0.00025368655876127676
816.0,0.0002440522265635953
817.0,0.00024187343414705485
818.0,0.00023511024771035986
819.0,0.0002170575577978273
820.0,0.00021277342805343344
821.0,0.00021626033496925223
822.0,0.00020771396933594996
823.0,0.00019089160528103666
824.0,0.0001758905885904481
825.0,0.00016029365912423739
826.0,0.0001515188912985295
827.0,0.0001506176161646518
828.0,0.00013638045057451083
829.0,0.00011772489381357057
830.0,0.00010097782962663237
831.0,9.252756057625386e-05
832.0,9.263453365535334e-05
833.0,7.376212793624359e-05
834.0,6.089514842510033e-05
835.0,6.858022685972927e-05
836.0,6.505890202071954e-05
837.0,6.0856107127816046e-05
838.0,7.026302222873124e-05
839.0,6.95806452511484e-05
840.0,5.487080788394163e-05
841.0,5.0479674584213483e-05
842.0,5.867822996373763e-05
843.0,4.681346611114826e-05
844.0,4.339101373447499e-05
845.0,3.6043291652084394e-05
846.0,3.407993058118525e-05
847.0,3.5027937056912386e-05
848.0,5.013833926940374e-05
849.0,4.954032743663757e-05
850.0,4.4416913780288005e-05
851.0,4.822418556656196e-05
852.0,3.30324805711631e-05
853.0,4.0104594444793656e-05
854.0,6.517129595006082e-05
855.0,8.355300737049892e-05
856.0,4.8462191562053314e-05
857.0,6.232471552683615e-05
858.0,5.1436926398797125e-05
859.0,5.825767961781309e-05
860.0,5.041092639053844e-05
861.0,6.976134412002563e-05
862.0,6.24575695814462e-05
863.0,7.115540135099816e-05
864.0,7.202437108869548e-05
865.0,7.141590318775998e-05
866.0,9.031106174691564e-05
867.0,9.078855029452879e-05
868.0,8.1749540183716e-05
869.0,6.40587546670942e-05
870.0,9.223554727719658e-05
871.0,9.195056173213662e-05
872.0,0.00010000000000000002
873.0,0.00010000000000000002
874.0,0.00010000000000000002
875.0,9.01168064491127e-05
876.0,0.00010000000000000002
877.0,0.00010000000000000002
878.0,0.00010000000000000002
879.0,0.00010000000000000002
880.0,8.337524898215065e-05
881.0,0.00010000000000000002
882.0,0.00010000000000000002
883.0,0.00010000000000000002
884.0,0.00010000000000000002
885.0,0.00010000000000000002
886.0,0.00010000000000000002
887.0,0.00010000000000000002
888.0,0.00010000000000000002
889.0,0.00010000000000000002
890.0,0.00010000000000000002
891.0,0.00010000000000000002
892.0,0.00010000000000000002
893.0,0.00010000000000000002
894.0,0.00010000000000000002
895.0,0.00010000000000000002
896.0,0.00010000000000000002
897.0,0.00010000000000000002
898.0,0.00010000000000000002
899.0,0.00010000000000000002
