/begin_header
/west_longitude=UNKNOWN
/south_latitude=NA
/north_latitude=UNKNOWN
/calibration_files=NA
/cruise=NA
/station=NA
/documents=NA
/data_type=NA
/affiliations=NOAA
/experiment=NA
/units=nm,dl
/start_date=2019-08-12
/end_date=NA
/missing=9999
/start_time=14:01:49
/data_file_name=NA
/cloud_percent=NA
/water_depth=NA
/data_status=NA
/east_longitude=NA
/wind_speed=NA
/secchi=NA
/measurement_depth=NA
/fields=wavelength,rrs
/delimiter=comma
/contact=NA
/end_time=NA
/wave_height=NA
/investigators=NA
/end_header@
325.0,0.017467934873035253
326.0,0.017279844155362573
327.0,0.017236356493021993
328.0,0.01732555053495682
329.0,0.017154292001181112
330.0,0.016978871366461507
331.0,0.016886360383264753
332.0,0.01683542271885468
333.0,0.016745252156706865
334.0,0.0166209126216685
335.0,0.01648809920212821
336.0,0.016371649847845858
337.0,0.01627132917715029
338.0,0.016180197437562764
339.0,0.01607272748311015
340.0,0.01593497559143397
341.0,0.01580922406511871
342.0,0.015718762047564366
343.0,0.015652350859358684
344.0,0.015562780631077808
345.0,0.015388259053835562
346.0,0.015266754122062581
347.0,0.015187332402861391
348.0,0.015051129934697895
349.0,0.014920131228735038
350.0,0.014817280222205636
351.0,0.014739503766898735
352.0,0.014672305596955787
353.0,0.014603958255228372
354.0,0.01450595564745875
355.0,0.01437186944136255
356.0,0.01425445284857266
357.0,0.014169555506393353
358.0,0.01410432825125281
359.0,0.014031474908510876
360.0,0.013938844125449521
361.0,0.013806970395191558
362.0,0.013709136785149859
363.0,0.013646773570218401
364.0,0.013574273315093177
365.0,0.01349283844702039
366.0,0.013407879704695234
367.0,0.013345024490007082
368.0,0.013290721553285279
369.0,0.013219823141507478
370.0,0.013143225582856905
371.0,0.01307180135287334
372.0,0.012997859573066466
373.0,0.012917537392840078
374.0,0.012849390006904951
375.0,0.012768845671558827
376.0,0.012684585513060157
377.0,0.012593426644848743
378.0,0.012508379677226344
379.0,0.012443697118331782
380.0,0.012402160269370209
381.0,0.012362161587545351
382.0,0.012299141891138104
383.0,0.012238071049956358
384.0,0.012170140038774835
385.0,0.012088937375654392
386.0,0.012017753493948739
387.0,0.011966020404115771
388.0,0.01190748538803175
389.0,0.011849117965551367
390.0,0.011795513317043321
391.0,0.011738322889658287
392.0,0.0116822395780285
393.0,0.011621756343447314
394.0,0.011561240870794211
395.0,0.011506675741467425
396.0,0.011427199027958948
397.0,0.011345395182178423
398.0,0.01127040687627044
399.0,0.011213758470210002
400.0,0.011164479254864345
401.0,0.011113567220348187
402.0,0.01107495690070687
403.0,0.011044883616543202
404.0,0.010989944376380314
405.0,0.010930180423293426
406.0,0.010872119630567544
407.0,0.010814828366822935
408.0,0.010759728439483984
409.0,0.010709079286439795
410.0,0.010655310525418866
411.0,0.010604180618882606
412.0,0.010559017142860849
413.0,0.010511502171642467
414.0,0.010460278126690963
415.0,0.010418978348472127
416.0,0.010386425333120704
417.0,0.01035352930395662
418.0,0.010319528368097252
419.0,0.010285247618437443
420.0,0.010259070085492348
421.0,0.010235987261419336
422.0,0.01020559763512433
423.0,0.010184224319130488
424.0,0.010166242249631717
425.0,0.010145863653954517
426.0,0.010121892627296526
427.0,0.010096400260524729
428.0,0.010081661054519336
429.0,0.010064997639793839
430.0,0.010040808216850933
431.0,0.010012068903930593
432.0,0.009981495128461169
433.0,0.009953342782737984
434.0,0.009930102987840304
435.0,0.009915013130790896
436.0,0.00990273476897975
437.0,0.009894374304274626
438.0,0.009889751297567244
439.0,0.009896347302279163
440.0,0.009910648213156216
441.0,0.009918513231121476
442.0,0.009936714359784935
443.0,0.009966737032367839
444.0,0.010001908275880166
445.0,0.010046254574514408
446.0,0.010098508818956596
447.0,0.01014824734434898
448.0,0.010199921844407418
449.0,0.010259258102861081
450.0,0.010319989193046757
451.0,0.010379526283626603
452.0,0.010439524216069158
453.0,0.010496037172216772
454.0,0.010545173833681417
455.0,0.010593605079861053
456.0,0.010641412276360302
457.0,0.01067887957271772
458.0,0.010713034128000079
459.0,0.010748742358434041
460.0,0.010786563239335434
461.0,0.010822091430373335
462.0,0.01085586558753548
463.0,0.01089432297832751
464.0,0.01093377710572968
465.0,0.010968055304985078
466.0,0.011006592582071612
467.0,0.011048166537229032
468.0,0.011086464357978488
469.0,0.01112752687920993
470.0,0.01117437322284016
471.0,0.011216594509527717
472.0,0.011254514641588902
473.0,0.011293020006849392
474.0,0.011335214660725835
475.0,0.011378355120425215
476.0,0.01141736750237926
477.0,0.011454111111686394
478.0,0.011497952824872797
479.0,0.011546035695254909
480.0,0.011593233911030641
481.0,0.011634365417621813
482.0,0.011677149088256369
483.0,0.011728820885113398
484.0,0.01178061321207717
485.0,0.011831343823656243
486.0,0.011878377853154876
487.0,0.01192589631149872
488.0,0.01197927118499126
489.0,0.012030763809808897
490.0,0.012081762297376895
491.0,0.012137600292348632
492.0,0.012204630417320176
493.0,0.012284781503057054
494.0,0.012364920555350028
495.0,0.012451771016082325
496.0,0.012548418346893974
497.0,0.012655969552105161
498.0,0.012771653084230547
499.0,0.012896355187280925
500.0,0.013029310345831973
501.0,0.013171142719626477
502.0,0.013320064193839376
503.0,0.013473021197777758
504.0,0.013631690561411664
505.0,0.013796037613027484
506.0,0.013969440525658312
507.0,0.014153462937764025
508.0,0.01434498326898458
509.0,0.014542148918730518
510.0,0.014738325910378658
511.0,0.014937554263919059
512.0,0.015147777079656557
513.0,0.01536075501777722
514.0,0.015580685947176095
515.0,0.015813972506536426
516.0,0.016056393264652545
517.0,0.016305524162216527
518.0,0.01655185287484647
519.0,0.016788083268853816
520.0,0.017014185412150197
521.0,0.017241508546517455
522.0,0.017473391267544047
523.0,0.01770461524811433
524.0,0.017936299551039613
525.0,0.018168573860493385
526.0,0.018405178221217282
527.0,0.018641568142717658
528.0,0.01886517953029898
529.0,0.01908107786774543
530.0,0.019293987043055884
531.0,0.01951059312649025
532.0,0.019727146029500035
533.0,0.019938653561627502
534.0,0.020146595977053646
535.0,0.020347120731699263
536.0,0.02053885419100739
537.0,0.020730170645202273
538.0,0.02092133573302571
539.0,0.02110413258986244
540.0,0.021281378791733842
541.0,0.021457748853661415
542.0,0.021622586975319318
543.0,0.02177565370075745
544.0,0.021925528773604513
545.0,0.022069362057581227
546.0,0.022207083508019733
547.0,0.022339918484609082
548.0,0.022466585344392637
549.0,0.02258531058132416
550.0,0.022704842926147113
551.0,0.02282771627872233
552.0,0.02294710751256867
553.0,0.023062092559845628
554.0,0.023175142302858574
555.0,0.02328445567501057
556.0,0.02338727611620408
557.0,0.023478249907010713
558.0,0.023558042201691495
559.0,0.023627274208632955
560.0,0.02369117371316792
561.0,0.02374399243343847
562.0,0.02377876689029008
563.0,0.023806275278407868
564.0,0.02382791054414802
565.0,0.02383535085847142
566.0,0.02382897801496535
567.0,0.02381142450645645
568.0,0.023779256805768444
569.0,0.02373322836507944
570.0,0.023679223973953004
571.0,0.023615864082751077
572.0,0.023542502203532607
573.0,0.023459140776248333
574.0,0.02336670734118366
575.0,0.023268499862739274
576.0,0.023155062293326405
577.0,0.023028812493065393
578.0,0.02289711526235256
579.0,0.022750390428398024
580.0,0.02258618109146485
581.0,0.022411735192610187
582.0,0.02222819275004847
583.0,0.02202987231532296
584.0,0.021815778867739145
585.0,0.021588241084101855
586.0,0.02135383322159465
587.0,0.021109590057374884
588.0,0.020849961967615863
589.0,0.020580280152242565
590.0,0.020309097862111318
591.0,0.020041328570916762
592.0,0.019770410098317225
593.0,0.019481465916390755
594.0,0.019164183093313223
595.0,0.01881491140632528
596.0,0.018430137347514974
597.0,0.018014211614499107
598.0,0.017577304268297463
599.0,0.01714405195046842
600.0,0.016739687480503942
601.0,0.01639050600255602
602.0,0.016108134536890494
603.0,0.01588800907428693
604.0,0.015713604597499632
605.0,0.015575208175402842
606.0,0.015458520263639142
607.0,0.015350128148110691
608.0,0.01524886952270724
609.0,0.01515380153908941
610.0,0.01505443726435594
611.0,0.01494981735168865
612.0,0.014846927230470434
613.0,0.014745132605281475
614.0,0.014647640045399691
615.0,0.014550107130845636
616.0,0.014451504910532409
617.0,0.014350889159848812
618.0,0.014259577232548596
619.0,0.01417974008295313
620.0,0.014102765252616575
621.0,0.014031025042591082
622.0,0.013971012155288723
623.0,0.01391802454268623
624.0,0.013868497340941508
625.0,0.01381550746358931
626.0,0.013766037408709086
627.0,0.013722385608218942
628.0,0.013687423071851607
629.0,0.013661961190223495
630.0,0.013648201672091612
631.0,0.013638411133984835
632.0,0.01363152236990558
633.0,0.013625871732984296
634.0,0.013620012404323895
635.0,0.013616785936446402
636.0,0.01361520047272215
637.0,0.013618027567121405
638.0,0.013625028418351387
639.0,0.013629480528021884
640.0,0.013629481830947171
641.0,0.013618679870140557
642.0,0.013601767691008754
643.0,0.013585692515094972
644.0,0.013556656588619358
645.0,0.013513747681556706
646.0,0.01346030045297946
647.0,0.013405296180985812
648.0,0.013355375945404532
649.0,0.013303462519348244
650.0,0.013233606562302744
651.0,0.013131094082366224
652.0,0.013005352389308361
653.0,0.012861202098263132
654.0,0.012713093804496029
655.0,0.012518892647652347
656.0,0.012260517705161232
657.0,0.01196369070441438
658.0,0.01167223526920107
659.0,0.011404945653166453
660.0,0.011148980910757837
661.0,0.010906431535992193
662.0,0.010683860924838926
663.0,0.01046984642349296
664.0,0.010254623989369764
665.0,0.010062939314070176
666.0,0.009895598272014519
667.0,0.009731265315572127
668.0,0.009589668287721424
669.0,0.009483485385890203
670.0,0.00939215935085964
671.0,0.009311731185002486
672.0,0.009247403035826662
673.0,0.009205252564180331
674.0,0.009181946907288479
675.0,0.009164182254511552
676.0,0.00915420839139584
677.0,0.009162033039280577
678.0,0.009185918095001199
679.0,0.00922739088797451
680.0,0.009299473784309545
681.0,0.009395876801830353
682.0,0.009514450018482909
683.0,0.009661356919605093
684.0,0.00983660258472258
685.0,0.010055010995854922
686.0,0.010292846153061018
687.0,0.010519129914150167
688.0,0.010676413318659825
689.0,0.010795149890485689
690.0,0.010907266028187855
691.0,0.0110069470663515
692.0,0.011089582764675036
693.0,0.011153251460579943
694.0,0.01119332004739576
695.0,0.011205299518469634
696.0,0.011187605414894806
697.0,0.011136248734148226
698.0,0.011048243217755334
699.0,0.010929186023059641
700.0,0.010782644694006823
701.0,0.010620553753870755
702.0,0.010435215983396699
703.0,0.010229771804337496
704.0,0.010002737896397667
705.0,0.009759114884553558
706.0,0.009516218621445884
707.0,0.009256355066440432
708.0,0.008978702101882358
709.0,0.008695010411002874
710.0,0.008399039249890654
711.0,0.008091025139749037
712.0,0.0077731177343388054
713.0,0.007454807232475723
714.0,0.007144109506984121
715.0,0.0068390742061114574
716.0,0.006530461000935859
717.0,0.0062320093993467685
718.0,0.005932270490361226
719.0,0.00565154659484128
720.0,0.005409580064968183
721.0,0.0052039864795646856
722.0,0.004998051788223212
723.0,0.004783659478684263
724.0,0.0045622365778433555
725.0,0.004343857041518253
726.0,0.004139421622376939
727.0,0.003945573267064071
728.0,0.003745793553695559
729.0,0.0035378272435065625
730.0,0.0033427913997534516
731.0,0.0031719225394671547
732.0,0.0030296620937867403
733.0,0.0029096387060789505
734.0,0.002805109924015146
735.0,0.002721308289784789
736.0,0.0026521230545443995
737.0,0.0025947243499190803
738.0,0.0025526557936988966
739.0,0.0025263117859818515
740.0,0.0025116407606826925
741.0,0.002493716852741476
742.0,0.002472803654073776
743.0,0.0024593543052855047
744.0,0.0024461889049806943
745.0,0.002431984843760123
746.0,0.002427388713997594
747.0,0.0024246678072532227
748.0,0.0024092142320956598
749.0,0.0023925467621698374
750.0,0.0023818585042849868
751.0,0.0023746414385342205
752.0,0.0023649920121164613
753.0,0.0023496224319485373
754.0,0.002339368638034191
755.0,0.0023350203313172112
756.0,0.002332740977643859
757.0,0.0023251555522045336
758.0,0.002307191864196388
759.0,0.0022786408799581877
760.0,0.002229407245895227
761.0,0.0021768648702772493
762.0,0.002145997382826476
763.0,0.002142990695861544
764.0,0.0021673953944129276
765.0,0.0021858796061865514
766.0,0.0021935950476960845
767.0,0.0022108272073764123
768.0,0.002228265400530602
769.0,0.002232712322846325
770.0,0.002241710298940576
771.0,0.0022540777187150364
772.0,0.002257305880348772
773.0,0.002255240604938518
774.0,0.0022563740180323475
775.0,0.0022651871333636657
776.0,0.0022728525970750597
777.0,0.0022782840916787165
778.0,0.002289255062690453
779.0,0.002302563997958365
780.0,0.0023098721574431407
781.0,0.0023145180694451417
782.0,0.002321257503752181
783.0,0.0023313725849537907
784.0,0.002340377010885864
785.0,0.002349069511698906
786.0,0.0023555533228008197
787.0,0.0023607980723843575
788.0,0.00237127008090466
789.0,0.002387678777229209
790.0,0.002405248345101466
791.0,0.002425692041838902
792.0,0.0024458513435210694
793.0,0.002460598792135057
794.0,0.002475622117157863
795.0,0.002490778368441318
796.0,0.0024955026477654343
797.0,0.002506095701572586
798.0,0.0025247300517654723
799.0,0.0025407784730082316
800.0,0.0025568283563417635
801.0,0.00256244785191284
802.0,0.0025657095047870973
803.0,0.002571450413949863
804.0,0.0025856130870310105
805.0,0.0025939334708648567
806.0,0.0025889347457033547
807.0,0.0025808646158197784
808.0,0.002571853545108571
809.0,0.0025621019432764463
810.0,0.0025432291269418756
811.0,0.002512887319239357
812.0,0.0024792778835757458
813.0,0.002439840669952147
814.0,0.002402689710490486
815.0,0.002369712767473108
816.0,0.00233256651603478
817.0,0.0023023806360811163
818.0,0.0022763856122238473
819.0,0.002247234638618349
820.0,0.002195569543929673
821.0,0.0021340317599369825
822.0,0.0020814484383372077
823.0,0.0020226899494193494
824.0,0.001955016724304769
825.0,0.0018927318069000974
826.0,0.0018306962742953015
827.0,0.0017671860832832672
828.0,0.0016921667503072787
829.0,0.0016072484876711742
830.0,0.001535893270866183
831.0,0.0014801790225964912
832.0,0.001437076142589718
833.0,0.0014118461386816903
834.0,0.00138033688136732
835.0,0.0013421495656199055
836.0,0.0013295307896149316
837.0,0.001322003190992065
838.0,0.0013037992708573058
839.0,0.0012929056218930108
840.0,0.001287852329440245
841.0,0.0012583041502458067
842.0,0.0012407991737573558
843.0,0.0012443999715231577
844.0,0.0012345408033767223
845.0,0.0012194516160410052
846.0,0.0012123130680022328
847.0,0.0012014780941470254
848.0,0.0011926922341919778
849.0,0.001186439169837273
850.0,0.0011752025267489758
851.0,0.0011548352560239912
852.0,0.0011431855316734198
853.0,0.0011341181956768503
854.0,0.0011194735691255607
855.0,0.0011081647221825488
856.0,0.0010946287114278876
857.0,0.0010760528439708063
858.0,0.0010730802211023525
859.0,0.0010767359941103393
860.0,0.001071992350450693
861.0,0.001058508172241211
862.0,0.0010526914523631354
863.0,0.0010514072874495976
864.0,0.0010466763582670487
865.0,0.0010406888337643565
866.0,0.0010257840451323547
867.0,0.0010034688796348471
868.0,0.0009867324504450109
869.0,0.0009783240260116252
870.0,0.0009786830548693358
871.0,0.0009567508045003203
872.0,0.0009380545107795874
873.0,0.0009352703599592489
874.0,0.0009264599622864844
875.0,0.0009146866048354147
876.0,0.0008962075537964839
877.0,0.0008835316415901807
878.0,0.0008787131235700581
879.0,0.000866387284638105
880.0,0.0008484334850366145
881.0,0.0008306144782952742
882.0,0.0008173735636479126
883.0,0.0008084054036467707
884.0,0.000807229260507504
885.0,0.0008091605434873729
886.0,0.0007990567406058827
887.0,0.000773318739066193
888.0,0.0007448115979229278
889.0,0.00071344777079204
890.0,0.000714968597907169
891.0,0.0007403604056175815
892.0,0.0007014327496944913
893.0,0.0006579847005560256
894.0,0.0006323911611967237
895.0,0.0006081288540896129
896.0,0.0005982624344884595
897.0,0.0006161787509027703
898.0,0.0005794054615121003
899.0,0.0005399776645031212
