/begin_header
/west_longitude=UNKNOWN
/south_latitude=NA
/north_latitude=UNKNOWN
/calibration_files=NA
/cruise=NA
/station=NA
/documents=NA
/data_type=NA
/affiliations=NOAA
/experiment=NA
/units=nm,dl
/start_date=2019-10-08
/end_date=NA
/missing=9999
/start_time=10:35:43
/data_file_name=NA
/cloud_percent=NA
/water_depth=NA
/data_status=NA
/east_longitude=NA
/wind_speed=NA
/secchi=NA
/measurement_depth=NA
/fields=wavelength,rrs
/delimiter=comma
/contact=NA
/end_time=NA
/wave_height=NA
/investigators=NA
/end_header@
325.0,0.007664814457397478
326.0,0.007560806337963991
327.0,0.007540870753009785
328.0,0.0075023164287604
329.0,0.007367427323164981
330.0,0.007303291866504294
331.0,0.007362065018153662
332.0,0.007300485164439825
333.0,0.007226378112197322
334.0,0.007321934846970976
335.0,0.007292070663050177
336.0,0.007144531478019219
337.0,0.007078478970561963
338.0,0.007089743903382228
339.0,0.007167015457877196
340.0,0.007096720346862946
341.0,0.006986356188506601
342.0,0.0069688284564239575
343.0,0.007004582966340852
344.0,0.0070273967221325066
345.0,0.00705369810806508
346.0,0.007051762578814319
347.0,0.0069816351277165335
348.0,0.006988275783231232
349.0,0.0070122972891435015
350.0,0.006985208531179678
351.0,0.006993007367602708
352.0,0.007024810024457801
353.0,0.007041736116839177
354.0,0.007037254857344362
355.0,0.007042369745008295
356.0,0.007029517570238053
357.0,0.007001732724676045
358.0,0.0070080322642696175
359.0,0.007003228858026307
360.0,0.006985136080227312
361.0,0.006961869168221733
362.0,0.00696619122436129
363.0,0.006979753906716261
364.0,0.006962484521534215
365.0,0.006936518552873884
366.0,0.006925797875876831
367.0,0.006937031867516483
368.0,0.0069416010264272176
369.0,0.006934679995840636
370.0,0.006935484949132917
371.0,0.00692384988967115
372.0,0.006873728973829189
373.0,0.006847505068938292
374.0,0.006844607233535552
375.0,0.006838580332181146
376.0,0.0068248708357155075
377.0,0.006789864730053598
378.0,0.006798451794163396
379.0,0.006826851355531624
380.0,0.006779824075114201
381.0,0.0067591985962421695
382.0,0.006786289269017319
383.0,0.006771482177055509
384.0,0.006747697772217171
385.0,0.0067523009670629585
386.0,0.006733674979097062
387.0,0.006699297766008637
388.0,0.00669646459299506
389.0,0.0067027234735869525
390.0,0.006715723490856844
391.0,0.0066938182717512906
392.0,0.006655217801450057
393.0,0.006654622907580923
394.0,0.006660203232450183
395.0,0.006656966831296046
396.0,0.006636026084045049
397.0,0.006603823381926709
398.0,0.006554808940890592
399.0,0.006510182913306675
400.0,0.006475125310158071
401.0,0.0064532199623424606
402.0,0.006428360980262049
403.0,0.00640016751596003
404.0,0.006368850127951015
405.0,0.006342457131041555
406.0,0.00631542944693794
407.0,0.006283833921283189
408.0,0.006247723555519913
409.0,0.0062074880878330175
410.0,0.0061767724168281845
411.0,0.006155765273779871
412.0,0.006122308919457608
413.0,0.006092755123152612
414.0,0.006073078029223363
415.0,0.006043167307627463
416.0,0.006024653249954571
417.0,0.006029932749629201
418.0,0.006030346202989267
419.0,0.006021718490076943
420.0,0.006017437592083997
421.0,0.0060130057801674845
422.0,0.006006732611696936
423.0,0.006008176992568662
424.0,0.006014573169062077
425.0,0.006003906539978621
426.0,0.0060006186707488324
427.0,0.006005115290115771
428.0,0.005999977240398461
429.0,0.00598577228813593
430.0,0.005969550575039469
431.0,0.0059517883506003105
432.0,0.005934332162105109
433.0,0.005926215517618803
434.0,0.005916576586354883
435.0,0.005903939446622533
436.0,0.005911654453510483
437.0,0.00593335019424806
438.0,0.005953316623019707
439.0,0.00597807165785744
440.0,0.006009271965364301
441.0,0.006057679711180016
442.0,0.006120036919114299
443.0,0.006189640018031128
444.0,0.006254169961883299
445.0,0.006327839308706382
446.0,0.00641768559042445
447.0,0.006513268970459257
448.0,0.006610455195093639
449.0,0.006704135824625847
450.0,0.006792538653044145
451.0,0.006875286613740668
452.0,0.006964267016482138
453.0,0.0070479501906671555
454.0,0.007118739646486639
455.0,0.007185664940857819
456.0,0.007248464883917384
457.0,0.007298424943752939
458.0,0.007342661431257967
459.0,0.007383864651441793
460.0,0.007430308658705422
461.0,0.0074784281443898305
462.0,0.0075243063756047935
463.0,0.0075738197499442845
464.0,0.007624129341066381
465.0,0.007680222238811295
466.0,0.007746445395818836
467.0,0.007821616437275625
468.0,0.00789781146188737
469.0,0.007976982316964445
470.0,0.008067565493371875
471.0,0.008160663732609494
472.0,0.00825404761151342
473.0,0.008351304658672109
474.0,0.008455338594982072
475.0,0.008565342091701735
476.0,0.008664271670607456
477.0,0.008756444155668109
478.0,0.008855822822402734
479.0,0.00894695620144457
480.0,0.009025696328830397
481.0,0.009098678734059343
482.0,0.009167005530298245
483.0,0.009225657336834768
484.0,0.009284596503844675
485.0,0.009338332019450151
486.0,0.009376646867893844
487.0,0.009414274223607372
488.0,0.009448159777904768
489.0,0.009481087438523213
490.0,0.00950892832007228
491.0,0.009532704671259905
492.0,0.009571620692473531
493.0,0.00962775771345513
494.0,0.009684573501310457
495.0,0.009748816051943781
496.0,0.009832165291905014
497.0,0.009927638159304636
498.0,0.010040060865562063
499.0,0.010177305184965003
500.0,0.01032041569431802
501.0,0.010471618509154079
502.0,0.010653361901955687
503.0,0.01085084420363532
504.0,0.011045347377946001
505.0,0.011255255454292765
506.0,0.011475874840188706
507.0,0.011709668695274905
508.0,0.01195393051092215
509.0,0.012206039808824358
510.0,0.012471039527702885
511.0,0.012740427007365319
512.0,0.013011984688304353
513.0,0.013288370513892669
514.0,0.01356934947468114
515.0,0.013859977277448763
516.0,0.014157625021838666
517.0,0.014448359499287921
518.0,0.014729462418712643
519.0,0.015000484262766641
520.0,0.01525224392296741
521.0,0.015483063739819631
522.0,0.015703043593268476
523.0,0.015916891529362615
524.0,0.01612448702360102
525.0,0.016324677740811415
526.0,0.016515833803699455
527.0,0.016695358981009656
528.0,0.016864052992776248
529.0,0.017020296879841745
530.0,0.017164472500790402
531.0,0.017306268334101413
532.0,0.017444206873873706
533.0,0.017577048106075965
534.0,0.017704520235737386
535.0,0.01782456546287083
536.0,0.01793633561894563
537.0,0.01804884017454912
538.0,0.018161354035247997
539.0,0.01826344974560337
540.0,0.018358241387567045
541.0,0.01845297849143252
542.0,0.018533418457532244
543.0,0.018601298719866495
544.0,0.018672281514958127
545.0,0.018740576409016517
546.0,0.018805165986579574
547.0,0.01886357481440621
548.0,0.018916433391914532
549.0,0.018977289226037926
550.0,0.019044138283518357
551.0,0.019113053810639408
552.0,0.019173913938313036
553.0,0.01923571397381322
554.0,0.019304070876666905
555.0,0.01937494663688182
556.0,0.01944410270027038
557.0,0.019501090060839756
558.0,0.019554732396048834
559.0,0.019611613360004818
560.0,0.01965497309932406
561.0,0.019687797415639755
562.0,0.019725851590888414
563.0,0.019756175715156508
564.0,0.01977859261836078
565.0,0.01980493537139593
566.0,0.019833666691013007
567.0,0.01986321047297968
568.0,0.01989229713226345
569.0,0.019923548166062833
570.0,0.019966222904151135
571.0,0.020014964720859663
572.0,0.020068852603987896
573.0,0.020123362391930206
574.0,0.02018580698317034
575.0,0.02026490403532532
576.0,0.020344535337366597
577.0,0.020418492957218034
578.0,0.020492034443328384
579.0,0.020560865176771564
580.0,0.02062532855319841
581.0,0.02067925147261813
582.0,0.020721017331755527
583.0,0.02075642787070743
584.0,0.020787663352610636
585.0,0.020814312332181752
586.0,0.020838064258053023
587.0,0.020857141796704316
588.0,0.020867876378765127
589.0,0.020852822644099274
590.0,0.02080949829476726
591.0,0.02075028238625207
592.0,0.020673378319077982
593.0,0.02056912910338947
594.0,0.02043009776431627
595.0,0.02024944910786415
596.0,0.020011669310171683
597.0,0.01972472962237
598.0,0.019395250276888737
599.0,0.019032624899724716
600.0,0.0186734357747701
601.0,0.01835297106803057
602.0,0.01807038017207347
603.0,0.01782701600198864
604.0,0.017631508671798562
605.0,0.01745428594043387
606.0,0.01728062880761224
607.0,0.017114808751014836
608.0,0.01694989046991096
609.0,0.016772803355079545
610.0,0.016590193387595497
611.0,0.016407252334006382
612.0,0.016226332107306625
613.0,0.01605184865757408
614.0,0.01588905335884583
615.0,0.015728678253236685
616.0,0.01557230124855966
617.0,0.015418652687301864
618.0,0.01528082594610237
619.0,0.015158956123519102
620.0,0.015049408884249304
621.0,0.014945441664132022
622.0,0.01485458362396631
623.0,0.014766347633732751
624.0,0.014678900347186797
625.0,0.01459783698607146
626.0,0.014527974881201517
627.0,0.014462089269582543
628.0,0.014399222981164856
629.0,0.014336016376221516
630.0,0.014275925551382415
631.0,0.014217417624239498
632.0,0.014167527566977695
633.0,0.014138082746449444
634.0,0.014116688890169296
635.0,0.014095818382771848
636.0,0.014084037326080604
637.0,0.014080691875514282
638.0,0.014083941090785961
639.0,0.014080636815612349
640.0,0.01406754523510213
641.0,0.014057374270779122
642.0,0.014040763099726506
643.0,0.014016878815396344
644.0,0.013991771950420331
645.0,0.013960606014790605
646.0,0.013914834117468213
647.0,0.01384154996535517
648.0,0.013738161029751544
649.0,0.013601675495586451
650.0,0.013432765346692141
651.0,0.013228655171399786
652.0,0.012986457137396332
653.0,0.012706843023096086
654.0,0.012407984222737553
655.0,0.012054489507241741
656.0,0.011628434162907814
657.0,0.011149627332105588
658.0,0.010683985384792845
659.0,0.01027455199768558
660.0,0.009885587683613486
661.0,0.009507101041509147
662.0,0.00916961007878023
663.0,0.008874423169314466
664.0,0.008607208842774789
665.0,0.0083816843813452
666.0,0.00820426989040221
667.0,0.008057043822083696
668.0,0.00796225715765858
669.0,0.007921336913654537
670.0,0.007917412378163506
671.0,0.007947104352581804
672.0,0.008011964959421476
673.0,0.008099846530304603
674.0,0.008211587609747958
675.0,0.008358967476042816
676.0,0.00852365678741512
677.0,0.008696199410162014
678.0,0.008883739106657625
679.0,0.00909022910550798
680.0,0.009309054536935922
681.0,0.009551280009039168
682.0,0.009825116719110525
683.0,0.010110687307131824
684.0,0.010452833690008882
685.0,0.010944302591461364
686.0,0.011547295304604415
687.0,0.012175070646495418
688.0,0.012484450228317252
689.0,0.012649217169621852
690.0,0.01284083044222879
691.0,0.01306214357540474
692.0,0.013317999973460174
693.0,0.013613972869017102
694.0,0.013881234744335693
695.0,0.01408892312779976
696.0,0.014252320803774522
697.0,0.014385205832972339
698.0,0.014495596666844236
699.0,0.014566974028582595
700.0,0.014581621793758996
701.0,0.014524059199603761
702.0,0.014402967629753124
703.0,0.014229230733586179
704.0,0.014028531338028439
705.0,0.01379594594263114
706.0,0.013529905111304443
707.0,0.013239607331379527
708.0,0.012924095475228218
709.0,0.012570827890708272
710.0,0.012189172362093862
711.0,0.01179308273845121
712.0,0.01138821590766641
713.0,0.010984693063259898
714.0,0.01059350018526739
715.0,0.010225325648134538
716.0,0.009873455067061675
717.0,0.009553887629939101
718.0,0.00919552348790224
719.0,0.00877091549457037
720.0,0.008348686393490925
721.0,0.007974431727147544
722.0,0.007649172357237379
723.0,0.007348160360468968
724.0,0.007051272876647391
725.0,0.006735624486270145
726.0,0.0064224056543206775
727.0,0.006124065834158452
728.0,0.005806498170630382
729.0,0.005470565244984978
730.0,0.00514796991873241
731.0,0.004841258450096685
732.0,0.004563341141606412
733.0,0.0043363842164421285
734.0,0.004154570381393103
735.0,0.004012063136734263
736.0,0.003897276047971683
737.0,0.0038037350791635645
738.0,0.0037240675807545505
739.0,0.003666293594892538
740.0,0.0036263193434155185
741.0,0.0035880904709090404
742.0,0.0035531647440418196
743.0,0.0035276739879186426
744.0,0.0035050398441255426
745.0,0.0034792595078877568
746.0,0.00345120209980269
747.0,0.003431183719516098
748.0,0.0034151831626287816
749.0,0.0033942971112604554
750.0,0.0033671526979093514
751.0,0.0033426951549996387
752.0,0.0033194731305848505
753.0,0.0032888695945849054
754.0,0.0032754917732314053
755.0,0.0032678816666074036
756.0,0.00325617002678912
757.0,0.0032684690734646597
758.0,0.0033158064665326165
759.0,0.003414001164829418
760.0,0.003541526373898834
761.0,0.0035805771709699467
762.0,0.0035225010037098505
763.0,0.003413424266994096
764.0,0.0033179563939486
765.0,0.003237684680355328
766.0,0.0031739122908340904
767.0,0.003144247867745264
768.0,0.0031247607256619826
769.0,0.003107107808512095
770.0,0.0030943087153646864
771.0,0.003085886995903189
772.0,0.0030953555676078983
773.0,0.0031011125480761162
774.0,0.003096794399806988
775.0,0.003104299120149865
776.0,0.003116510889691566
777.0,0.003125702587723446
778.0,0.003130951237492307
779.0,0.0031358823477437014
780.0,0.0031514946589069693
781.0,0.0031610926690636525
782.0,0.0031637976237376512
783.0,0.003183576966862706
784.0,0.0032027884037097525
785.0,0.0032214900986075436
786.0,0.003247456046899685
787.0,0.0032771080482407846
788.0,0.0032924782995335717
789.0,0.003312939979057538
790.0,0.003343694277085839
791.0,0.003374340817970825
792.0,0.003404609928696986
793.0,0.003426293507264186
794.0,0.003449126760005212
795.0,0.003476845291609908
796.0,0.0035013634486845066
797.0,0.00352454499008478
798.0,0.0035448440023389286
799.0,0.0035702228869555195
800.0,0.0035939392118266474
801.0,0.0036093996955049107
802.0,0.0036301212820448537
803.0,0.00365966601855914
804.0,0.0036693066532924126
805.0,0.003668263389119259
806.0,0.003669620350460906
807.0,0.003671606432394306
808.0,0.003675907207058072
809.0,0.0036662361096721184
810.0,0.0036476978042529833
811.0,0.0036220830853324697
812.0,0.0036085506982397883
813.0,0.0035965077833372294
814.0,0.003559294688235703
815.0,0.0035238592898137384
816.0,0.0034913846321331333
817.0,0.0034521382389556083
818.0,0.00340261414600927
819.0,0.003347746242121058
820.0,0.0032816720476326173
821.0,0.003208595208660447
822.0,0.0031466882724999054
823.0,0.003069227486697212
824.0,0.0029683963632383516
825.0,0.0028336043122081786
826.0,0.002714548694688676
827.0,0.002621957013220136
828.0,0.0025187495580591183
829.0,0.0024072484418328818
830.0,0.00230954091927525
831.0,0.0022390399157275727
832.0,0.0021818283549968178
833.0,0.0021028502313675175
834.0,0.002040845003077451
835.0,0.0020044983732230987
836.0,0.0019760169056066037
837.0,0.001949908891997685
838.0,0.0019222153536683224
839.0,0.001894027876294098
840.0,0.0018685169049345105
841.0,0.001846579598347654
842.0,0.0018243306064039924
843.0,0.0018058870122236621
844.0,0.001797262725392669
845.0,0.0017795878230142223
846.0,0.001751735273252666
847.0,0.0017500943013807912
848.0,0.0017541294793486657
849.0,0.0017137489814478084
850.0,0.0016890786100530884
851.0,0.001687719956105707
852.0,0.0016697816430115199
853.0,0.001653588792120165
854.0,0.001629555002242491
855.0,0.0016166796757593551
856.0,0.0016058071668974866
857.0,0.0015802062935576123
858.0,0.0015626540712365127
859.0,0.0015588985265789237
860.0,0.0015531557588476519
861.0,0.0015422260450049835
862.0,0.0015265319665968972
863.0,0.0014883229043595064
864.0,0.0014612941603836512
865.0,0.0014848727915554578
866.0,0.0014832735631996673
867.0,0.0014541347168807715
868.0,0.0014463018148830947
869.0,0.0014261541146796902
870.0,0.0013938122024716743
871.0,0.001388035571409531
872.0,0.0013850310880695019
873.0,0.0013681271564206451
874.0,0.0013643685899064944
875.0,0.001363039668263113
876.0,0.0013439917752505978
877.0,0.0013115105233230263
878.0,0.0012988318914248446
879.0,0.0012976541687909737
880.0,0.0012985883878652573
881.0,0.001277672615132981
882.0,0.001241877314953477
883.0,0.0012119756700815151
884.0,0.0012398453102248318
885.0,0.0012351086394556488
886.0,0.001174944637136945
887.0,0.0011530256987892333
888.0,0.0011422788879625779
889.0,0.0011135111547952515
890.0,0.0011170035722976677
891.0,0.001132852736721588
892.0,0.0011498049159130133
893.0,0.0011315863834383691
894.0,0.0010721634194349474
895.0,0.0010508561118590003
896.0,0.0010458045804473469
897.0,0.001024241778314017
898.0,0.0010509925366712302
899.0,0.0010707009873728805
