/begin_header
/west_longitude=UNKNOWN
/south_latitude=NA
/north_latitude=UNKNOWN
/calibration_files=NA
/cruise=NA
/station=NA
/documents=NA
/data_type=NA
/affiliations=NOAA
/experiment=NA
/units=nm,dl
/start_date=2019-08-15
/end_date=NA
/missing=9999
/start_time=12:13:03
/data_file_name=NA
/cloud_percent=NA
/water_depth=NA
/data_status=NA
/east_longitude=NA
/wind_speed=NA
/secchi=NA
/measurement_depth=NA
/fields=wavelength,rrs
/delimiter=comma
/contact=NA
/end_time=NA
/wave_height=NA
/investigators=NA
/end_header@
325.0,0.010646523919724453
326.0,0.01046306429426356
327.0,0.010418333145490052
328.0,0.010488548708734844
329.0,0.010431132407675287
330.0,0.010340414032697249
331.0,0.010296623282697887
332.0,0.010226015263168008
333.0,0.010186950359844255
334.0,0.010168575221656932
335.0,0.01012792682901514
336.0,0.010077052521206591
337.0,0.010002748615067697
338.0,0.009931110087498122
339.0,0.009872647558757386
340.0,0.009829511431931292
341.0,0.009799845268848017
342.0,0.009793761437525656
343.0,0.00976233110189425
344.0,0.009712429305092297
345.0,0.009636904877446398
346.0,0.009585904545971148
347.0,0.009568988581021735
348.0,0.00950751315131602
349.0,0.00945658103713051
350.0,0.009448593142194518
351.0,0.009421530454361797
352.0,0.009359688688288226
353.0,0.009315600161216972
354.0,0.009283676621281437
355.0,0.009256172622294957
356.0,0.009237046440110485
357.0,0.009208010596868316
358.0,0.009154828840173579
359.0,0.009130397044299954
360.0,0.009105952796138564
361.0,0.009061266125139387
362.0,0.009027901094246952
363.0,0.009004542298285647
364.0,0.008970291146912904
365.0,0.0089475019562719
366.0,0.008926030937204647
367.0,0.008885115958027268
368.0,0.008844749159706133
369.0,0.008846402205956783
370.0,0.008828507146850949
371.0,0.008792511226625508
372.0,0.00878462514596971
373.0,0.008760425407227334
374.0,0.008719584281644524
375.0,0.008701446610275502
376.0,0.008690728742028161
377.0,0.008672086032938262
378.0,0.008633202255679826
379.0,0.008590217285185178
380.0,0.008596570041976859
381.0,0.008603002504913481
382.0,0.008583578140362747
383.0,0.008558712251583219
384.0,0.008535451521269931
385.0,0.008528077885445812
386.0,0.008525486220017456
387.0,0.00851490176269684
388.0,0.008490138069259592
389.0,0.008473045106608314
390.0,0.008466353910134365
391.0,0.008461581530025877
392.0,0.00843701083713478
393.0,0.008414428536991607
394.0,0.008407997535040762
395.0,0.008403632577158489
396.0,0.008390077354422501
397.0,0.008372037046997445
398.0,0.008338379603111585
399.0,0.008314206271816315
400.0,0.00829513348539404
401.0,0.00827689484595167
402.0,0.008261460726303852
403.0,0.008251928094190317
404.0,0.008244090914700717
405.0,0.008234334445400901
406.0,0.008227610925628714
407.0,0.008215885343990677
408.0,0.008201613683791622
409.0,0.008197724563045905
410.0,0.008183117223097627
411.0,0.00816329502568278
412.0,0.008152682724377204
413.0,0.008148918113581016
414.0,0.008153395142298226
415.0,0.008146720521108233
416.0,0.00814180284012801
417.0,0.008147764465915443
418.0,0.008150155036829525
419.0,0.00815117886787001
420.0,0.008160966004534215
421.0,0.008167483929712933
422.0,0.00816405788410858
423.0,0.008162037656473217
424.0,0.008167531629154087
425.0,0.008181297672703956
426.0,0.008197350869219567
427.0,0.008210283207410345
428.0,0.008218518341853515
429.0,0.008226348440478167
430.0,0.008238084205888244
431.0,0.008248332195359245
432.0,0.008254461078231199
433.0,0.008261146849588123
434.0,0.008263446470747898
435.0,0.00826500693574249
436.0,0.008278680213797431
437.0,0.008296474201199559
438.0,0.008317396489294264
439.0,0.008343315013356506
440.0,0.008371357666494496
441.0,0.008399064435987385
442.0,0.008429822804715412
443.0,0.008465973671056441
444.0,0.008506698479627848
445.0,0.008550174373166042
446.0,0.00860228677523754
447.0,0.008655694093187135
448.0,0.008706857581364368
449.0,0.008753394068381336
450.0,0.008802550174933706
451.0,0.008856425217091067
452.0,0.008906950538689408
453.0,0.008958548357839389
454.0,0.009012129241303703
455.0,0.009061280609321171
456.0,0.009105856207831697
457.0,0.009148331673444084
458.0,0.009195248574704017
459.0,0.00924413229970916
460.0,0.009293260496787182
461.0,0.009341832742750886
462.0,0.009386388820018667
463.0,0.009431095403588472
464.0,0.009479372705667743
465.0,0.009528550482485928
466.0,0.009581234354795118
467.0,0.009638788314521687
468.0,0.00969207068510541
469.0,0.009743234923202043
470.0,0.009793295499556607
471.0,0.009840297007806673
472.0,0.009886875906169424
473.0,0.009938345332472436
474.0,0.009988464374370877
475.0,0.010036142005635308
476.0,0.010079428786297405
477.0,0.010122199679856806
478.0,0.010162390885230934
479.0,0.010203723143217939
480.0,0.010247479111257844
481.0,0.010291429400290117
482.0,0.010336434770856055
483.0,0.010380269292859673
484.0,0.010426927665734897
485.0,0.01047450580166404
486.0,0.010518138340976726
487.0,0.010564416340758867
488.0,0.010616132789467044
489.0,0.010657765760348653
490.0,0.010693827107277598
491.0,0.010739964105516557
492.0,0.010793714454148761
493.0,0.010854238902888082
494.0,0.010914645440768473
495.0,0.010976628214702574
496.0,0.01104198865574309
497.0,0.0111108297404768
498.0,0.01118829496282662
499.0,0.01126816807434934
500.0,0.011353780204454735
501.0,0.011442494248782943
502.0,0.011524530152472585
503.0,0.01160606905530023
504.0,0.011692524744721681
505.0,0.011780041302252995
506.0,0.011864436812528736
507.0,0.011935300335506186
508.0,0.012005449894980527
509.0,0.012078311615015927
510.0,0.012141712589727375
511.0,0.012203741443198503
512.0,0.01227133673414743
513.0,0.012350194129073159
514.0,0.012441619416246514
515.0,0.01254303407730965
516.0,0.01265755247264346
517.0,0.012781155726181557
518.0,0.01290075413148296
519.0,0.013015246706624984
520.0,0.01313176082364896
521.0,0.013247123086550535
522.0,0.013364301889211222
523.0,0.013485668786981994
524.0,0.013609689324370945
525.0,0.013731926541774169
526.0,0.013858274761051911
527.0,0.013987637401315348
528.0,0.01410750256985091
529.0,0.01422244229341318
530.0,0.014333689603313337
531.0,0.014447707804924114
532.0,0.014564484882372409
533.0,0.014681191195451002
534.0,0.014791089489534351
535.0,0.014893909120153277
536.0,0.014997189991625965
537.0,0.01509889618314017
538.0,0.015195056601865925
539.0,0.015287504153838411
540.0,0.015375377277562146
541.0,0.01545807291306137
542.0,0.015533000434639685
543.0,0.015598987839369763
544.0,0.01565674496075358
545.0,0.015705787996162318
546.0,0.015746584619635663
547.0,0.01577825453898739
548.0,0.015805504166430086
549.0,0.015829351657104505
550.0,0.015854443971953104
551.0,0.01588531093802266
552.0,0.015920931622253047
553.0,0.01596413624658529
554.0,0.016012114704191355
555.0,0.016060289970708477
556.0,0.016106798935952845
557.0,0.016146456676855308
558.0,0.016181483949694167
559.0,0.016213346780667128
560.0,0.016232376267512318
561.0,0.016242590340348084
562.0,0.016248524415616257
563.0,0.016247742527144678
564.0,0.016239070666530343
565.0,0.016221239963590373
566.0,0.016195155525218545
567.0,0.01616228631828567
568.0,0.016116254535575553
569.0,0.016057356018730182
570.0,0.01599175859146586
571.0,0.015917790929340706
572.0,0.015829502042592473
573.0,0.01572629167890454
574.0,0.015610857116063952
575.0,0.015483650735177715
576.0,0.01533943933785506
577.0,0.0151735379189184
578.0,0.014978901111752036
579.0,0.014762255223694764
580.0,0.01453056559653631
581.0,0.014278162748362303
582.0,0.014009660674704402
583.0,0.013730581867361178
584.0,0.01343993396663178
585.0,0.01314406754568812
586.0,0.012854332046972495
587.0,0.012564103597563155
588.0,0.012260418579298483
589.0,0.011945955091607794
590.0,0.01162709724404312
591.0,0.01131154845922561
592.0,0.010993864621339057
593.0,0.010660698300575089
594.0,0.010312876348098961
595.0,0.009944640297176089
596.0,0.009553048637706453
597.0,0.009148240056511252
598.0,0.00873932928883896
599.0,0.008346578800271943
600.0,0.007998922983873499
601.0,0.0077216580081797045
602.0,0.007502725803705662
603.0,0.007337047453792536
604.0,0.0072193081786757944
605.0,0.007135710001387466
606.0,0.007073434594025987
607.0,0.007018332283507993
608.0,0.006970287074499565
609.0,0.006924517035846354
610.0,0.006884381203901382
611.0,0.006846901080820913
612.0,0.006802288477524615
613.0,0.006758337263752931
614.0,0.006718924054604239
615.0,0.00667557340231874
616.0,0.006631045333521058
617.0,0.006581104127982164
618.0,0.006533063695074948
619.0,0.0064918584936485306
620.0,0.00645006783109275
621.0,0.006408750734530083
622.0,0.006368562145041919
623.0,0.006332120551940846
624.0,0.006297083925478711
625.0,0.0062559055880412094
626.0,0.006213506554603007
627.0,0.006169367511375854
628.0,0.006135370079557339
629.0,0.006105267582936679
630.0,0.006075178401498604
631.0,0.006042853466471527
632.0,0.0060087105919692406
633.0,0.005977141814145667
634.0,0.00594782676199237
635.0,0.005920639116869053
636.0,0.005892649253406601
637.0,0.005861065660496045
638.0,0.005823991202845718
639.0,0.005794724484576343
640.0,0.0057728249493778075
641.0,0.005737998624645227
642.0,0.005699680939691763
643.0,0.005660785058417242
644.0,0.005624855442447681
645.0,0.005588591846961593
646.0,0.005538745084421703
647.0,0.005492472376157227
648.0,0.005457042664451468
649.0,0.005403774560551302
650.0,0.005340626532426082
651.0,0.00527838283577171
652.0,0.005207164853732335
653.0,0.00512532784032383
654.0,0.005041671046950304
655.0,0.0049409427349278836
656.0,0.004822099877576699
657.0,0.004705658085742889
658.0,0.004606036185768621
659.0,0.004513817616809858
660.0,0.004434220944626528
661.0,0.004367485426108106
662.0,0.004311901417758728
663.0,0.004268327295035906
664.0,0.004230511917340635
665.0,0.004184978412743046
666.0,0.004136336149164322
667.0,0.004106883098955872
668.0,0.004084125348356684
669.0,0.0040576123427086466
670.0,0.004033021848912513
671.0,0.00401078376387995
672.0,0.003994921986159364
673.0,0.003977151834008022
674.0,0.003957482255157239
675.0,0.00394641910325852
676.0,0.003936168811628561
677.0,0.003917318683223271
678.0,0.003903326118793661
679.0,0.0038957759434687773
680.0,0.0038837850604012776
681.0,0.0038729189489385752
682.0,0.003863243521219528
683.0,0.0038538696705872283
684.0,0.003847180779546042
685.0,0.003839928108040841
686.0,0.00383541186262533
687.0,0.0038228596379962995
688.0,0.0037778139819841282
689.0,0.0037215027804482605
690.0,0.0036688354525514
691.0,0.0036177137577502938
692.0,0.0035622697175064803
693.0,0.0034987031675720905
694.0,0.003431176488998648
695.0,0.0033667541253167266
696.0,0.003302411788700677
697.0,0.0032343653400968564
698.0,0.00315865590533621
699.0,0.0030851162773126205
700.0,0.0030134468263254546
701.0,0.002932447839255811
702.0,0.002852978779565075
703.0,0.002777929507683984
704.0,0.0027019674926624876
705.0,0.002620923155520254
706.0,0.0025415930552732256
707.0,0.002462064921771961
708.0,0.0023794316303891684
709.0,0.0023010765916051047
710.0,0.002225294544204232
711.0,0.0021484057075502353
712.0,0.0020621579097614114
713.0,0.001970909642069865
714.0,0.0018837564433307305
715.0,0.0018019925114564114
716.0,0.0017220198359931805
717.0,0.0016486386752749469
718.0,0.0015715363973734125
719.0,0.0014946706531111524
720.0,0.0014336126140742057
721.0,0.001381879264487872
722.0,0.001328327355264515
723.0,0.0012729631938063828
724.0,0.0012106800224801805
725.0,0.001155644320028184
726.0,0.0011062494935752672
727.0,0.0010569603111227153
728.0,0.0010056343215798166
729.0,0.0009507860411641934
730.0,0.0008982456138552806
731.0,0.0008515120312321409
732.0,0.0008184512675358092
733.0,0.0007865412675354575
734.0,0.0007544908804704493
735.0,0.0007204301196462381
736.0,0.0007025027826098411
737.0,0.0006988111767460343
738.0,0.0006841066051647124
739.0,0.0006685160849722864
740.0,0.0006594476864577318
741.0,0.0006542026766526113
742.0,0.0006517356170259948
743.0,0.000657562418842127
744.0,0.0006528438308400205
745.0,0.0006372149303176315
746.0,0.0006349241827064825
747.0,0.0006354211914759618
748.0,0.0006217979866735526
749.0,0.0006212779842776123
750.0,0.0006289925004320375
751.0,0.0006164339270328909
752.0,0.0006044077193728003
753.0,0.0006003403230684184
754.0,0.0006016282943784631
755.0,0.0006045197992554277
756.0,0.0005974507207156373
757.0,0.0005877412563607576
758.0,0.0005786983203220165
759.0,0.0005607011490982376
760.0,0.0005429472383061488
761.0,0.0005318253115745018
762.0,0.0005204758056228176
763.0,0.0005185303651097704
764.0,0.0005217723294881958
765.0,0.0005339620131622895
766.0,0.0005445850484415242
767.0,0.0005450384169877077
768.0,0.0005496514397716464
769.0,0.0005610108756616208
770.0,0.0005594279973459092
771.0,0.0005524803127429073
772.0,0.0005623400237385722
773.0,0.0005694359610519932
774.0,0.0005700420759277325
775.0,0.0005659457469818441
776.0,0.0005621806149910928
777.0,0.0005604145209308144
778.0,0.0005599432812224391
779.0,0.0005626950697360672
780.0,0.0005630904602704474
781.0,0.0005694685754041932
782.0,0.0005765861835427112
783.0,0.000572491137326256
784.0,0.0005684040298709035
785.0,0.0005753530895678367
786.0,0.0005776983718057705
787.0,0.000573858212806297
788.0,0.0005725030364337145
789.0,0.0005723199197478976
790.0,0.0005797822109979472
791.0,0.0005839947594130179
792.0,0.0005854461322024302
793.0,0.0005982610649077487
794.0,0.0006007112902483871
795.0,0.0005912374537582487
796.0,0.0005988733724936322
797.0,0.0006065564549844744
798.0,0.0006096690103186835
799.0,0.0006106093995333958
800.0,0.0006122517276573904
801.0,0.0006187334041936875
802.0,0.0006200641636043313
803.0,0.0006132622379030438
804.0,0.0006180244435987986
805.0,0.0006240247141059334
806.0,0.0006195551359728449
807.0,0.0006114736061478117
808.0,0.0006075119156833864
809.0,0.0006079338251290466
810.0,0.0006022841272318856
811.0,0.0005930300265081847
812.0,0.0005770066843273467
813.0,0.0005660158290048424
814.0,0.0005657741860416037
815.0,0.0005611080845959318
816.0,0.0005481896218565666
817.0,0.0005351972537960269
818.0,0.0005263942286810291
819.0,0.0005239798216420072
820.0,0.000523500710116933
821.0,0.0005097884148922959
822.0,0.00047558445658545166
823.0,0.0004506902675827645
824.0,0.0004387417377586281
825.0,0.0004282879888686697
826.0,0.0004141522307098317
827.0,0.00038855389373987066
828.0,0.00035790641229753976
829.0,0.000337420765789879
830.0,0.00032633558439343807
831.0,0.0003081272061688861
832.0,0.00029236299817207885
833.0,0.00028675442357138143
834.0,0.0002805168964915727
835.0,0.0002725295297948999
836.0,0.0002681307800682023
837.0,0.0002621572561700671
838.0,0.00025111745779108393
839.0,0.000237800956299708
840.0,0.0002345685250696937
841.0,0.00024047647364720755
842.0,0.0002522793995381455
843.0,0.00025847117792020176
844.0,0.00024258929741217231
845.0,0.00022376200757143636
846.0,0.00020437264155484096
847.0,0.00020354610949377413
848.0,0.0002156366119725469
849.0,0.0002179246548198691
850.0,0.00021268899015151982
851.0,0.0002060338925809195
852.0,0.00019968820245227684
853.0,0.00019969526952139327
854.0,0.00020171492910366957
855.0,0.00019821442061223024
856.0,0.0001841339611912522
857.0,0.00017348840012309472
858.0,0.0001796898008070817
859.0,0.00019677090409962234
860.0,0.0001825009567600441
861.0,0.00016655586354511246
862.0,0.00015620666616047448
863.0,0.00015512340127288738
864.0,0.00015377787999989006
865.0,0.00015128966827333465
866.0,0.00014515700999353799
867.0,0.00012902767484057834
868.0,0.00013094220664783087
869.0,0.00013719723223249396
870.0,0.0001294106222872228
871.0,0.00012479896710230708
872.0,0.00012605886734408256
873.0,0.00012918761262772162
874.0,0.00013614799775778217
875.0,0.00013888417147800845
876.0,0.00011870221923659333
877.0,0.00010955338708627095
878.0,0.0001164396382393614
879.0,0.00010838160100730041
880.0,0.00010425440669506617
881.0,0.0001087787651322079
882.0,8.878491047303964e-05
883.0,6.5146891980081e-05
884.0,6.43826792317666e-05
885.0,8.333878579566304e-05
886.0,8.10571218477459e-05
887.0,8.130484662334702e-05
888.0,7.502212383379424e-05
889.0,6.0786438552071825e-05
890.0,5.8105466534604616e-05
891.0,5.6055588107641584e-05
892.0,7.278975382313271e-05
893.0,5.431966907947723e-05
894.0,5.2611724931766514e-05
895.0,4.605514727631359e-05
896.0,6.240346966619754e-05
897.0,3.6468868988543535e-05
898.0,3.822354531546943e-05
899.0,4.876944264363886e-05
