/begin_header
/west_longitude=UNKNOWN
/south_latitude=NA
/north_latitude=UNKNOWN
/calibration_files=NA
/cruise=NA
/station=NA
/documents=NA
/data_type=NA
/affiliations=NOAA
/experiment=NA
/units=nm,dl
/start_date=2019-08-15
/end_date=NA
/missing=9999
/start_time=12:55:17
/data_file_name=NA
/cloud_percent=NA
/water_depth=NA
/data_status=NA
/east_longitude=NA
/wind_speed=NA
/secchi=NA
/measurement_depth=NA
/fields=wavelength,rrs
/delimiter=comma
/contact=NA
/end_time=NA
/wave_height=NA
/investigators=NA
/end_header@
325.0,0.013367004395917167
326.0,0.013366621001675055
327.0,0.013277970486009195
328.0,0.01313864056001462
329.0,0.013044166972518178
330.0,0.0130377860584621
331.0,0.013022715158285611
332.0,0.012975687714447348
333.0,0.012889219351217576
334.0,0.012842920018877876
335.0,0.012764078486170376
336.0,0.012662533392956515
337.0,0.012639445242092295
338.0,0.012574410508962672
339.0,0.012467505562034593
340.0,0.012401169646641213
341.0,0.012356754717475691
342.0,0.012281277240242474
343.0,0.012212933654959289
344.0,0.012139478010225193
345.0,0.012088457368495825
346.0,0.012043986065592958
347.0,0.011993292531866658
348.0,0.01191242699255675
349.0,0.011826430548118872
350.0,0.011769141009027116
351.0,0.011703004423771226
352.0,0.011635639430401728
353.0,0.011610213576237214
354.0,0.011575929508196015
355.0,0.011520502937931821
356.0,0.011477947971016264
357.0,0.01141642337035394
358.0,0.011344281193347357
359.0,0.011296780323550987
360.0,0.011262798584540563
361.0,0.011223861712213328
362.0,0.011181953915615184
363.0,0.011142211517620088
364.0,0.01109964750930601
365.0,0.01104196809212595
366.0,0.010987041044409786
367.0,0.010959735655567104
368.0,0.010935893438280508
369.0,0.010886005382427686
370.0,0.010844520451040424
371.0,0.010812542514757452
372.0,0.010761671140392849
373.0,0.010711009070035252
374.0,0.010677770672077043
375.0,0.010658904769861045
376.0,0.010628411880469873
377.0,0.01057120278048522
378.0,0.010524669816859124
379.0,0.010493213023553744
380.0,0.010468094549280877
381.0,0.01043850052472027
382.0,0.010400147214959344
383.0,0.010374386978921523
384.0,0.010351942305057963
385.0,0.010326358318072815
386.0,0.010292158745862673
387.0,0.010259083545280281
388.0,0.010247285422262515
389.0,0.010220356663631136
390.0,0.010169553194909907
391.0,0.010156940625884117
392.0,0.010151080353674303
393.0,0.010114443636961632
394.0,0.010083054796137325
395.0,0.010056470319120827
396.0,0.010033842613618518
397.0,0.009997021010493854
398.0,0.00995280908126005
399.0,0.009921271481368937
400.0,0.009893466634640791
401.0,0.009863565587347061
402.0,0.009838931162575913
403.0,0.0098225508717062
404.0,0.009804968989113625
405.0,0.009785778448041293
406.0,0.009770268771656421
407.0,0.009747481728766185
408.0,0.009727111425309612
409.0,0.009713618031108975
410.0,0.009694136266810819
411.0,0.009670447743672626
412.0,0.009651457115734443
413.0,0.009635438936130539
414.0,0.009625300070132292
415.0,0.009611627624565394
416.0,0.009599000189917658
417.0,0.00958638615171574
418.0,0.009572282938034433
419.0,0.009561777747464991
420.0,0.009567976718881661
421.0,0.009571703404334943
422.0,0.009564569138737128
423.0,0.00955679080535028
424.0,0.009552512622791328
425.0,0.009553683027216927
426.0,0.00956167093862784
427.0,0.009570554006095931
428.0,0.009579569200683825
429.0,0.009581679044762679
430.0,0.009579280624645803
431.0,0.009582314214302789
432.0,0.009580965519447386
433.0,0.009569974712109196
434.0,0.009563690768884124
435.0,0.00956657983051365
436.0,0.009573459752506286
437.0,0.009581628668784065
438.0,0.009589941643211971
439.0,0.00960563606730241
440.0,0.009627583605151768
441.0,0.009651838298283255
442.0,0.009676113606263245
443.0,0.00969919729373261
444.0,0.009730517210086286
445.0,0.009768589752173254
446.0,0.009809398829898732
447.0,0.009852642248593077
448.0,0.009894053571060461
449.0,0.009926557074445654
450.0,0.009965289372219771
451.0,0.010013911622182625
452.0,0.01005874649898031
453.0,0.010099190457913862
454.0,0.010142085085942025
455.0,0.010181896923953465
456.0,0.010218856139259436
457.0,0.010258300338458277
458.0,0.010293301433664253
459.0,0.010325605502606628
460.0,0.010364187158485735
461.0,0.010403679504585376
462.0,0.010442003288300585
463.0,0.010479381652391923
464.0,0.01051789485505748
465.0,0.01056144663148444
466.0,0.010609273611304319
467.0,0.010658975868035667
468.0,0.010701927166707346
469.0,0.010743943937322484
470.0,0.010784172132835664
471.0,0.010823588882823216
472.0,0.010865070051960898
473.0,0.010907394006027762
474.0,0.010946156158472248
475.0,0.010983235160084955
476.0,0.011024462486386163
477.0,0.011064763244042961
478.0,0.011097268189208215
479.0,0.011129991841866627
480.0,0.011167186385345638
481.0,0.011205948273433306
482.0,0.011247122821704715
483.0,0.011286764573283047
484.0,0.01132861299196121
485.0,0.011372877582029272
486.0,0.011413688528649029
487.0,0.011451045950943536
488.0,0.011486819710766948
489.0,0.011516474924016836
490.0,0.011546076306069434
491.0,0.011589177816993769
492.0,0.011639262313674016
493.0,0.01169047383682338
494.0,0.011734180085832385
495.0,0.011786730136776398
496.0,0.011849585352065393
497.0,0.011909951877557834
498.0,0.011970352714203754
499.0,0.012046425733408585
500.0,0.01212807797088945
501.0,0.012208567774752481
502.0,0.012284863522330405
503.0,0.012358680244464612
504.0,0.012432198931160088
505.0,0.01250638886528479
506.0,0.012579918931020572
507.0,0.012655267068014819
508.0,0.012725017251415855
509.0,0.012787994311665904
510.0,0.01284743061672924
511.0,0.012903945424123727
512.0,0.012967322935726874
513.0,0.013047702233235129
514.0,0.013142877486249163
515.0,0.013239702491360925
516.0,0.013345383247586912
517.0,0.013459496663357348
518.0,0.013579677096611262
519.0,0.013697183185984705
520.0,0.013805892014117365
521.0,0.013912937992599832
522.0,0.014022575378525576
523.0,0.014134527958301247
524.0,0.01424894116541817
525.0,0.014361941018012876
526.0,0.014477294469875996
527.0,0.014593467299401742
528.0,0.014709734138763069
529.0,0.014814915193990013
530.0,0.014911651620622579
531.0,0.015020345285398733
532.0,0.015129604007960673
533.0,0.015230623289223439
534.0,0.01532907948159544
535.0,0.015424474855657544
536.0,0.015514670546416831
537.0,0.015601221956195033
538.0,0.01568933360305686
539.0,0.015775262858741774
540.0,0.015853882900148546
541.0,0.015922610119945623
542.0,0.015984928896505914
543.0,0.016038654018554754
544.0,0.016083526504585575
545.0,0.01612128689687918
546.0,0.016154836072669633
547.0,0.016180379746184942
548.0,0.016197066704738965
549.0,0.016212360381319846
550.0,0.016230606496521163
551.0,0.016254053314442747
552.0,0.01628454421456134
553.0,0.0163197609869086
554.0,0.016360089304817336
555.0,0.016402082410273876
556.0,0.016441222459278863
557.0,0.016473662567295603
558.0,0.016504105964805137
559.0,0.01653429762020684
560.0,0.01654907501688939
561.0,0.01655394132984323
562.0,0.016558080911192045
563.0,0.01655253791303135
564.0,0.016536624698920626
565.0,0.01651585062295934
566.0,0.016485782046719785
567.0,0.016447086323390106
568.0,0.016399472624886866
569.0,0.016340733953707998
570.0,0.016270775423363675
571.0,0.01619033047252973
572.0,0.01610086549157028
573.0,0.01600113282231234
574.0,0.015890560666357
575.0,0.01576298482389299
576.0,0.015612997209184371
577.0,0.015443105248996577
578.0,0.015259076913691272
579.0,0.015050809122481718
580.0,0.014817086784481579
581.0,0.014568414689025635
582.0,0.014305772187356158
583.0,0.014031212444190247
584.0,0.013751010646602474
585.0,0.01346514606268
586.0,0.013167249462970937
587.0,0.012865715960333016
588.0,0.012565038649059704
589.0,0.012252013728431235
590.0,0.011932416268466375
591.0,0.011619151956984163
592.0,0.011308964026241984
593.0,0.010984151258611562
594.0,0.010636089007440567
595.0,0.01026652496888317
596.0,0.00987824790247116
597.0,0.009474442246519695
598.0,0.009068310962175263
599.0,0.008690116982856528
600.0,0.008354264458481964
601.0,0.008078589938708438
602.0,0.00785700147304882
603.0,0.007689728532219742
604.0,0.007584091363597262
605.0,0.007507265182386237
606.0,0.007442300511316486
607.0,0.007388048516214064
608.0,0.007335430492915872
609.0,0.00728560483573856
610.0,0.007243777892915901
611.0,0.007204333403271303
612.0,0.007156170587686849
613.0,0.007108455705204098
614.0,0.007063146475647394
615.0,0.007015383670149535
616.0,0.0069650669542414695
617.0,0.006919984335709081
618.0,0.00687341768008721
619.0,0.006825465430969721
620.0,0.006786783339640189
621.0,0.006747810488922738
622.0,0.006704050148544087
623.0,0.006659319967782828
624.0,0.0066152716367379166
625.0,0.006571749575568377
626.0,0.006527636316610007
627.0,0.006482088411239417
628.0,0.006444534454248199
629.0,0.006412621899254084
630.0,0.006384353719652111
631.0,0.0063524551290949655
632.0,0.006315469320245496
633.0,0.006280042878329087
634.0,0.006248161970837567
635.0,0.006217167471288041
636.0,0.006186148971377121
637.0,0.0061517621633827724
638.0,0.006123571369677801
639.0,0.006092096976961064
640.0,0.006054405672478026
641.0,0.006014522899549401
642.0,0.0059735580509388845
643.0,0.005937957912599929
644.0,0.005901354148623089
645.0,0.005858466927349761
646.0,0.005805337539555579
647.0,0.005750285558480413
648.0,0.0057023967600858235
649.0,0.005649364357996805
650.0,0.005590251772221113
651.0,0.005527007921950133
652.0,0.005454148574371279
653.0,0.005369611908275587
654.0,0.005282410784912239
655.0,0.005181292587080258
656.0,0.005062836758234894
657.0,0.00494378951727617
658.0,0.004838450702216701
659.0,0.0047428509053119815
660.0,0.004665782181352369
661.0,0.004606182548909608
662.0,0.00454962154614635
663.0,0.004498276001860215
664.0,0.00444987808207801
665.0,0.004406396808723638
666.0,0.004367190491486104
667.0,0.004332861818479183
668.0,0.004301941504810243
669.0,0.004274758270143475
670.0,0.0042554711916897425
671.0,0.0042370701802607515
672.0,0.004219869785182939
673.0,0.004202750244058321
674.0,0.004183885350660487
675.0,0.0041640282381943654
676.0,0.004148077932730086
677.0,0.004135475045505246
678.0,0.0041221627742195985
679.0,0.004107279283448115
680.0,0.004094269539208809
681.0,0.004082680292482245
682.0,0.004075452359946141
683.0,0.0040605328814974665
684.0,0.004045723313019672
685.0,0.004044947459233124
686.0,0.004025963086104469
687.0,0.003981194970861057
688.0,0.003939247811295415
689.0,0.0038927839037842028
690.0,0.003835423182832002
691.0,0.003781067180836769
692.0,0.003724712796215541
693.0,0.0036510041988626293
694.0,0.0035808959854211446
695.0,0.0035172195711893573
696.0,0.003449268125679321
697.0,0.003377902873621711
698.0,0.0032989303142519364
699.0,0.0032131431689100473
700.0,0.0031270217341393355
701.0,0.0030576706224915724
702.0,0.002988149681855485
703.0,0.00290238518696448
704.0,0.002820977803256702
705.0,0.0027472664739230145
706.0,0.0026701223826976423
707.0,0.0025854300835997275
708.0,0.002496976922045341
709.0,0.002414559629811163
710.0,0.002329043584270684
711.0,0.0022426264418327234
712.0,0.002160354940909885
713.0,0.0020787914134093983
714.0,0.0019790722818070696
715.0,0.0018829065672476455
716.0,0.0017970716674337473
717.0,0.001703691858463674
718.0,0.0016155237469861912
719.0,0.0015443235078863222
720.0,0.001486047733379165
721.0,0.0014360036938203776
722.0,0.001381792344621865
723.0,0.0013216533215898454
724.0,0.0012527741060249246
725.0,0.0011925007016642107
726.0,0.0011434200325519278
727.0,0.0010843864357604122
728.0,0.0010222799094941125
729.0,0.0009633797351230574
730.0,0.0009104024199667599
731.0,0.0008699165497084084
732.0,0.0008378018548586871
733.0,0.0008112180784720313
734.0,0.0007869346369770863
735.0,0.0007618512699679345
736.0,0.0007395652238193953
737.0,0.0007224833200972306
738.0,0.0007106619470423147
739.0,0.0007031670368790233
740.0,0.0006936640944759798
741.0,0.0006882862588527444
742.0,0.0006866647340384983
743.0,0.0006864516575155902
744.0,0.000681953516931532
745.0,0.0006736049469998287
746.0,0.0006645476661746202
747.0,0.0006587522533514292
748.0,0.0006597076148669911
749.0,0.0006581126992721896
750.0,0.0006522534716355409
751.0,0.0006484143413793784
752.0,0.000644645338910708
753.0,0.0006413446239848983
754.0,0.0006323834760482965
755.0,0.0006234806433875272
756.0,0.0006204439412121432
757.0,0.0006145405779116049
758.0,0.0005956565591759028
759.0,0.0005590252409741514
760.0,0.000510627559939443
761.0,0.0004743383554890436
762.0,0.0004616785018711194
763.0,0.0004704506430966444
764.0,0.0004986518977764182
765.0,0.0005211787659707268
766.0,0.0005356357530784427
767.0,0.0005502961420491362
768.0,0.0005602281434979848
769.0,0.0005681233853123233
770.0,0.0005705189089424397
771.0,0.0005705343201938548
772.0,0.0005763007983149107
773.0,0.0005778297836886835
774.0,0.0005757299426832907
775.0,0.0005789963705873518
776.0,0.0005808176407214313
777.0,0.0005777413209119141
778.0,0.0005769045019631108
779.0,0.0005781718345735102
780.0,0.000578867996594837
781.0,0.0005810331371394575
782.0,0.0005858368987245342
783.0,0.00058115999887406
784.0,0.0005736720429328108
785.0,0.000576898042498497
786.0,0.0005770217297773814
787.0,0.0005771243645966716
788.0,0.0005817682052160245
789.0,0.000581478859872599
790.0,0.0005842483086739181
791.0,0.0005881493501692807
792.0,0.0005926130564588297
793.0,0.0006005602499021604
794.0,0.0006007040215277452
795.0,0.0005990331666376521
796.0,0.0006076151313034248
797.0,0.0006084781548871071
798.0,0.0005999519388624013
799.0,0.0006033239237393088
800.0,0.0006111757816175702
801.0,0.0006062510859666603
802.0,0.0006010761244215169
803.0,0.0006017716783149605
804.0,0.0006133877021510878
805.0,0.0006212612530467313
806.0,0.0006112408631171517
807.0,0.0006059178868173143
808.0,0.0006003188719896026
809.0,0.0005812962923341347
810.0,0.0005610211304721941
811.0,0.0005507420280078905
812.0,0.0005532335487995303
813.0,0.0005452081628453819
814.0,0.0005147441215926703
815.0,0.0004914247489448243
816.0,0.00048340857092976495
817.0,0.0004828271419161298
818.0,0.00047699232528086954
819.0,0.00046279591057950725
820.0,0.00045126835283369255
821.0,0.0004371244750865657
822.0,0.00042367971540987456
823.0,0.0004072013950328672
824.0,0.0003908953162888755
825.0,0.00037257085785061066
826.0,0.0003512362326073945
827.0,0.0003253051744176758
828.0,0.00029281508986911864
829.0,0.00026772299032477734
830.0,0.00024975605288084376
831.0,0.0002445855439042336
832.0,0.0002478503521134187
833.0,0.00024643803316547024
834.0,0.00023373745600293802
835.0,0.00020899940979136333
836.0,0.00019934981055176119
837.0,0.0001927040553987657
838.0,0.000189567837368756
839.0,0.00018394493964320655
840.0,0.00017821002538568747
841.0,0.00017811053114529492
842.0,0.00018555403956658985
843.0,0.00019728014140164856
844.0,0.0001943550568937789
845.0,0.00018345641543440647
846.0,0.00017887835712497043
847.0,0.00017631077860942452
848.0,0.00016952376369423934
849.0,0.00016489785419921804
850.0,0.0001560707364851778
851.0,0.0001423835228375415
852.0,0.0001344942395553645
853.0,0.00012623516631233816
854.0,0.00011735568691745744
855.0,0.00011719670268408623
856.0,0.0001264906687794983
857.0,0.00012946518896443112
858.0,0.00011713593770386112
859.0,9.526767653278512e-05
860.0,0.00010249707017118091
861.0,0.00010991596366667105
862.0,0.00010443675022581036
863.0,9.379611791694354e-05
864.0,8.677075326435398e-05
865.0,0.00010552315801132427
866.0,0.00010999163130291295
867.0,9.826475195557278e-05
868.0,0.00010392785919543257
869.0,9.76952674480452e-05
870.0,7.8592379118467e-05
871.0,7.338087367082649e-05
872.0,7.808104655798029e-05
873.0,8.318826472311385e-05
874.0,6.983900299278939e-05
875.0,8.914121335594464e-05
876.0,7.595250132615533e-05
877.0,6.586876435453554e-05
878.0,5.426606851233953e-05
879.0,6.246531275935798e-05
880.0,6.81708641291447e-05
881.0,6.681169352462332e-05
882.0,6.557674158001278e-05
883.0,5.743588245405404e-05
884.0,5.595683083835319e-05
885.0,5.7456006319400474e-05
886.0,6.637100977064834e-05
887.0,5.80512737171552e-05
888.0,4.890100258284076e-05
889.0,6.125164819536027e-05
890.0,5.626703747288598e-05
891.0,9.126597577025552e-05
892.0,0.00010000000000000002
893.0,7.352759546514334e-05
894.0,7.499346489354638e-05
895.0,0.00010000000000000002
896.0,0.00010000000000000002
897.0,0.00010000000000000002
898.0,0.00010000000000000002
899.0,0.00010000000000000002
