/begin_header
/west_longitude=UNKNOWN
/south_latitude=NA
/north_latitude=UNKNOWN
/calibration_files=NA
/cruise=NA
/station=NA
/documents=NA
/data_type=NA
/affiliations=NOAA
/experiment=NA
/units=nm,dl
/start_date=2019-08-12
/end_date=NA
/missing=9999
/start_time=11:23:45
/data_file_name=NA
/cloud_percent=NA
/water_depth=NA
/data_status=NA
/east_longitude=NA
/wind_speed=NA
/secchi=NA
/measurement_depth=NA
/fields=wavelength,rrs
/delimiter=comma
/contact=NA
/end_time=NA
/wave_height=NA
/investigators=NA
/end_header@
325.0,0.015327579933047087
326.0,0.015275239980380027
327.0,0.01519218542098182
328.0,0.015143942581469592
329.0,0.015083500713059994
330.0,0.01501988181947544
331.0,0.014894583509459425
332.0,0.014790620946800562
333.0,0.014726314485334947
334.0,0.014577315751328413
335.0,0.014491200803580729
336.0,0.014432465711646022
337.0,0.014274660315112653
338.0,0.014135450929457467
339.0,0.014081288419311033
340.0,0.01401005871098091
341.0,0.013892566563300124
342.0,0.013818589863202687
343.0,0.01372879665536574
344.0,0.013628371272474852
345.0,0.013571842855603608
346.0,0.013518466777268262
347.0,0.013430978324395054
348.0,0.013311568730506632
349.0,0.013190060197624951
350.0,0.013100648450542648
351.0,0.013059330962602683
352.0,0.013011073870976572
353.0,0.012923889532077354
354.0,0.012824911421857498
355.0,0.0127308954393214
356.0,0.012692757693753599
357.0,0.012635705054690352
358.0,0.012525682298162899
359.0,0.012440144675358594
360.0,0.012371573814608633
361.0,0.012281794746514304
362.0,0.012187813690039438
363.0,0.012109653065449245
364.0,0.012092898355534835
365.0,0.012052004455589075
366.0,0.011947909320410528
367.0,0.011856832855851011
368.0,0.01181189088344453
369.0,0.011792964854449802
370.0,0.011748885178223038
371.0,0.011675884107524601
372.0,0.011586491222070231
373.0,0.011499559841535788
374.0,0.011439935436392056
375.0,0.011389545934814423
376.0,0.011337122092935024
377.0,0.011274320413086103
378.0,0.01122677115353056
379.0,0.011193650026589941
380.0,0.01112742219723242
381.0,0.01105088413739079
382.0,0.010983049254066204
383.0,0.010930989713093251
384.0,0.01088430942401658
385.0,0.010844296463091919
386.0,0.010787389293554274
387.0,0.010716158462145119
388.0,0.010656441392369818
389.0,0.010608893270670725
390.0,0.010573791655269348
391.0,0.010532483148555292
392.0,0.010481184949891234
393.0,0.010419353366641296
394.0,0.01035304292789142
395.0,0.01028398552877999
396.0,0.01020304483272525
397.0,0.010123469987975758
398.0,0.010049544844622175
399.0,0.00997805757257244
400.0,0.009912753695644268
401.0,0.009854093013821555
402.0,0.009807833788606104
403.0,0.009766735675423341
404.0,0.009719695157068844
405.0,0.009669885045346736
406.0,0.00961520363764817
407.0,0.009565485969903358
408.0,0.009512842823935769
409.0,0.009451310351663045
410.0,0.009398344995361943
411.0,0.009355817356395962
412.0,0.00931596016423308
413.0,0.00928120413262862
414.0,0.009248461927713114
415.0,0.009218754407486136
416.0,0.009193235637045745
417.0,0.009167573174076259
418.0,0.009143243891289187
419.0,0.009122467498810998
420.0,0.009106485493720413
421.0,0.009093303283195875
422.0,0.009077270184988176
423.0,0.009067447371324259
424.0,0.009059959939784859
425.0,0.009050565015564917
426.0,0.009042527763227746
427.0,0.009037035076223304
428.0,0.009020152489661913
429.0,0.009007137270449935
430.0,0.009007718399184447
431.0,0.008994692290391872
432.0,0.008971345654462039
433.0,0.00895787731041718
434.0,0.00894586809323891
435.0,0.008936739177150276
436.0,0.00893635271711392
437.0,0.008939501289216618
438.0,0.008943057324404827
439.0,0.008959324691318368
440.0,0.00898252449228856
441.0,0.009003846755608303
442.0,0.009033540504152848
443.0,0.009072605725903035
444.0,0.009113754950554564
445.0,0.009158330282659095
446.0,0.009211944356321701
447.0,0.009271842905049989
448.0,0.009337598998409066
449.0,0.009400661987557447
450.0,0.009460780352561586
451.0,0.009520865529651411
452.0,0.009587220758417484
453.0,0.009652374813862358
454.0,0.009711912377722481
455.0,0.00976111921189524
456.0,0.009804230732058803
457.0,0.009853374266719634
458.0,0.00989861740147193
459.0,0.009936309892623056
460.0,0.009975147786086833
461.0,0.010016324354311597
462.0,0.010060770943758547
463.0,0.010104159882320881
464.0,0.010146562674398212
465.0,0.010193624939579494
466.0,0.010240325487777157
467.0,0.010285583992262889
468.0,0.01033276144029856
469.0,0.010384121008055964
470.0,0.010438164210000577
471.0,0.010491061969220722
472.0,0.010540284840549861
473.0,0.010588958421334308
474.0,0.010640906665623293
475.0,0.01069599666807573
476.0,0.010748879433529767
477.0,0.010801449131273623
478.0,0.010857284008078649
479.0,0.010912265902234517
480.0,0.01096438235113719
481.0,0.011021907717768125
482.0,0.01108068168033866
483.0,0.011133288958419033
484.0,0.011185766852790732
485.0,0.011238490238243283
486.0,0.011292682249669013
487.0,0.011343999914202929
488.0,0.011392609288520424
489.0,0.01144532708999688
490.0,0.011502182197414317
491.0,0.011566041982375638
492.0,0.011634102286812482
493.0,0.011709122122162846
494.0,0.011793473888877413
495.0,0.01188521751846552
496.0,0.011983135552287999
497.0,0.01208658249482405
498.0,0.012198383975705943
499.0,0.012316759997204314
500.0,0.012448820011581945
501.0,0.012593371603438767
502.0,0.012734685888262667
503.0,0.012880480112730802
504.0,0.013038908840465444
505.0,0.01320433356515969
506.0,0.013377995278434519
507.0,0.01355985097147514
508.0,0.013747213111128156
509.0,0.013937821952106605
510.0,0.014129911259143715
511.0,0.01432481254968069
512.0,0.01452809482245119
513.0,0.014739422228606405
514.0,0.014958234413002341
515.0,0.015176950923365688
516.0,0.015408606504852781
517.0,0.01565642009231632
518.0,0.01589093245157814
519.0,0.01611174534879089
520.0,0.016329246184838025
521.0,0.016544225282693805
522.0,0.016759329706023673
523.0,0.016978866737795813
524.0,0.017200241309852097
525.0,0.017418140232641356
526.0,0.017636218020898643
527.0,0.017855686816066987
528.0,0.018064694812629116
529.0,0.018263460291501644
530.0,0.01845503677681175
531.0,0.018644162257159803
532.0,0.018834939034686467
533.0,0.01903546775692774
534.0,0.019226944960880305
535.0,0.019406253573916295
536.0,0.019584859061397043
537.0,0.0197613094538877
538.0,0.01993674570941239
539.0,0.020107075060479426
540.0,0.020272403301411848
541.0,0.02043486438781211
542.0,0.020593344626670066
543.0,0.02074584005216104
544.0,0.020890949061674227
545.0,0.02103165726950573
546.0,0.02116735147264224
547.0,0.021294130589527276
548.0,0.021417390597772402
549.0,0.02154160214252719
550.0,0.021667151709446587
551.0,0.02179457787835903
552.0,0.021919115178381618
553.0,0.022043509923850624
554.0,0.022167564612875505
555.0,0.022287446794113274
556.0,0.02240175008534166
557.0,0.022512644522914127
558.0,0.022619396933450112
559.0,0.022716783382599897
560.0,0.02280105082460433
561.0,0.022872477219605534
562.0,0.022933509456529163
563.0,0.02298334136502865
564.0,0.023022842810452228
565.0,0.023054936160027076
566.0,0.02307560709859765
567.0,0.023082589772649657
568.0,0.023081010520447552
569.0,0.02306889286779372
570.0,0.0230378358361302
571.0,0.02299938204032365
572.0,0.022957259169756654
573.0,0.022908758524709298
574.0,0.02284978406866544
575.0,0.02277698257717673
576.0,0.022693010315922288
577.0,0.022599350928761502
578.0,0.022492776159004964
579.0,0.022376530621119887
580.0,0.022251071373835116
581.0,0.02211022773264799
582.0,0.02195383103916201
583.0,0.021785357981915183
584.0,0.021609125918907617
585.0,0.021424315063666734
586.0,0.02123059643901733
587.0,0.02102891275589042
588.0,0.020813617338823788
589.0,0.020582925118403653
590.0,0.020341177017115502
591.0,0.020099123263381556
592.0,0.01985667635738255
593.0,0.019602502225725092
594.0,0.019319700371988047
595.0,0.019003890584068005
596.0,0.01865736842520699
597.0,0.018281504650257897
598.0,0.017882170143670988
599.0,0.017477145509288944
600.0,0.017094947167160528
601.0,0.016759015547978835
602.0,0.016479720743538255
603.0,0.016260973843725105
604.0,0.016099720302399506
605.0,0.01596931402281076
606.0,0.015850969758248568
607.0,0.01574697975268343
608.0,0.015649421777868898
609.0,0.015546366294509973
610.0,0.015444575579819885
611.0,0.015343310294868882
612.0,0.015236162966672507
613.0,0.015129136880425808
614.0,0.015026552799627483
615.0,0.014928243046218736
616.0,0.01483026787633734
617.0,0.014730573450200488
618.0,0.01463824955788028
619.0,0.01455706467709345
620.0,0.014483135507494988
621.0,0.014416135043573333
622.0,0.014359609857705177
623.0,0.014305571613007573
624.0,0.014253707636112032
625.0,0.014205480786549698
626.0,0.014156115792396206
627.0,0.0141130183183966
628.0,0.014076418317130713
629.0,0.014045916976276033
630.0,0.014020886926094
631.0,0.014005371428128762
632.0,0.013997632038027586
633.0,0.01398974167245035
634.0,0.013986446130952998
635.0,0.013987428942870233
636.0,0.013987106689939724
637.0,0.013984043352247955
638.0,0.013989123726253955
639.0,0.013990913715746376
640.0,0.013983756698525317
641.0,0.013974511089993554
642.0,0.013963534443625672
643.0,0.013942176407841423
644.0,0.013916807575227896
645.0,0.01388559347943365
646.0,0.013842016423644752
647.0,0.01379512894998704
648.0,0.013744719011357282
649.0,0.013683435553221351
650.0,0.013605923217693744
651.0,0.013509071651649152
652.0,0.01339935834728805
653.0,0.013272830049882518
654.0,0.013126711267813168
655.0,0.012926214707504649
656.0,0.01265293014506504
657.0,0.012347652938419329
658.0,0.012049217066996017
659.0,0.011767862003567078
660.0,0.011495695506499513
661.0,0.01123610291546758
662.0,0.011007036368397432
663.0,0.010792238612597971
664.0,0.01058114084523481
665.0,0.010386050551908482
666.0,0.010212258853827223
667.0,0.010057918603644222
668.0,0.009929528727647248
669.0,0.009834771361146905
670.0,0.009756437712628314
671.0,0.009692199428071539
672.0,0.009649058290500837
673.0,0.009626695542226586
674.0,0.009622162765000683
675.0,0.009620969690322268
676.0,0.00963105089370408
677.0,0.009665050346226719
678.0,0.009716119318618707
679.0,0.009786675944855116
680.0,0.009877065004601369
681.0,0.009991200406579097
682.0,0.010136222391598292
683.0,0.010307197135287027
684.0,0.010516203344120397
685.0,0.010784406518291056
686.0,0.011084016812159123
687.0,0.011380292378276546
688.0,0.011562463362901053
689.0,0.011684009564899709
690.0,0.011809858137206825
691.0,0.011925185799622706
692.0,0.012030678138309825
693.0,0.012132301483951178
694.0,0.012202475402967155
695.0,0.012226152421753175
696.0,0.012209302230126557
697.0,0.012160486266175382
698.0,0.012086536437613862
699.0,0.011984157662039092
700.0,0.011850957524470676
701.0,0.011682283218764456
702.0,0.011488731825492511
703.0,0.011275078577476923
704.0,0.011039712947694876
705.0,0.010786115076990782
706.0,0.010523521219323862
707.0,0.01024839068273653
708.0,0.009957602165396961
709.0,0.009645623184387341
710.0,0.009323585688655305
711.0,0.008999411747037759
712.0,0.008659532569894279
713.0,0.008318945822999193
714.0,0.00798961666185687
715.0,0.0076770984130505315
716.0,0.007368938039567204
717.0,0.0070686946652976255
718.0,0.006756633964306684
719.0,0.006446984695421566
720.0,0.006143305128858436
721.0,0.0058745597083165475
722.0,0.005647641414549438
723.0,0.005423174560977625
724.0,0.005186678182831295
725.0,0.004951025850760392
726.0,0.004723611321147879
727.0,0.004498699979020708
728.0,0.004268812007524446
729.0,0.004032718154943384
730.0,0.0038085807978593448
731.0,0.003600300972498491
732.0,0.0034165145227994286
733.0,0.0032710792554177656
734.0,0.003149102532960929
735.0,0.003041203757655672
736.0,0.002956608403469584
737.0,0.0028969347425821836
738.0,0.002843143898017375
739.0,0.0028035133764158656
740.0,0.0027853982271626707
741.0,0.0027689342672319955
742.0,0.0027485313353760484
743.0,0.002733539552577961
744.0,0.00271609975162381
745.0,0.002697334627087828
746.0,0.0026864783443868007
747.0,0.0026756141487263253
748.0,0.0026662440550216234
749.0,0.0026565507450905385
750.0,0.0026462292991077893
751.0,0.0026298897553162864
752.0,0.0026152627677049544
753.0,0.002606182825106386
754.0,0.0025994841990915458
755.0,0.002592566844589815
756.0,0.0025852330951382945
757.0,0.002580815387815709
758.0,0.002580088187869026
759.0,0.0025878152383487663
760.0,0.002593378991994444
761.0,0.0025720576983049442
762.0,0.0025392530280609893
763.0,0.0025086820771337568
764.0,0.002491226857882796
765.0,0.002490006488097776
766.0,0.002499821927999012
767.0,0.00250128016352847
768.0,0.0024985845120160544
769.0,0.00250596477486088
770.0,0.0025126993303435496
771.0,0.002515730572504703
772.0,0.002518342898285386
773.0,0.0025229512984094394
774.0,0.0025305634114140105
775.0,0.002536546190862788
776.0,0.002542762691774875
777.0,0.002546635425392663
778.0,0.0025562464518266983
779.0,0.0025687291942516023
780.0,0.002578421682165177
781.0,0.002590616552408434
782.0,0.002601726553265268
783.0,0.002617686311148735
784.0,0.002633079899579757
785.0,0.0026435393596773394
786.0,0.0026535675309305373
787.0,0.0026642324854584823
788.0,0.002680537985705383
789.0,0.0027065637163149817
790.0,0.0027336223929880455
791.0,0.0027510991602488965
792.0,0.0027633759004124887
793.0,0.0027845116504371025
794.0,0.0028107995130104355
795.0,0.002837631254200435
796.0,0.0028616901122506385
797.0,0.0028748660156879976
798.0,0.002880752059222161
799.0,0.0028977635050467217
800.0,0.0029226360387330703
801.0,0.0029423274044338642
802.0,0.0029524978547563036
803.0,0.002953187803150905
804.0,0.002959087828733034
805.0,0.002964515267598544
806.0,0.002969541227572773
807.0,0.002974101590892159
808.0,0.0029693549557214807
809.0,0.0029570883005256357
810.0,0.0029422556332742702
811.0,0.0029248713172501965
812.0,0.002897258123550235
813.0,0.0028652875433179273
814.0,0.0028387724593755626
815.0,0.0028064089912542478
816.0,0.002773580466514749
817.0,0.0027334964589684216
818.0,0.0026891343000179976
819.0,0.002646969175409802
820.0,0.0026046150834088087
821.0,0.0025527850300869587
822.0,0.0024845914847999528
823.0,0.002420006149011935
824.0,0.002347616591995126
825.0,0.0022712269509114597
826.0,0.0021837351930835505
827.0,0.0020858457086961346
828.0,0.002015558243722039
829.0,0.0019514436762104904
830.0,0.001867015450153256
831.0,0.0017960670254414906
832.0,0.0017449022601054558
833.0,0.001690595204231545
834.0,0.0016451088248578647
835.0,0.0016176545913738206
836.0,0.0016020275783065648
837.0,0.0015908403293556025
838.0,0.0015713816157068652
839.0,0.001543821727261582
840.0,0.0015137397864733093
841.0,0.0015084251935715471
842.0,0.0015024325469517514
843.0,0.0014844952737390386
844.0,0.0014772540449082417
845.0,0.0014744485772987732
846.0,0.0014626937852055735
847.0,0.0014479809362437372
848.0,0.0014380181796632512
849.0,0.0014189287832734863
850.0,0.001399352611257443
851.0,0.001388852171411013
852.0,0.0013949232323519339
853.0,0.0013918889046330006
854.0,0.0013703754824681928
855.0,0.0013533287806361677
856.0,0.0013419231996079906
857.0,0.00132628484271903
858.0,0.0013265900451743212
859.0,0.001338636496199472
860.0,0.001318024776321194
861.0,0.0012960797371333193
862.0,0.0012863075930781328
863.0,0.0012695840877899743
864.0,0.001257556359309579
865.0,0.0012516800728444443
866.0,0.0012566995957081829
867.0,0.0012658037926029137
868.0,0.0012469123830381001
869.0,0.0012098023039029977
870.0,0.0011891924175107527
871.0,0.0011825621153856683
872.0,0.001176148113336156
873.0,0.0011725413164207577
874.0,0.001159976419956059
875.0,0.0011407235421969206
876.0,0.0011428899928420696
877.0,0.001137873184758054
878.0,0.0011049171023205296
879.0,0.0010822338866960783
880.0,0.0010710325645856185
881.0,0.0010565535391958056
882.0,0.0010558832058459816
883.0,0.0010581072151891833
884.0,0.0010535420541534376
885.0,0.0010408403525102839
886.0,0.0010123718120755014
887.0,0.0009925873167364629
888.0,0.0009833136972912005
889.0,0.0009733603934451278
890.0,0.0009590108184052693
891.0,0.0009423850051090725
892.0,0.0009376833956083012
893.0,0.0009235238682089879
894.0,0.0008913760433428775
895.0,0.0008725425811741112
896.0,0.0008875490816102278
897.0,0.0008980479852591091
898.0,0.0008772555774490583
899.0,0.0008449310015584018
