/begin_header
/west_longitude=UNKNOWN
/south_latitude=NA
/north_latitude=UNKNOWN
/calibration_files=NA
/cruise=NA
/station=NA
/documents=NA
/data_type=NA
/affiliations=NOAA
/experiment=NA
/units=nm,dl
/start_date=2019-08-16
/end_date=NA
/missing=9999
/start_time=09:49:09
/data_file_name=NA
/cloud_percent=NA
/water_depth=NA
/data_status=NA
/east_longitude=NA
/wind_speed=NA
/secchi=NA
/measurement_depth=NA
/fields=wavelength,rrs
/delimiter=comma
/contact=NA
/end_time=NA
/wave_height=NA
/investigators=NA
/end_header@
325.0,0.011583909561845785
326.0,0.011382124453308287
327.0,0.011312842599506902
328.0,0.011252619918540836
329.0,0.011069874615959218
330.0,0.010942772859478565
331.0,0.01101179615695978
332.0,0.010911696616619431
333.0,0.01074076180634059
334.0,0.010707662851594899
335.0,0.010685470314151136
336.0,0.010656262066170336
337.0,0.010631883438532014
338.0,0.010574994201753177
339.0,0.01053300388071393
340.0,0.010474202125464746
341.0,0.010460645874737249
342.0,0.01050456664308876
343.0,0.010472696132993377
344.0,0.01040773376737116
345.0,0.010413201429012642
346.0,0.010436655157849122
347.0,0.010472218868694141
348.0,0.010403084991190081
349.0,0.010382245305571632
350.0,0.010451787624030595
351.0,0.010453545287615787
352.0,0.010407617591780705
353.0,0.010409530059259427
354.0,0.010427513072153565
355.0,0.01044775069975986
356.0,0.010477712813274125
357.0,0.010490828168627246
358.0,0.0104558251439325
359.0,0.010406565074024134
360.0,0.010371111896868087
361.0,0.010328045860339844
362.0,0.010327952854684857
363.0,0.010344956766213189
364.0,0.010254434026694152
365.0,0.01017628187474365
366.0,0.010167368047956125
367.0,0.010134686818562263
368.0,0.010089390499131805
369.0,0.01007404090666748
370.0,0.010041239078522073
371.0,0.009978881259891284
372.0,0.009940541973340024
373.0,0.009887101161717685
374.0,0.009790078111875695
375.0,0.009734208910089637
376.0,0.009708723921508887
377.0,0.00964897498603438
378.0,0.009613581941159289
379.0,0.00959448319028075
380.0,0.009570367916868855
381.0,0.009527530317073077
382.0,0.009473052878719652
383.0,0.009453972841159484
384.0,0.009437866924312352
385.0,0.009395807698882524
386.0,0.00935106121103663
387.0,0.009313277954639076
388.0,0.009288026863289701
389.0,0.009262656475694636
390.0,0.009234224711907591
391.0,0.009204913626076129
392.0,0.00917487296052552
393.0,0.009134853229559575
394.0,0.009095669239117922
395.0,0.009056369201512177
396.0,0.00899906069946909
397.0,0.008943722244450605
398.0,0.008898426270646985
399.0,0.008828266275469464
400.0,0.008760559253779585
401.0,0.00872273043830912
402.0,0.008674615679789544
403.0,0.00861959054944972
404.0,0.008575970764362546
405.0,0.0085348652211397
406.0,0.008494710769354052
407.0,0.008442871570369357
408.0,0.008385032037522236
409.0,0.008332072546811231
410.0,0.008290502413328075
411.0,0.008258695755068298
412.0,0.008205496020081075
413.0,0.008159747691669463
414.0,0.0081293905061348
415.0,0.008102922322196355
416.0,0.008083265095280151
417.0,0.008069979264681958
418.0,0.008058268171544763
419.0,0.008047420074971532
420.0,0.00805129150180785
421.0,0.008049734670734474
422.0,0.008026410060337684
423.0,0.008015983545940627
424.0,0.00802414506159911
425.0,0.00803070131698056
426.0,0.008035003875641497
427.0,0.008039710196551104
428.0,0.00803389324402665
429.0,0.008026440971607677
430.0,0.008019258977052272
431.0,0.00800504651355458
432.0,0.007992352795718662
433.0,0.008000868053524254
434.0,0.008017368891538586
435.0,0.008032531348486284
436.0,0.008043257034271436
437.0,0.008059522283493825
438.0,0.00808894360832524
439.0,0.008135984955752984
440.0,0.008195527546500858
441.0,0.008257688265235145
442.0,0.008336428440264557
443.0,0.008431788402773612
444.0,0.008536464106579185
445.0,0.008657884307779978
446.0,0.008802467027127031
447.0,0.008947782094707394
448.0,0.00909819523777329
449.0,0.00926504871063422
450.0,0.009431723132678912
451.0,0.009595085875041195
452.0,0.009759466205110147
453.0,0.009920074484922303
454.0,0.010066355497022188
455.0,0.010203962473019568
456.0,0.010336526310114556
457.0,0.010470354882351297
458.0,0.010590466792566396
459.0,0.010695626968337592
460.0,0.010785674917505803
461.0,0.010870304754165047
462.0,0.010957994888882851
463.0,0.011042803860419101
464.0,0.011120052715638432
465.0,0.011188990321944342
466.0,0.011264979347510883
467.0,0.011351422275529157
468.0,0.011448839744360725
469.0,0.01154985596634309
470.0,0.011647411128521558
471.0,0.011752004695255629
472.0,0.011863850060120381
473.0,0.011976876181807861
474.0,0.01208470210298179
475.0,0.012190266895927232
476.0,0.012290866849526735
477.0,0.01238403122492343
478.0,0.012478213836885792
479.0,0.012564485591960415
480.0,0.012641315992451168
481.0,0.012710371570826723
482.0,0.012766250583621025
483.0,0.01280089629601098
484.0,0.012834716263291529
485.0,0.012877745513741944
486.0,0.012929861361115163
487.0,0.012984787961662423
488.0,0.013045729047998233
489.0,0.013118595565812807
490.0,0.013204414576401504
491.0,0.013302827003389278
492.0,0.013399963181239644
493.0,0.013498490099559954
494.0,0.013612114020497224
495.0,0.013736682662440752
496.0,0.013869878447913653
497.0,0.014023190222814747
498.0,0.014186564738618906
499.0,0.014343016226906851
500.0,0.01453209122607256
501.0,0.014757518423385982
502.0,0.014986060138428722
503.0,0.015234235377065511
504.0,0.015511112986502207
505.0,0.015801578276412626
506.0,0.01609942386515286
507.0,0.016396951531364813
508.0,0.01670356362414694
509.0,0.017021681267107104
510.0,0.017345102072801703
511.0,0.01767216004121673
512.0,0.017997082226316845
513.0,0.01833672912053938
514.0,0.01869595205573213
515.0,0.019071555932365272
516.0,0.019478614226272513
517.0,0.019926156113264933
518.0,0.020411303196665374
519.0,0.02092479983652317
520.0,0.021463150419197222
521.0,0.02200629727284537
522.0,0.02254820637052223
523.0,0.02307371068712111
524.0,0.023592980103147608
525.0,0.024112685673100747
526.0,0.024644645184702878
527.0,0.025198069136841618
528.0,0.025780727941076987
529.0,0.026364990178064523
530.0,0.026936454977254536
531.0,0.027488359751636417
532.0,0.028025797556282546
533.0,0.028553712024329013
534.0,0.02908877197853
535.0,0.02961587542000398
536.0,0.0301133354894658
537.0,0.03057607643302055
538.0,0.03100118487616573
539.0,0.031402014402345545
540.0,0.03178644239272822
541.0,0.03216368628803931
542.0,0.03254243611879261
543.0,0.03290933186981911
544.0,0.03322333561176208
545.0,0.03348541775355486
546.0,0.033695813587215594
547.0,0.033854629161624294
548.0,0.033974623160706506
549.0,0.03408173446951153
550.0,0.034159867374842376
551.0,0.03421038779507937
552.0,0.034242011647153126
553.0,0.03425247548903278
554.0,0.034237773194870924
555.0,0.03417500588542308
556.0,0.0340624290911057
557.0,0.033905512714416615
558.0,0.03373130288859229
559.0,0.03355781075739375
560.0,0.03338949163994426
561.0,0.033214158486316474
562.0,0.03301384251750594
563.0,0.03276590378862891
564.0,0.03246679522696936
565.0,0.032134036496623504
566.0,0.03177583077816827
567.0,0.0313966659958416
568.0,0.030973939503343595
569.0,0.030515981360987564
570.0,0.030049216595165816
571.0,0.0295848030159568
572.0,0.029128342887841847
573.0,0.02865612234046757
574.0,0.02815765386324593
575.0,0.02762847866702032
576.0,0.027090929664812913
577.0,0.02655221812748989
578.0,0.026017053745478563
579.0,0.02548405206041892
580.0,0.02495888388301191
581.0,0.024432978392987366
582.0,0.02390112712308571
583.0,0.023353330915854665
584.0,0.022797725281390745
585.0,0.02223822065940608
586.0,0.021689875141410523
587.0,0.02113791684468968
588.0,0.020568454556110522
589.0,0.02000272339931459
590.0,0.019460812986414576
591.0,0.01898605426201604
592.0,0.018530884412642244
593.0,0.01804482446199427
594.0,0.01753709381412911
595.0,0.017000819095375864
596.0,0.01643839196772377
597.0,0.01585760799470514
598.0,0.015271139852428728
599.0,0.014689751507299512
600.0,0.014152721592203646
601.0,0.013694631516709656
602.0,0.013309365526349867
603.0,0.01299479408420024
604.0,0.012741372363036565
605.0,0.012529950099823505
606.0,0.012344470438593666
607.0,0.012171036686201066
608.0,0.01200689478589373
609.0,0.011851934595629828
610.0,0.011702242995116689
611.0,0.01155985532799265
612.0,0.01141909912538809
613.0,0.011281959559594778
614.0,0.01115082071830439
615.0,0.011022931907342975
616.0,0.010905604199783439
617.0,0.010811494051817357
618.0,0.010735116660147575
619.0,0.010669814032657873
620.0,0.010608013926055503
621.0,0.01054119968790602
622.0,0.010466657895612673
623.0,0.010409509264268688
624.0,0.010368504358832926
625.0,0.010327931704094755
626.0,0.010302912634646662
627.0,0.010291060556182226
628.0,0.01027563276856112
629.0,0.010269375312701983
630.0,0.010288428351675623
631.0,0.010306357947892312
632.0,0.01032708809035332
633.0,0.01036934126906108
634.0,0.01042064635757894
635.0,0.01047384790274107
636.0,0.01054287039798037
637.0,0.010618413634348569
638.0,0.010663774740886372
639.0,0.010707533171598513
640.0,0.010759865004860862
641.0,0.010810298539437555
642.0,0.010852633217621399
643.0,0.010886805217931977
644.0,0.010906245509713686
645.0,0.010911236435688695
646.0,0.010911329077679145
647.0,0.010905414612637217
648.0,0.010894507058883361
649.0,0.010866778240691256
650.0,0.010823977686087708
651.0,0.010767520026875954
652.0,0.01068050443159765
653.0,0.010555261032113917
654.0,0.010386041349215934
655.0,0.01017056015576976
656.0,0.009913375533872292
657.0,0.00965207528296924
658.0,0.009403549902082448
659.0,0.00914328004563981
660.0,0.008873219879806563
661.0,0.00859852702621923
662.0,0.008316873630789225
663.0,0.008036291923742934
664.0,0.007765868170586401
665.0,0.007512668287036289
666.0,0.007274557427975463
667.0,0.007045993320233984
668.0,0.006851238721284054
669.0,0.006697880768903433
670.0,0.006565997945444114
671.0,0.006455865615972468
672.0,0.0063814125884254155
673.0,0.0063159319259532
674.0,0.006256874341856425
675.0,0.0062290516409772905
676.0,0.006214501372140371
677.0,0.006210757162909177
678.0,0.006239162949735292
679.0,0.0062957603052895324
680.0,0.006357592480345893
681.0,0.006454596996504148
682.0,0.006598858787756746
683.0,0.006765725788897485
684.0,0.006958660214523021
685.0,0.007195949584663923
686.0,0.007495110393598977
687.0,0.007859872896600598
688.0,0.00820835766669644
689.0,0.008551645338924375
690.0,0.008921706299144058
691.0,0.00932078875616417
692.0,0.009740603133966182
693.0,0.010143299573975379
694.0,0.010540171323590704
695.0,0.01091529186585507
696.0,0.011239036934976554
697.0,0.01150186680237271
698.0,0.011702336325054252
699.0,0.011848375250320403
700.0,0.011944464315789279
701.0,0.0120007382967099
702.0,0.01201234923206613
703.0,0.011985279308144367
704.0,0.011925196138079998
705.0,0.01183164959757426
706.0,0.011698514127509437
707.0,0.011532385124000288
708.0,0.011337993732608704
709.0,0.011111175235036679
710.0,0.010864864830981282
711.0,0.010605154341913139
712.0,0.010301095535702205
713.0,0.009970082158483226
714.0,0.00964918609464852
715.0,0.009306775189128692
716.0,0.008928951619468658
717.0,0.00858220110187257
718.0,0.008238550299339854
719.0,0.007901666542538089
720.0,0.00760526800824574
721.0,0.007354019303286326
722.0,0.0070843664829298965
723.0,0.006804418912814506
724.0,0.006513126218658698
725.0,0.00622587482291731
726.0,0.005937753482033026
727.0,0.005634797042066988
728.0,0.0053277960383511305
729.0,0.005018086419524873
730.0,0.004699176056264262
731.0,0.004398839422091625
732.0,0.004145304821782058
733.0,0.003944269913074472
734.0,0.0037755088871732
735.0,0.003614408427680452
736.0,0.0034829441586543266
737.0,0.0033920834087358873
738.0,0.003319002554277592
739.0,0.0032642506140254644
740.0,0.003230657495649087
741.0,0.0032071192445171683
742.0,0.0031914980876548106
743.0,0.003182549350006203
744.0,0.0031699903216014695
745.0,0.003153789852895278
746.0,0.003141542898904523
747.0,0.003133539047328862
748.0,0.0031269388348623356
749.0,0.003114289364023489
750.0,0.0030962533380733135
751.0,0.0030770773941815855
752.0,0.0030704029667070884
753.0,0.0030693287222525486
754.0,0.0030554714201737657
755.0,0.0030368990235591815
756.0,0.003030625222197031
757.0,0.0029956651701793908
758.0,0.0029327354705607246
759.0,0.002947172952419761
760.0,0.0029956319440531893
761.0,0.002979164259355012
762.0,0.0029656985083919086
763.0,0.0029462665069517925
764.0,0.0028928447885387095
765.0,0.0028794908500938635
766.0,0.002899190548290575
767.0,0.0029216242423717176
768.0,0.0029488196103594063
769.0,0.0029802604431218745
770.0,0.002997025931781068
771.0,0.003005143613275905
772.0,0.003032498140836406
773.0,0.003049206593216404
774.0,0.003051763707571732
775.0,0.003075938111642771
776.0,0.0031044212526687457
777.0,0.0031075389885696857
778.0,0.003117400218351764
779.0,0.003141612666350729
780.0,0.0031592735664049292
781.0,0.0031789793231835214
782.0,0.003209994198536666
783.0,0.0032344118331148674
784.0,0.0032518530610140877
785.0,0.003267951654320833
786.0,0.0033009945200332983
787.0,0.003340704895552239
788.0,0.003356183067160777
789.0,0.00337861902571149
790.0,0.0034125170972411564
791.0,0.003446490528390979
792.0,0.0034786579468872743
793.0,0.00350952553271859
794.0,0.0035503737620586028
795.0,0.0035957472713627594
796.0,0.0036235878814028727
797.0,0.0036403509258670476
798.0,0.0036595840577070284
799.0,0.003694894734338113
800.0,0.0037319231552374816
801.0,0.0037553987412325476
802.0,0.0037686536060619036
803.0,0.003773174528594106
804.0,0.003794260313342473
805.0,0.0038059830031796234
806.0,0.00379534751115903
807.0,0.0037925072787707696
808.0,0.0037919366300016057
809.0,0.0037722344632926336
810.0,0.003758041754662703
811.0,0.003747327486698358
812.0,0.0037062254065941096
813.0,0.0036603523916521052
814.0,0.0036450157899341603
815.0,0.0035937517977691165
816.0,0.0035192904687494572
817.0,0.003481096840123119
818.0,0.00342535407832673
819.0,0.0033421057951896565
820.0,0.0032653849061198676
821.0,0.0031790274705750772
822.0,0.0030522773495035285
823.0,0.0029558035083098897
824.0,0.0028634170341759625
825.0,0.00270326942549521
826.0,0.002552586713297403
827.0,0.0024209509661005453
828.0,0.002271074468579149
829.0,0.0021200674915131923
830.0,0.0019933547581305285
831.0,0.0018790485387909159
832.0,0.0017838941017152947
833.0,0.00171755532762335
834.0,0.0016533898946796861
835.0,0.0015868198922884933
836.0,0.0015496274816568399
837.0,0.0015128357645195763
838.0,0.001460618353903173
839.0,0.001436848551930114
840.0,0.0014264663891405897
841.0,0.001389232528806181
842.0,0.0013580807678295424
843.0,0.0013463247376947758
844.0,0.0013250348188691432
845.0,0.001294659774144856
846.0,0.0012921065280923013
847.0,0.0012755377145178526
848.0,0.0012463097410066412
849.0,0.0012289503869950316
850.0,0.0012087532984099401
851.0,0.0011782475337654154
852.0,0.001171005293690628
853.0,0.0011687888738983806
854.0,0.0011551186999817456
855.0,0.0011351391455771864
856.0,0.0011097420355561547
857.0,0.001101268225890983
858.0,0.0010858819980285811
859.0,0.001064323435230422
860.0,0.0010285047283716852
861.0,0.0010067345417374893
862.0,0.0010073090304979005
863.0,0.0010011369841016794
864.0,0.0009913515345657408
865.0,0.0009824957303123535
866.0,0.0009672787819486053
867.0,0.0009361172651415993
868.0,0.0009372388600094744
869.0,0.0009311710266525615
870.0,0.0008782672584597489
871.0,0.0008557291471012172
872.0,0.0008453554916334506
873.0,0.0008115095902653154
874.0,0.000781426105052762
875.0,0.0007593936950487659
876.0,0.0007551712841804532
877.0,0.000743156679898471
878.0,0.0007271374979641613
879.0,0.0006872047127710215
880.0,0.0006421255862597183
881.0,0.000652671330265717
882.0,0.0006477180893318602
883.0,0.0006164861755284692
884.0,0.0005801145985740642
885.0,0.0005476176164711051
886.0,0.0005216073522209384
887.0,0.0005188910944642135
888.0,0.0005131412334478681
889.0,0.0004644554885761455
890.0,0.00046350727137426165
891.0,0.00048382704937429343
892.0,0.0004599100119527709
893.0,0.00045025341008992064
894.0,0.00045337868544469373
895.0,0.00035370042860654314
896.0,0.00028863492955532476
897.0,0.0003391815885711834
898.0,0.0003682411781073812
899.0,0.00036493116071232055
