/begin_header
/west_longitude=UNKNOWN
/south_latitude=NA
/north_latitude=UNKNOWN
/calibration_files=NA
/cruise=NA
/station=NA
/documents=NA
/data_type=NA
/affiliations=NOAA
/experiment=NA
/units=nm,dl
/start_date=2019-08-01
/end_date=NA
/missing=9999
/start_time=14:05:24
/data_file_name=NA
/cloud_percent=NA
/water_depth=NA
/data_status=NA
/east_longitude=NA
/wind_speed=NA
/secchi=NA
/measurement_depth=NA
/fields=wavelength,rrs
/delimiter=comma
/contact=NA
/end_time=NA
/wave_height=NA
/investigators=NA
/end_header@
325.0,0.01683984580714342
326.0,0.01681685312677801
327.0,0.016784370624359668
328.0,0.016692650519254344
329.0,0.01660203084039105
330.0,0.01652451715313427
331.0,0.016449471059989805
332.0,0.016336431859692375
333.0,0.01621398038486694
334.0,0.01608586235418665
335.0,0.016023742249397586
336.0,0.01599456275286816
337.0,0.01583442379576422
338.0,0.015688985276581933
339.0,0.015597508496267246
340.0,0.015532230785758086
341.0,0.015460881557478618
342.0,0.01538625597519746
343.0,0.01530527994871544
344.0,0.015235586033697592
345.0,0.015138904600276268
346.0,0.015039717814699888
347.0,0.014933051169138128
348.0,0.0148483891337687
349.0,0.014785656561284036
350.0,0.01470289493888371
351.0,0.014662568560775607
352.0,0.014621521107384136
353.0,0.014528500569277871
354.0,0.014446354294886476
355.0,0.01439263133990236
356.0,0.014316523467556842
357.0,0.014236381914087114
358.0,0.014157642347895308
359.0,0.01408716594554725
360.0,0.01401601248899371
361.0,0.013932100056147253
362.0,0.013848285433755983
363.0,0.01378033407904967
364.0,0.013716743471026745
365.0,0.013654236761027398
366.0,0.013594439924177637
367.0,0.013532466414400358
368.0,0.013483247134768983
369.0,0.01343736880102892
370.0,0.013369970840114912
371.0,0.01328387450662533
372.0,0.013218381038062785
373.0,0.013153063592242973
374.0,0.013080633811956515
375.0,0.013002036537423567
376.0,0.01293297797053668
377.0,0.012881460181403601
378.0,0.012827423703732532
379.0,0.012763530083125108
380.0,0.012722258639562157
381.0,0.012684411898977779
382.0,0.012636617319468019
383.0,0.01258425739828802
384.0,0.012527232387865803
385.0,0.012465287528407969
386.0,0.01240830870074682
387.0,0.012357375865652507
388.0,0.01230630439147195
389.0,0.012259245137132878
390.0,0.012211830268486486
391.0,0.012169890461547721
392.0,0.01212660942023344
393.0,0.012076167460915273
394.0,0.012024124274824747
395.0,0.011972128222927392
396.0,0.011906202238887605
397.0,0.011840535204499254
398.0,0.01177237534139949
399.0,0.011716180370874043
400.0,0.011665523199869115
401.0,0.011609444838987197
402.0,0.01156203240295838
403.0,0.011521248838023452
404.0,0.011469389997392885
405.0,0.011414118412877108
406.0,0.011352617309146053
407.0,0.011287700565482162
408.0,0.011223638924131262
409.0,0.011165529335833244
410.0,0.011106702529435155
411.0,0.011046964454862206
412.0,0.010990890603476593
413.0,0.010945800925325735
414.0,0.01091077751506209
415.0,0.010866976456050333
416.0,0.010818816658763806
417.0,0.01077841144819211
418.0,0.01074234196297129
419.0,0.010707675411953515
420.0,0.010668214095297616
421.0,0.010631937984194949
422.0,0.01060372188798017
423.0,0.010567909904870738
424.0,0.010532171468042771
425.0,0.010510692357994688
426.0,0.010487154329003016
427.0,0.01045464991205378
428.0,0.010419085491887907
429.0,0.010381827112603876
430.0,0.010344249666144736
431.0,0.010304745163973172
432.0,0.010258822953346788
433.0,0.010213028737344244
434.0,0.010176798533465724
435.0,0.01015209711678419
436.0,0.010131260782297466
437.0,0.010111458793452497
438.0,0.010095560516597758
439.0,0.010090379539891078
440.0,0.01009658973938126
441.0,0.010104427680927583
442.0,0.010120051264512014
443.0,0.010144202425999282
444.0,0.010175406346243024
445.0,0.010215265349622863
446.0,0.010261565678170695
447.0,0.010316464420143685
448.0,0.010373492625101555
449.0,0.010429989637685717
450.0,0.010484426973860868
451.0,0.010537770115689963
452.0,0.0105906349432767
453.0,0.010640900179482821
454.0,0.010687867372896391
455.0,0.010727769048304903
456.0,0.010760554758360467
457.0,0.01078666077367122
458.0,0.010812797636387296
459.0,0.010842483113272414
460.0,0.01086621367039905
461.0,0.010888999305497561
462.0,0.010917111390162798
463.0,0.010939763304474288
464.0,0.010959881564575065
465.0,0.010992331893892272
466.0,0.011027939600068435
467.0,0.011064315120125127
468.0,0.01109253254380968
469.0,0.011120234194275418
470.0,0.011155299412051307
471.0,0.011190081602925768
472.0,0.011223402732243374
473.0,0.01125324632479374
474.0,0.01128680591269723
475.0,0.011322410840208411
476.0,0.011356129844923136
477.0,0.011390324061539638
478.0,0.011424784213244828
479.0,0.011459252225884448
480.0,0.011494545892546284
481.0,0.011527745464649294
482.0,0.011564251639214557
483.0,0.011606509436704916
484.0,0.011646790977462646
485.0,0.011685694916572075
486.0,0.011723935643798773
487.0,0.01176381757670971
488.0,0.01180412750915269
489.0,0.011848408493290765
490.0,0.011896289065680271
491.0,0.011951619087020247
492.0,0.012014100680176812
493.0,0.012085867327196803
494.0,0.012167106087981966
495.0,0.012254417345766202
496.0,0.012353124337744891
497.0,0.0124675141138893
498.0,0.012593499553513474
499.0,0.012731223714365589
500.0,0.012882038959598413
501.0,0.013044109215857799
502.0,0.013216760474809314
503.0,0.013399111782473072
504.0,0.013582452604610579
505.0,0.01378402230022573
506.0,0.014003879798011928
507.0,0.014227760001077686
508.0,0.014463238642590567
509.0,0.014712722422295547
510.0,0.014969039764683698
511.0,0.015234602569734603
512.0,0.015512939599197934
513.0,0.015798297069808412
514.0,0.01609217527549869
515.0,0.016399464704812315
516.0,0.01672183602609504
517.0,0.017053337803008873
518.0,0.017382496700422186
519.0,0.017707085829477682
520.0,0.018021025004415627
521.0,0.018331837026990174
522.0,0.018647040786929126
523.0,0.01896344994379425
524.0,0.019282802636963272
525.0,0.019604528536344586
526.0,0.019929852988396987
527.0,0.020251820159805884
528.0,0.02055968327226453
529.0,0.020859631967496767
530.0,0.021153048248325434
531.0,0.021438824936534644
532.0,0.02172563779746065
533.0,0.02201581126597276
534.0,0.02229677803970227
535.0,0.022564411401517413
536.0,0.02282581651013796
537.0,0.023083284529415042
538.0,0.023336336004167395
539.0,0.02358023240451923
540.0,0.023814366139611888
541.0,0.02404059512707809
542.0,0.024257842363973135
543.0,0.0244647093631902
544.0,0.024663953651370054
545.0,0.024855019995249326
546.0,0.02503659883471985
547.0,0.02520572458850364
548.0,0.025363192935537383
549.0,0.02551019641934495
550.0,0.025649375648145963
551.0,0.025784479965734537
552.0,0.025913534417604224
553.0,0.026033779376569914
554.0,0.02614075595868067
555.0,0.026231264408568294
556.0,0.026306833982268563
557.0,0.02637383464343594
558.0,0.026428076335789436
559.0,0.02646648901350352
560.0,0.026487938920280146
561.0,0.026495285200715472
562.0,0.026493462299364584
563.0,0.02647952463218209
564.0,0.026454793795706234
565.0,0.02642514594252245
566.0,0.026385292162473095
567.0,0.026333801957966273
568.0,0.026272425785475766
569.0,0.02620212962514156
570.0,0.026122850789790063
571.0,0.026035680707546645
572.0,0.025945884991552193
573.0,0.025856188809014757
574.0,0.025761728988268152
575.0,0.025662238545697862
576.0,0.02555661983213684
577.0,0.025444199001860252
578.0,0.025326290170305042
579.0,0.025195366022233157
580.0,0.02504835828408019
581.0,0.024891440398890612
582.0,0.02472837422750587
583.0,0.024556438777414875
584.0,0.024380446541679333
585.0,0.02420284880950537
586.0,0.024023083721552152
587.0,0.023837347775115147
588.0,0.02364168044608279
589.0,0.023441919199259302
590.0,0.023241549580591988
591.0,0.023041666606660658
592.0,0.022842357197329896
593.0,0.022631177547834634
594.0,0.022395906483895535
595.0,0.022131683389573727
596.0,0.02183018004786296
597.0,0.021489831531369727
598.0,0.021118520104902914
599.0,0.02074104029826769
600.0,0.02037934610782675
601.0,0.020056685663195288
602.0,0.019783640431043973
603.0,0.01955832384597962
604.0,0.019373802486259722
605.0,0.019210149886337978
606.0,0.019056116233359958
607.0,0.018911517683695218
608.0,0.018766248944582717
609.0,0.01861226141103898
610.0,0.01846228047998807
611.0,0.01831608895092825
612.0,0.01815620422837664
613.0,0.017998567339739174
614.0,0.017847773836596793
615.0,0.01770390428650389
616.0,0.017566295292942496
617.0,0.01743332070558737
618.0,0.017311135071314637
619.0,0.01720170948807212
620.0,0.017106814862385276
621.0,0.01702233245186697
622.0,0.01694760960792927
623.0,0.016881004332007732
624.0,0.01681850711402679
625.0,0.01676205400332741
626.0,0.016707224161622285
627.0,0.01665410037363945
628.0,0.01661579105254764
629.0,0.016589729698997156
630.0,0.016568779058489858
631.0,0.01655165800852985
632.0,0.01653791890035618
633.0,0.016532615511660437
634.0,0.0165356223846164
635.0,0.016545554208513634
636.0,0.01655378123195628
637.0,0.016559114822553705
638.0,0.016567043021936425
639.0,0.016577644885574675
640.0,0.016584995827614475
641.0,0.016576355194904902
642.0,0.01655425797543817
643.0,0.016521733046438225
644.0,0.01648321921091364
645.0,0.016438195486568483
646.0,0.016377606441627453
647.0,0.01630338704282952
648.0,0.016214965750044663
649.0,0.016115854544795895
650.0,0.015994874521582433
651.0,0.015833154441250826
652.0,0.015646677589350615
653.0,0.01544190103263339
654.0,0.015222363072665921
655.0,0.014931838282502049
656.0,0.014547477237352172
657.0,0.014110571521932725
658.0,0.01367594501931397
659.0,0.013258236075510979
660.0,0.01285789900700209
661.0,0.012479155793585602
662.0,0.012124604219291601
663.0,0.011792950979059797
664.0,0.011488130734703275
665.0,0.01121812892689977
666.0,0.010984509033039542
667.0,0.010784031682029705
668.0,0.010625491471382522
669.0,0.010509381369596484
670.0,0.010430578784091647
671.0,0.010385392856336573
672.0,0.010362408811184439
673.0,0.010369120514834
674.0,0.010402321039760274
675.0,0.010442916320360072
676.0,0.010505151956076094
677.0,0.010594859123921547
678.0,0.01070786932957078
679.0,0.01085004266815362
680.0,0.011025693011509338
681.0,0.011234421361753765
682.0,0.011479082471882425
683.0,0.011766316465110433
684.0,0.012110276607388313
685.0,0.0125581929149795
686.0,0.013085391490401032
687.0,0.013631804775855372
688.0,0.014025373917795375
689.0,0.014360660969859603
690.0,0.01473562554955173
691.0,0.01513143998371381
692.0,0.015544705381973131
693.0,0.015966055663876873
694.0,0.01636463653787599
695.0,0.016716360951532356
696.0,0.017021083496339705
697.0,0.017274267285589312
698.0,0.017472281166170056
699.0,0.017610328925427472
700.0,0.017679378280456147
701.0,0.017669293297640106
702.0,0.017585872185002502
703.0,0.01743796882539762
704.0,0.017240548300700917
705.0,0.016993591886064315
706.0,0.016693961171163237
707.0,0.01634548156049868
708.0,0.015949263588659467
709.0,0.01550559844104846
710.0,0.015028412705591429
711.0,0.01452714488110772
712.0,0.013996747966974518
713.0,0.013457282098313312
714.0,0.012930085785170057
715.0,0.012418613793728033
716.0,0.01190704302025596
717.0,0.011402266747437498
718.0,0.01088909302398762
719.0,0.010385233201126613
720.0,0.009915520230801392
721.0,0.009493380034145451
722.0,0.009099141523691684
723.0,0.008711296038759187
724.0,0.008326499096726796
725.0,0.00794451324202525
726.0,0.007572185214168937
727.0,0.007199697803191606
728.0,0.006822515797690049
729.0,0.006445087183987552
730.0,0.006078817925218633
731.0,0.0057492034714932165
732.0,0.005470887998024463
733.0,0.005235782178464768
734.0,0.005036880565344191
735.0,0.004876809149452113
736.0,0.004744901124650526
737.0,0.004641263280393668
738.0,0.0045728598595378925
739.0,0.004522881373365168
740.0,0.004480610492123804
741.0,0.004442263868849539
742.0,0.004409003862081281
743.0,0.004388768757817417
744.0,0.004369653618358768
745.0,0.004350346955486691
746.0,0.004332159727149074
747.0,0.0043165315193970655
748.0,0.004301993299665229
749.0,0.004287195028792644
750.0,0.004271638348489797
751.0,0.004250378162351809
752.0,0.004232007701948598
753.0,0.004215551951772504
754.0,0.004204848624195033
755.0,0.004194254248227421
756.0,0.004187885389142878
757.0,0.00419252824218616
758.0,0.00420823055843555
759.0,0.004238366804598437
760.0,0.00426342515923306
761.0,0.004249758128915267
762.0,0.0041997493545772565
763.0,0.004148077330589919
764.0,0.004119928101486279
765.0,0.004103914599647035
766.0,0.004094157476803735
767.0,0.0040950264379673446
768.0,0.004096910414733329
769.0,0.004093766221843891
770.0,0.00409730117773933
771.0,0.004105068253331511
772.0,0.004109018111043199
773.0,0.00411800562236764
774.0,0.004134460281478887
775.0,0.004143464119094765
776.0,0.004150790887015966
777.0,0.004161527280535797
778.0,0.004172705092959693
779.0,0.004187262613731486
780.0,0.004210189674069599
781.0,0.0042312773364212245
782.0,0.004252882249054337
783.0,0.004279454767683861
784.0,0.004307422013075377
785.0,0.004330825016968391
786.0,0.004354901207445102
787.0,0.004379758309408118
788.0,0.00441132104648974
789.0,0.004442609624964646
790.0,0.004468608627737112
791.0,0.004499187235523265
792.0,0.004535964670505624
793.0,0.004577289458135246
794.0,0.004607160063736131
795.0,0.004628617564194766
796.0,0.004660215807821986
797.0,0.004696358430895095
798.0,0.004728204057661362
799.0,0.004753756774210165
800.0,0.00477473905203684
801.0,0.004794991429962864
802.0,0.004814310088343364
803.0,0.004835192571707404
804.0,0.00484686955002564
805.0,0.004850378818314854
806.0,0.004851837636220389
807.0,0.004847562691330789
808.0,0.0048339679619499275
809.0,0.00480864880273681
810.0,0.004778480962064753
811.0,0.004746552299220032
812.0,0.004706017628484205
813.0,0.004661230947517456
814.0,0.00461268899282991
815.0,0.004559295491412058
816.0,0.004508002175759577
817.0,0.00445194737321344
818.0,0.00439215748209143
819.0,0.004321812791008964
820.0,0.004243885857030499
821.0,0.004163136205205617
822.0,0.004077958641966968
823.0,0.00395914266330829
824.0,0.0038189033838043505
825.0,0.003697957430510481
826.0,0.0035744967832919638
827.0,0.0034468372638300155
828.0,0.0033218803305825524
829.0,0.003200984679614148
830.0,0.003084595485786624
831.0,0.0029804771043081264
832.0,0.0028967373388601443
833.0,0.0028408766090802697
834.0,0.0027879889930899657
835.0,0.0027398048343184
836.0,0.002712565066826712
837.0,0.0026876803101140477
838.0,0.002662516277060886
839.0,0.0026418851709165336
840.0,0.002622437302225617
841.0,0.002600530897885505
842.0,0.0025804113723281647
843.0,0.0025661642930533417
844.0,0.002547612166758529
845.0,0.0025253678294042004
846.0,0.002515811741595267
847.0,0.0024962097818369226
848.0,0.002473487602136652
849.0,0.002469305021624581
850.0,0.002458104962684038
851.0,0.00243429861321698
852.0,0.0024189356898285472
853.0,0.002409071590312236
854.0,0.0024004741562685403
855.0,0.0023796594003541475
856.0,0.0023581030179497834
857.0,0.002354902299879577
858.0,0.0023433403449027194
859.0,0.002318949887992239
860.0,0.0023081107963250046
861.0,0.002304209983328031
862.0,0.002300591666679387
863.0,0.0022886392941606827
864.0,0.0022684085511906517
865.0,0.002251197300959662
866.0,0.0022423471153217986
867.0,0.0022334815530894547
868.0,0.002221844051092052
869.0,0.002209337088546071
870.0,0.002184619872622144
871.0,0.0021636418447516484
872.0,0.002143796538572158
873.0,0.0021320191110303995
874.0,0.0021163084969062006
875.0,0.0020968223793252517
876.0,0.00208247900541005
877.0,0.002058348367266501
878.0,0.0020247978420499624
879.0,0.002022778121749152
880.0,0.0020292576653451458
881.0,0.0020079062943530583
882.0,0.0019896855759141997
883.0,0.0019707218736726663
884.0,0.0019436849863010634
885.0,0.0019253351931196867
886.0,0.0019151104317069775
887.0,0.0019033408317123111
888.0,0.0018916138526469937
889.0,0.0018644992644574014
890.0,0.001840768600378951
891.0,0.0018178066329976894
892.0,0.0018092024693200238
893.0,0.0017987162912909964
894.0,0.0017850581750767582
895.0,0.0017721008831338924
896.0,0.0017510263848422157
897.0,0.0017413023977497926
898.0,0.0017282797170882747
899.0,0.0017149675496587896
