/begin_header
/west_longitude=UNKNOWN
/south_latitude=NA
/north_latitude=UNKNOWN
/calibration_files=NA
/cruise=NA
/station=NA
/documents=NA
/data_type=NA
/affiliations=NOAA
/experiment=NA
/units=nm,dl
/start_date=2019-08-07
/end_date=NA
/missing=9999
/start_time=12:50:57
/data_file_name=NA
/cloud_percent=NA
/water_depth=NA
/data_status=NA
/east_longitude=NA
/wind_speed=NA
/secchi=NA
/measurement_depth=NA
/fields=wavelength,rrs
/delimiter=comma
/contact=NA
/end_time=NA
/wave_height=NA
/investigators=NA
/end_header@
325.0,0.0023660594410831385
326.0,0.002472092760928464
327.0,0.002524631077192127
328.0,0.002464540339169962
329.0,0.0024229029866928817
330.0,0.0024387532883201274
331.0,0.0025096152320230264
332.0,0.0025711648735824736
333.0,0.002594667322732212
334.0,0.0026118325232619894
335.0,0.0026624516965252617
336.0,0.002734426280743464
337.0,0.0027959123479607854
338.0,0.002853657160415927
339.0,0.0029278119676871576
340.0,0.002966744962484352
341.0,0.0030023909479815225
342.0,0.003099936122392211
343.0,0.0031947997557713903
344.0,0.0032777799272571727
345.0,0.0033793098688941923
346.0,0.0034887075484270357
347.0,0.0036234563431154906
348.0,0.0037559411056932745
349.0,0.003871470380240924
350.0,0.003967519555019669
351.0,0.004048825384903969
352.0,0.004109839495500004
353.0,0.00417992243663764
354.0,0.004277034571464272
355.0,0.004399628920410389
356.0,0.004476130748567167
357.0,0.004547312126014889
358.0,0.004648546623558052
359.0,0.004732674211648124
360.0,0.004805620868416629
361.0,0.004865146607341037
362.0,0.0049208562434165165
363.0,0.004975242023851488
364.0,0.005021712871626459
365.0,0.0050538387605671255
366.0,0.005060098825476129
367.0,0.005098382132528988
368.0,0.005149019809559903
369.0,0.00515462346699893
370.0,0.0051882742753454275
371.0,0.005256281069412953
372.0,0.005294160617131679
373.0,0.005318980456315006
374.0,0.005336129559450741
375.0,0.005349034997131438
376.0,0.00537767772110463
377.0,0.00542463828723867
378.0,0.005451334550253073
379.0,0.005463663171302101
380.0,0.005497608585103612
381.0,0.005542923476763312
382.0,0.0055845643471709215
383.0,0.005629646270820912
384.0,0.0056652577408853435
385.0,0.0056858473048460945
386.0,0.005740947653980619
387.0,0.005810243233928458
388.0,0.005822354215857009
389.0,0.005832965647966063
390.0,0.005867156030623527
391.0,0.005893471987401533
392.0,0.005927401170568415
393.0,0.00597451248524333
394.0,0.00600107633038801
395.0,0.006011059687312385
396.0,0.006037586509069321
397.0,0.006041424965610673
398.0,0.006023768583146591
399.0,0.006011100277923895
400.0,0.0060013775836376005
401.0,0.005994517723560766
402.0,0.005982638866265132
403.0,0.005968154093386342
404.0,0.00594665622209503
405.0,0.005925449559142168
406.0,0.0059088476986035535
407.0,0.005885621342171058
408.0,0.005849705783389123
409.0,0.0058130309563122805
410.0,0.005785300643618189
411.0,0.005764656739935554
412.0,0.0057377920978250885
413.0,0.005720282109200393
414.0,0.005714887864808943
415.0,0.005704596497652296
416.0,0.005697475645267392
417.0,0.005697827493756086
418.0,0.005700901885104768
419.0,0.005704967698767573
420.0,0.005720132740764349
421.0,0.00573640529093466
422.0,0.0057471135283832
423.0,0.005755375200494889
424.0,0.005765293116294295
425.0,0.005785489161732179
426.0,0.005800226490677916
427.0,0.0058067429520618835
428.0,0.005816209230224438
429.0,0.00582502590849074
430.0,0.005825590980578438
431.0,0.005821240744008385
432.0,0.005814232451419163
433.0,0.005798260390406729
434.0,0.005792506560564166
435.0,0.005798962719848259
436.0,0.0058083438957913834
437.0,0.005827043685974238
438.0,0.005854568931463237
439.0,0.005899979008701675
440.0,0.0059627158913597485
441.0,0.006035074110151843
442.0,0.006122076731308713
443.0,0.006226434231687854
444.0,0.006346252986353373
445.0,0.006480859309502772
446.0,0.006630003860697918
447.0,0.006793865614167111
448.0,0.006965603051567114
449.0,0.007138374817426138
450.0,0.007312860006114879
451.0,0.0074902890087063245
452.0,0.0076670415998342
453.0,0.007838476256626934
454.0,0.008000886388374037
455.0,0.008157323263008377
456.0,0.008300899538601055
457.0,0.008423843098578987
458.0,0.00853703090818739
459.0,0.008648930019764743
460.0,0.008757173328764519
461.0,0.008859275062561013
462.0,0.008950693459005179
463.0,0.009044345651060288
464.0,0.009142574678843635
465.0,0.009235698436719784
466.0,0.009332610513316492
467.0,0.009436526267579522
468.0,0.00953558702730093
469.0,0.009632651857065317
470.0,0.009738795299981364
471.0,0.009835113002133227
472.0,0.009921037863057636
473.0,0.010013131657656662
474.0,0.010102649860784046
475.0,0.010184209631777241
476.0,0.010262273189595222
477.0,0.010334644358004815
478.0,0.010408075890046624
479.0,0.010479323437528738
480.0,0.010548350411487304
481.0,0.010613241661536321
482.0,0.01067614620821564
483.0,0.010745559902283442
484.0,0.010820418443125344
485.0,0.010900952369742957
486.0,0.010986975490275639
487.0,0.011073932430724595
488.0,0.011156741709276562
489.0,0.011249376427484553
490.0,0.011346082602489765
491.0,0.011442593228238162
492.0,0.0115541042710411
493.0,0.011683249442996774
494.0,0.011828445745892365
495.0,0.01198378890514561
496.0,0.012141401146336293
497.0,0.012308116484440924
498.0,0.012495458693840413
499.0,0.012708908269258284
500.0,0.012931919290830924
501.0,0.013162028263394646
502.0,0.013402289242120715
503.0,0.013648919662060038
504.0,0.013897765532902548
505.0,0.014149201239192069
506.0,0.014404184437302181
507.0,0.014661841443958979
508.0,0.01492566127512827
509.0,0.015191725632860753
510.0,0.015445893411232873
511.0,0.01570060714839684
512.0,0.015970994272479992
513.0,0.016250350138309996
514.0,0.01654317787918209
515.0,0.016854170480012542
516.0,0.01718342102284682
517.0,0.01752812058644875
518.0,0.01789180715568517
519.0,0.018259914339655254
520.0,0.01861545009470382
521.0,0.018982501064439015
522.0,0.0193710437083183
523.0,0.01977135803993204
524.0,0.02019800045946494
525.0,0.020650018385439353
526.0,0.021119390908343305
527.0,0.02160800987370236
528.0,0.022109354050501313
529.0,0.02260848783839435
530.0,0.0231070998047255
531.0,0.023628707728245008
532.0,0.024166619358196608
533.0,0.024711444747477516
534.0,0.02526666186514791
535.0,0.025817034758106816
536.0,0.026346505229846884
537.0,0.02687254951043731
538.0,0.027401845675783375
539.0,0.027915668536372416
540.0,0.02841456211491844
541.0,0.028897399391793598
542.0,0.0293470282047572
543.0,0.029756830382561446
544.0,0.030135377554890725
545.0,0.030478860121293166
546.0,0.030784464047571864
547.0,0.03105626340090998
548.0,0.031293685767142296
549.0,0.03149112797362189
550.0,0.031660257998845566
551.0,0.031809345301737506
552.0,0.03193875163076641
553.0,0.032041829886749786
554.0,0.032115126301679744
555.0,0.03216447305686244
556.0,0.03218784950901355
557.0,0.032177861749738794
558.0,0.03214203093166164
559.0,0.03208317669859208
560.0,0.032003266963218556
561.0,0.03190131081679475
562.0,0.03177578084120351
563.0,0.03162814240582335
564.0,0.031460917915843045
565.0,0.031276590634360224
566.0,0.03107361753839654
567.0,0.030850323134009337
568.0,0.030603827446558186
569.0,0.030336398195035114
570.0,0.030058559052429924
571.0,0.029766437870645618
572.0,0.029466281506132147
573.0,0.029170484665242014
574.0,0.028875708269322377
575.0,0.02857855055062015
576.0,0.028277817151641647
577.0,0.027971354229973554
578.0,0.027650439488209506
579.0,0.027319482671037575
580.0,0.026980367171385668
581.0,0.02662866338860077
582.0,0.026264032569113537
583.0,0.02589078327034055
584.0,0.025506817493507333
585.0,0.02511088077937691
586.0,0.024709085215159944
587.0,0.024302529347495265
588.0,0.023887311133047377
589.0,0.023452385996396333
590.0,0.023004538287308054
591.0,0.0225504674379808
592.0,0.02209287342730471
593.0,0.021617628623610424
594.0,0.021112726049112514
595.0,0.020580205295620917
596.0,0.020022636999153832
597.0,0.019426032720910393
598.0,0.01880341662877626
599.0,0.018203785391220452
600.0,0.017650925347760048
601.0,0.017168955406128214
602.0,0.016764061366785998
603.0,0.016434756502135574
604.0,0.016170873369158463
605.0,0.015951356205724708
606.0,0.015759116560207023
607.0,0.015577847129908983
608.0,0.015404650329863028
609.0,0.015233969845014544
610.0,0.015062192493290272
611.0,0.014892403878416071
612.0,0.014725730189066
613.0,0.014563009112979081
614.0,0.014406706197136762
615.0,0.014259242646114514
616.0,0.014118271248428873
617.0,0.013979397849846961
618.0,0.013852864595993896
619.0,0.013741475066991396
620.0,0.01363648566339567
621.0,0.013539670726274305
622.0,0.013455256921493084
623.0,0.013382684290635877
624.0,0.01332080191835026
625.0,0.013258652671464302
626.0,0.013205862281950035
627.0,0.013167550464724736
628.0,0.013144206956690649
629.0,0.013127057619671218
630.0,0.013114569520582006
631.0,0.013114103459766754
632.0,0.013124316517545856
633.0,0.013135743357989126
634.0,0.013159015400971585
635.0,0.013198510545101214
636.0,0.013236892014755914
637.0,0.013276451226260613
638.0,0.013330771178624318
639.0,0.013385697835256635
640.0,0.013435153820927923
641.0,0.013478465698411102
642.0,0.01350975730547343
643.0,0.013525688714262393
644.0,0.013535630352429228
645.0,0.013535952569526447
646.0,0.013517072392029202
647.0,0.013483246085434336
648.0,0.013432957757500108
649.0,0.01335416126812998
650.0,0.013246394828589336
651.0,0.01310673008988883
652.0,0.01294219273453238
653.0,0.0127553305567673
654.0,0.012552494534110472
655.0,0.01229209657160365
656.0,0.011947599314281345
657.0,0.011551968702696112
658.0,0.011158656414754076
659.0,0.010777220450479841
660.0,0.010411119830742848
661.0,0.01006528694337801
662.0,0.00971827919197199
663.0,0.009369926821549777
664.0,0.009036356360760368
665.0,0.00872840994186763
666.0,0.008445544790225433
667.0,0.008181081306107688
668.0,0.007944240935454394
669.0,0.007742077454035459
670.0,0.007583788652420082
671.0,0.007451332280171856
672.0,0.007328403489740992
673.0,0.007230763271454094
674.0,0.007157018376497876
675.0,0.007098980895135806
676.0,0.007062557821195453
677.0,0.007055024518524434
678.0,0.007077551896872689
679.0,0.007129511807670033
680.0,0.00721550183139145
681.0,0.007331830444147247
682.0,0.007484591826002865
683.0,0.00769769750327266
684.0,0.007962309782312655
685.0,0.008284479495464767
686.0,0.0086742255979711
687.0,0.009108491239583997
688.0,0.009479987567582998
689.0,0.00982575438206433
690.0,0.01019448358858894
691.0,0.01058037499340289
692.0,0.010981557732084393
693.0,0.011378825807955737
694.0,0.011770641161267328
695.0,0.012138072894210475
696.0,0.01246248637428888
697.0,0.012756277345724784
698.0,0.013026106444270921
699.0,0.013267570992442374
700.0,0.01347066301888426
701.0,0.013619482269540078
702.0,0.013719046498826954
703.0,0.01376747614254758
704.0,0.013774690921053115
705.0,0.013734147177658595
706.0,0.01364219134841615
707.0,0.013510106140320496
708.0,0.013339299860901727
709.0,0.013123645897607072
710.0,0.012866902650741705
711.0,0.012576268032755869
712.0,0.012265309456219727
713.0,0.011941866037595571
714.0,0.011586191225163422
715.0,0.011236666106512135
716.0,0.010893632631040241
717.0,0.010535139483123224
718.0,0.01014561540161197
719.0,0.009758204172332944
720.0,0.00937217634421304
721.0,0.00900691923668895
722.0,0.008673484598101567
723.0,0.008337310758656874
724.0,0.007979882157454316
725.0,0.007611612273219728
726.0,0.007245379266017574
727.0,0.006883829999063454
728.0,0.006490726830933211
729.0,0.006073455162935502
730.0,0.005677474196864903
731.0,0.005314776420001615
732.0,0.00498994929430421
733.0,0.004709684530984368
734.0,0.004476726955826637
735.0,0.004287252240471967
736.0,0.004131825119083907
737.0,0.004011427354317169
738.0,0.003927871628935464
739.0,0.0038697860397841647
740.0,0.003817416953613391
741.0,0.0037809667275966
742.0,0.003759058782488779
743.0,0.0037374308880350772
744.0,0.003719926808538037
745.0,0.0037088238338488302
746.0,0.003697475247727268
747.0,0.0036860049994546064
748.0,0.0036780546728506724
749.0,0.0036700518169813547
750.0,0.003660070459090681
751.0,0.003651680639537664
752.0,0.0036411335147052367
753.0,0.003629335686620122
754.0,0.003627652642996495
755.0,0.0036266828916238884
756.0,0.0036159484817441787
757.0,0.0036205746768123185
758.0,0.0036461088068267993
759.0,0.003678221921071127
760.0,0.003720493648534544
761.0,0.003742576546968858
762.0,0.0037240558396830644
763.0,0.0036927459408820215
764.0,0.0036756615976134823
765.0,0.0036615232082899767
766.0,0.00364996462806938
767.0,0.00364462021509217
768.0,0.0036464159714183924
769.0,0.00364992361671074
770.0,0.0036620112873361086
771.0,0.0036803382482210136
772.0,0.0036998289176814816
773.0,0.0037167933506418774
774.0,0.0037329855710484536
775.0,0.0037565392872645014
776.0,0.003778998390074644
777.0,0.003803529297052438
778.0,0.003830529465149117
779.0,0.0038607181880917435
780.0,0.003897519989793595
781.0,0.003933387120264803
782.0,0.003967824719365358
783.0,0.004002948329729422
784.0,0.004041888211400325
785.0,0.004081981422863117
786.0,0.004125313940487263
787.0,0.004167885986410194
788.0,0.004207052966113749
789.0,0.0042557779313124825
790.0,0.004310781267666251
791.0,0.004356146591460332
792.0,0.004399295991135141
793.0,0.0044527140812165395
794.0,0.004503198933125793
795.0,0.004546703641638132
796.0,0.004594423315386948
797.0,0.004640308804475397
798.0,0.004685789602736774
799.0,0.004724505969595944
800.0,0.004758687585242573
801.0,0.0047886374926812214
802.0,0.004812801595982367
803.0,0.004834961502137332
804.0,0.004860040902769762
805.0,0.004872451378312234
806.0,0.004870224490680692
807.0,0.004869086077008799
808.0,0.00486120231504549
809.0,0.004841838363027119
810.0,0.004815163700730132
811.0,0.004779777918975134
812.0,0.004742929040309353
813.0,0.004695347265151322
814.0,0.0046378852408796144
815.0,0.004575773954340739
816.0,0.004509370732531476
817.0,0.004426102684726034
818.0,0.0043475129078092735
819.0,0.00427171712302991
820.0,0.004160321591267867
821.0,0.004032174020853687
822.0,0.0039042213951796627
823.0,0.0037597630679374514
824.0,0.0035971847582551932
825.0,0.0034347925114373242
826.0,0.003257438714343404
827.0,0.0030700956351298555
828.0,0.00289066051301603
829.0,0.0027148804694500975
830.0,0.002551677201483484
831.0,0.002404681488329907
832.0,0.00227866822355317
833.0,0.0021748401572804204
834.0,0.0020970355282161272
835.0,0.0020419442311341842
836.0,0.0019812826205884678
837.0,0.0019312688775888903
838.0,0.0018968520599499771
839.0,0.0018628712401948257
840.0,0.0018265412837049084
841.0,0.0017940268248405184
842.0,0.0017699061201965447
843.0,0.0017446525206080434
844.0,0.0017308531407169668
845.0,0.001716522281037541
846.0,0.0016831474572283288
847.0,0.0016479119641418824
848.0,0.001617744389847613
849.0,0.0015971585425908533
850.0,0.0015711404750400851
851.0,0.001539233532539909
852.0,0.001524837495220102
853.0,0.001521966328244149
854.0,0.0015099236700349132
855.0,0.0014823895692248458
856.0,0.0014498330540242924
857.0,0.0014401224908446998
858.0,0.0014273199593933805
859.0,0.001402437564118663
860.0,0.0013942360096389466
861.0,0.001382288114660022
862.0,0.00134936326635272
863.0,0.0013264809505516616
864.0,0.0013169873124670708
865.0,0.0012890086511250223
866.0,0.001267619219792068
867.0,0.0012628993096251695
868.0,0.0012361219445310055
869.0,0.0012083690845343918
870.0,0.0011942736292032401
871.0,0.0011549011240861626
872.0,0.0011175616148356676
873.0,0.0011041255414704402
874.0,0.001085400400808913
875.0,0.0010618353861200336
876.0,0.001027919199561461
877.0,0.001000925636097263
878.0,0.0009790531501329398
879.0,0.0009634145326995478
880.0,0.0009404000343140337
881.0,0.0009073354657952795
882.0,0.0008727595529491124
883.0,0.0008463082721034173
884.0,0.0008291554204243664
885.0,0.0008192063775914095
886.0,0.0007920120453809426
887.0,0.0007615764580907985
888.0,0.0007378637881002528
889.0,0.0007318527170073618
890.0,0.000698604144724643
891.0,0.0006501153566919044
892.0,0.0006363610626106052
893.0,0.0006229166775088885
894.0,0.0005998838394296606
895.0,0.000584796120637412
896.0,0.0005570746910686659
897.0,0.0005121658281271083
898.0,0.0005250955268445732
899.0,0.0005467319743530488
