/begin_header
/west_longitude=UNKNOWN
/south_latitude=NA
/north_latitude=UNKNOWN
/calibration_files=NA
/cruise=NA
/station=NA
/documents=NA
/data_type=NA
/affiliations=NOAA
/experiment=NA
/units=nm,dl
/start_date=2019-08-07
/end_date=NA
/missing=9999
/start_time=14:07:30
/data_file_name=NA
/cloud_percent=NA
/water_depth=NA
/data_status=NA
/east_longitude=NA
/wind_speed=NA
/secchi=NA
/measurement_depth=NA
/fields=wavelength,rrs
/delimiter=comma
/contact=NA
/end_time=NA
/wave_height=NA
/investigators=NA
/end_header@
325.0,0.004616300032000536
326.0,0.004558061288305057
327.0,0.004533818209125587
328.0,0.004594635035751748
329.0,0.004605488087714274
330.0,0.004622484140846854
331.0,0.0046640754985891745
332.0,0.004711522286421363
333.0,0.004756515322143792
334.0,0.0047570559278524
335.0,0.004811335467938925
336.0,0.0049073332668439565
337.0,0.004971040580641348
338.0,0.004977472130908378
339.0,0.004978166522305783
340.0,0.005028845640467341
341.0,0.005121864602149017
342.0,0.0052071097624355285
343.0,0.005265248223386322
344.0,0.0053095777161054954
345.0,0.005393555829807805
346.0,0.005490709693681342
347.0,0.005596611928897485
348.0,0.005644790920795002
349.0,0.005691515149503345
350.0,0.005797176571685602
351.0,0.005875260233473134
352.0,0.005923121192403037
353.0,0.005970789601204897
354.0,0.006007557112490892
355.0,0.006056844628424497
356.0,0.006147659316237038
357.0,0.006228759563397024
358.0,0.0062598595134360805
359.0,0.006309517293824331
360.0,0.0063828541456810075
361.0,0.006451231249000111
362.0,0.006493700663801598
363.0,0.006514501266594218
364.0,0.006547829707682804
365.0,0.006579214478621674
366.0,0.006617161945616519
367.0,0.006644792224211478
368.0,0.006661206367211238
369.0,0.006704990415503988
370.0,0.006738030383928351
371.0,0.006752589096878267
372.0,0.006803522964991625
373.0,0.006848184019118642
374.0,0.006861039229353763
375.0,0.00691379851841472
376.0,0.006973445778724973
377.0,0.0069890058831652835
378.0,0.006991549988056588
379.0,0.006999035641555122
380.0,0.007046442972277779
381.0,0.007088865284848698
382.0,0.007108893236186431
383.0,0.007167893249998091
384.0,0.007247434398093415
385.0,0.007303855777385041
386.0,0.007355639429942018
387.0,0.007396188502585219
388.0,0.007413013825527806
389.0,0.007436312464369138
390.0,0.007464950782917099
391.0,0.007493546584650093
392.0,0.007538226751157418
393.0,0.007593264062887734
394.0,0.007623780271464184
395.0,0.007633833232630981
396.0,0.007647836262088514
397.0,0.007661741207454917
398.0,0.007675198968313571
399.0,0.007665778751333206
400.0,0.007655627152624214
401.0,0.007662765211387304
402.0,0.007665491629328079
403.0,0.007667650514293911
404.0,0.0076718387349123274
405.0,0.007663820903193732
406.0,0.007644319415313764
407.0,0.00764105637888191
408.0,0.007642226728854534
409.0,0.007631372626613483
410.0,0.00762139341831231
411.0,0.0076183861496127644
412.0,0.00760649920566492
413.0,0.007600536752764064
414.0,0.007608675461298934
415.0,0.007618738363219838
416.0,0.007626558416166473
417.0,0.007635828839149509
418.0,0.007654611845238464
419.0,0.007683176820991236
420.0,0.007706887427211156
421.0,0.007726216892976999
422.0,0.0077471233958671835
423.0,0.007772838994268469
424.0,0.007797627337496511
425.0,0.007817289123880033
426.0,0.00784267015939617
427.0,0.007873354500782855
428.0,0.007891997188392055
429.0,0.007907610511283006
430.0,0.00792250818392609
431.0,0.007933164147259765
432.0,0.00793900316606175
433.0,0.007941607841688177
434.0,0.007946568639436666
435.0,0.007958939327096778
436.0,0.007975831376396972
437.0,0.00800212889076161
438.0,0.0080457467907951
439.0,0.008098137769125383
440.0,0.008155606697606677
441.0,0.00822133076249541
442.0,0.008306857756529647
443.0,0.008413228358624677
444.0,0.008527156346151655
445.0,0.008653080401966148
446.0,0.008796978030580799
447.0,0.008948282411109381
448.0,0.009102995178489646
449.0,0.009256458425330887
450.0,0.009418405979079903
451.0,0.009589652114686126
452.0,0.009750616231420714
453.0,0.0099021752956016
454.0,0.010052964223985614
455.0,0.010195318122742308
456.0,0.010327119566905496
457.0,0.010450157564674392
458.0,0.010561223193457116
459.0,0.010664578053352433
460.0,0.010759330268604823
461.0,0.010850432918406561
462.0,0.010943323423225664
463.0,0.011036354334536772
464.0,0.011128100982730552
465.0,0.011217009265143407
466.0,0.011310626133861308
467.0,0.01141130837880512
468.0,0.011507250385981185
469.0,0.011598324143230275
470.0,0.011689108746211405
471.0,0.011775859176854817
472.0,0.011858754453465166
473.0,0.011943506993572429
474.0,0.012026784897134652
475.0,0.01209933240829488
476.0,0.012165394626018674
477.0,0.012232864400191201
478.0,0.012305259355440055
479.0,0.012375432681303918
480.0,0.012442135899676366
481.0,0.012506576414019413
482.0,0.012572372269744534
483.0,0.012645936217652726
484.0,0.012723026569334769
485.0,0.01280174388861168
486.0,0.012890553273613142
487.0,0.012981628534755365
488.0,0.013073217358316633
489.0,0.01316509912232704
490.0,0.01325598482950204
491.0,0.013353888750770454
492.0,0.013463010846506729
493.0,0.013587419146728332
494.0,0.013723050028002526
495.0,0.013867120681659798
496.0,0.01402210947150856
497.0,0.014181508087213393
498.0,0.014351251084879965
499.0,0.014544962332725129
500.0,0.014745413798137628
501.0,0.014945534279878039
502.0,0.015155098128973019
503.0,0.015370097500775257
504.0,0.015585205719037038
505.0,0.015798899753963695
506.0,0.01601560846361409
507.0,0.01623765739693126
508.0,0.01645674665667379
509.0,0.016672982339620137
510.0,0.016885027884383064
511.0,0.017098697174222216
512.0,0.01731610672965604
513.0,0.017542257709795235
514.0,0.017787409777615164
515.0,0.018060641017483257
516.0,0.018352274631882083
517.0,0.01865668167680577
518.0,0.018973451854013057
519.0,0.019293780357888143
520.0,0.01960914229011568
521.0,0.019929320834540434
522.0,0.02026125550493581
523.0,0.020612870265157585
524.0,0.020982336919126418
525.0,0.021370182545934223
526.0,0.021782720008636437
527.0,0.02221617651953056
528.0,0.02265520492393738
529.0,0.023080546364150873
530.0,0.023497152723727297
531.0,0.023939272619255065
532.0,0.02440021217250892
533.0,0.024868172452774576
534.0,0.025335928701983812
535.0,0.025792061283259633
536.0,0.026234753021255303
537.0,0.026670286467871285
538.0,0.02710317620721623
539.0,0.027522891431544884
540.0,0.02793044341707256
541.0,0.028326815184429237
542.0,0.028689026780140292
543.0,0.029013758379191172
544.0,0.029318055953600635
545.0,0.029592183898950013
546.0,0.02983171176496601
547.0,0.030039315943983153
548.0,0.030218204857128478
549.0,0.030373527481689793
550.0,0.030507975598912235
551.0,0.03062786438019936
552.0,0.03073460094690337
553.0,0.03082507590744098
554.0,0.03089613220426632
555.0,0.030945002689953028
556.0,0.03097209452070949
557.0,0.0309817605687856
558.0,0.030970436432642336
559.0,0.030933780895602427
560.0,0.030871385034517345
561.0,0.03078408973754665
562.0,0.030674388305493884
563.0,0.03054490754615613
564.0,0.030395074482451028
565.0,0.030219158004284253
566.0,0.030024168815191654
567.0,0.02981492954123921
568.0,0.029579703568080644
569.0,0.029317122474930846
570.0,0.029032723496166625
571.0,0.028733607001795298
572.0,0.028429284342433102
573.0,0.028113762106655255
574.0,0.027787284244377826
575.0,0.02745524967136969
576.0,0.027113989653836556
577.0,0.02676046601763914
578.0,0.026393366677345837
579.0,0.026012127062897815
580.0,0.02561922777084961
581.0,0.025212563371380625
582.0,0.024791651761971588
583.0,0.024357670363974713
584.0,0.023920456365314785
585.0,0.02348206047420666
586.0,0.023036902490767487
587.0,0.022585959498412238
588.0,0.022124986368759415
589.0,0.021652661641958785
590.0,0.02117909140214103
591.0,0.02071471717760543
592.0,0.020249533842881615
593.0,0.019760616606222785
594.0,0.019244478572309463
595.0,0.018696526788827987
596.0,0.018113236911300644
597.0,0.017505132794695333
598.0,0.016886845254081698
599.0,0.016290531183520585
600.0,0.015751692624532534
601.0,0.015300753670498435
602.0,0.014928679065837997
603.0,0.014631238442857561
604.0,0.01439592653913763
605.0,0.014205428979384632
606.0,0.014045839494327231
607.0,0.013905535005918887
608.0,0.013773262260909334
609.0,0.013643763585953188
610.0,0.013514821565475043
611.0,0.013385849285969814
612.0,0.013258726193423215
613.0,0.013135009676523332
614.0,0.01301260715199579
615.0,0.012895869648202435
616.0,0.012781518891067337
617.0,0.012665617361810214
618.0,0.012560827130285886
619.0,0.012470942103749563
620.0,0.012387123040613384
621.0,0.012307307150181081
622.0,0.012232102238110538
623.0,0.01216477362195665
624.0,0.012104917872836792
625.0,0.012044475517986404
626.0,0.011991224791230876
627.0,0.011947435947509683
628.0,0.011907827205912292
629.0,0.011875387695636936
630.0,0.011856643978543824
631.0,0.011843584664558173
632.0,0.011831967551358636
633.0,0.011825013906145241
634.0,0.01182794708956649
635.0,0.011839562726983485
636.0,0.01185099676797115
637.0,0.011862012347959085
638.0,0.011883571925032364
639.0,0.01190496679359569
640.0,0.01192121959602128
641.0,0.011934948991175039
642.0,0.011939625064339661
643.0,0.011928240591047665
644.0,0.011909700928007649
645.0,0.011888584665401759
646.0,0.011860612201493554
647.0,0.011824037059758537
648.0,0.011775800646483982
649.0,0.011714901207084353
650.0,0.011637865318486557
651.0,0.011526406971823625
652.0,0.011394943413964628
653.0,0.011247207956789896
654.0,0.01108501140419809
655.0,0.010887379562564675
656.0,0.010646117653816544
657.0,0.010357849525149843
658.0,0.010063164110842873
659.0,0.009797931451843166
660.0,0.009545458213212035
661.0,0.009310108150500086
662.0,0.009085752587029313
663.0,0.008866568016425661
664.0,0.00864859476012966
665.0,0.008447243431155372
666.0,0.008260905994786962
667.0,0.008085142529166478
668.0,0.007925949790330563
669.0,0.007788100049318697
670.0,0.007670060736403139
671.0,0.007575295904499076
672.0,0.00750598796796173
673.0,0.007440925646448783
674.0,0.007374610760488662
675.0,0.007330204460995388
676.0,0.007305783514753819
677.0,0.0072922748928796795
678.0,0.007295400339318923
679.0,0.007321463671261237
680.0,0.007379786510192124
681.0,0.0074643436397801
682.0,0.007578019047467089
683.0,0.007712375093338351
684.0,0.007871830192933322
685.0,0.008077570681447295
686.0,0.00832650481358536
687.0,0.00859819759932728
688.0,0.008816179769640272
689.0,0.0090080831815845
690.0,0.009202929910822583
691.0,0.00939709764219314
692.0,0.009588374446055155
693.0,0.009778134101815054
694.0,0.009953570290395251
695.0,0.01010323869612165
696.0,0.010226514868970969
697.0,0.010318918505915837
698.0,0.010378651935118659
699.0,0.010409002513795191
700.0,0.010410173479919297
701.0,0.010385760402247191
702.0,0.010327934063507462
703.0,0.0102414453901501
704.0,0.010123454020365652
705.0,0.009976506922290409
706.0,0.009814148626646221
707.0,0.00962572448498671
708.0,0.009411280409918765
709.0,0.009177135903661735
710.0,0.008923188462619127
711.0,0.008654427850499826
712.0,0.008372154061598256
713.0,0.00807886656816352
714.0,0.007781747050657259
715.0,0.00749226202768589
716.0,0.007204588157088269
717.0,0.006915809360876675
718.0,0.0066216741735172875
719.0,0.006346692728393624
720.0,0.006086558317932137
721.0,0.005848108205076973
722.0,0.005614066280329648
723.0,0.005376235462186476
724.0,0.005138268864304322
725.0,0.004903537606245087
726.0,0.004671466856345632
727.0,0.004427406977253569
728.0,0.004181993923158599
729.0,0.0039396052405033435
730.0,0.0037003908835185452
731.0,0.0034849732763232244
732.0,0.0033012598217669214
733.0,0.0031483267506877874
734.0,0.0030225923078453245
735.0,0.0029113081306322407
736.0,0.0028223155287126047
737.0,0.0027571930027693956
738.0,0.0027140725228430055
739.0,0.0026869048879497462
740.0,0.002660466677241408
741.0,0.002636078290064758
742.0,0.002618104060997297
743.0,0.002609724462341122
744.0,0.002600217122533466
745.0,0.0025911886636639635
746.0,0.0025897660103527727
747.0,0.002585686163693211
748.0,0.002569930928983318
749.0,0.002557377763935122
750.0,0.0025492359994735755
751.0,0.0025416515041046988
752.0,0.0025354664095438117
753.0,0.0025327471857043565
754.0,0.0025226625338287687
755.0,0.0025125111599800846
756.0,0.0025112039983480115
757.0,0.0025083138447686976
758.0,0.002498288823564755
759.0,0.0024869365955325655
760.0,0.002470680310329889
761.0,0.002448361604352164
762.0,0.0024342248008029483
763.0,0.002427308131107192
764.0,0.0024382774644542858
765.0,0.002457509457688192
766.0,0.002473398436522503
767.0,0.002490270155469557
768.0,0.0025051486716790037
769.0,0.0025071232893176887
770.0,0.0025159801827404514
771.0,0.002529656225506444
772.0,0.002533383911849412
773.0,0.00254150532423172
774.0,0.002554446915927078
775.0,0.0025648232235613334
776.0,0.002573833676868794
777.0,0.0025855604175918593
778.0,0.0025984880632355213
779.0,0.002613031468577086
780.0,0.0026334473439539345
781.0,0.0026543234835135956
782.0,0.00267762499295449
783.0,0.0026890586698926446
784.0,0.002699835073077405
785.0,0.0027199145169260496
786.0,0.002742789814471438
787.0,0.00276451865365898
788.0,0.0027810115898227474
789.0,0.0028009885652334433
790.0,0.0028279086209970885
791.0,0.002853729172507832
792.0,0.002883232449277941
793.0,0.0029082985942006324
794.0,0.002937022038705865
795.0,0.0029660415958800306
796.0,0.0029816426672125123
797.0,0.0030027431659345924
798.0,0.003032172681374041
799.0,0.003048295595451083
800.0,0.00306261279179252
801.0,0.003084218765483901
802.0,0.0030961096542590776
803.0,0.0031019641563909497
804.0,0.0031217313155285403
805.0,0.003136597623832344
806.0,0.0031354860312780793
807.0,0.0031248815202467805
808.0,0.003110210706472617
809.0,0.0030891647557300234
810.0,0.003063885299278755
811.0,0.003038545413813945
812.0,0.003002324091745527
813.0,0.002952194132027974
814.0,0.002904132497155447
815.0,0.002881114254453579
816.0,0.0028601803937533705
817.0,0.0028041918896436844
818.0,0.002746412643393633
819.0,0.0027028998969905096
820.0,0.0026496240088832125
821.0,0.0025849102185994868
822.0,0.002512693863110084
823.0,0.002428157910489016
824.0,0.002331197384152977
825.0,0.002244847684413614
826.0,0.0021490947721621466
827.0,0.0020411783506861115
828.0,0.001943529995533896
829.0,0.0018530157579547467
830.0,0.0017784618041509239
831.0,0.0017122497660837829
832.0,0.0016490279843730052
833.0,0.0015872926919387824
834.0,0.0015352870131827923
835.0,0.0014987412093168122
836.0,0.0014838364414037685
837.0,0.0014677545416670647
838.0,0.0014493657370853227
839.0,0.0014234228464710297
840.0,0.0013933180185207671
841.0,0.0013900677305165774
842.0,0.0013845499990629072
843.0,0.0013636502132084328
844.0,0.001354134977359412
845.0,0.0013410336421917125
846.0,0.0013156194240747019
847.0,0.001300602237015012
848.0,0.0012976107609023607
849.0,0.0012986679003637639
850.0,0.0012892220580772908
851.0,0.0012678001225167588
852.0,0.001254029690053796
853.0,0.0012433556397190488
854.0,0.001224308686354363
855.0,0.0011976584708918512
856.0,0.0011785488646295097
857.0,0.0011949714334677905
858.0,0.001195717731485909
859.0,0.0011772457299948978
860.0,0.0011663346843040624
861.0,0.0011612962046621833
862.0,0.0011441343089400118
863.0,0.0011365596569220004
864.0,0.0011293182559627007
865.0,0.0011027291667532993
866.0,0.0010840354049234762
867.0,0.0010779989395685598
868.0,0.001055099407028304
869.0,0.0010335527620289266
870.0,0.0010375050571313333
871.0,0.0010390059937832607
872.0,0.001036033731883337
873.0,0.0010283857377975279
874.0,0.001006946106217471
875.0,0.000976466956586378
876.0,0.0009700195555842033
877.0,0.0009564721965836106
878.0,0.0009339680549821127
879.0,0.0009216143935762155
880.0,0.0009164516184813201
881.0,0.0009050014039855573
882.0,0.0008970939092105134
883.0,0.0008910905075116311
884.0,0.0008837889330288951
885.0,0.0008599753258720446
886.0,0.000827160584985853
887.0,0.0008199039001145448
888.0,0.0008112062675795501
889.0,0.0007809722313371538
890.0,0.0007582454881528521
891.0,0.0007546321757494626
892.0,0.0007289011581177961
893.0,0.000710862687713982
894.0,0.0006990782054701137
895.0,0.0006630333697169567
896.0,0.0006345923746159164
897.0,0.000635110828028725
898.0,0.0006117565392699555
899.0,0.00057047892214548
