/begin_header
/west_longitude=UNKNOWN
/south_latitude=NA
/north_latitude=UNKNOWN
/calibration_files=NA
/cruise=NA
/station=NA
/documents=NA
/data_type=NA
/affiliations=NOAA
/experiment=NA
/units=nm,dl
/start_date=2019-08-15
/end_date=NA
/missing=9999
/start_time=10:46:05
/data_file_name=NA
/cloud_percent=NA
/water_depth=NA
/data_status=NA
/east_longitude=NA
/wind_speed=NA
/secchi=NA
/measurement_depth=NA
/fields=wavelength,rrs
/delimiter=comma
/contact=NA
/end_time=NA
/wave_height=NA
/investigators=NA
/end_header@
325.0,0.010272586502115499
326.0,0.010199422856987325
327.0,0.010139106430143324
328.0,0.010108692861639606
329.0,0.01008239536993928
330.0,0.01001187118393674
331.0,0.00987671016411802
332.0,0.009840755595827016
333.0,0.009829113252231271
334.0,0.0096698579039249
335.0,0.009634269507505348
336.0,0.009705561842873302
337.0,0.009617263408553888
338.0,0.009536500368660567
339.0,0.009510933191217328
340.0,0.00947917261786613
341.0,0.009444766739213347
342.0,0.009420712926224064
343.0,0.00935135514844238
344.0,0.009267818331337184
345.0,0.009302063855379426
346.0,0.009282324500501232
347.0,0.00918385917696517
348.0,0.009117872158133243
349.0,0.00907537865231982
350.0,0.009036422316065138
351.0,0.00904759427118126
352.0,0.009069293096551703
353.0,0.008988989825423304
354.0,0.008942637607816205
355.0,0.008942460804568031
356.0,0.008888638508045114
357.0,0.008852897664066682
358.0,0.008842711236259855
359.0,0.008823626688944396
360.0,0.008795152714122487
361.0,0.00875939748532345
362.0,0.008727708193008102
363.0,0.0086956693946353
364.0,0.008669599227808437
365.0,0.008641630416196205
366.0,0.00861895537004292
367.0,0.008598243970607655
368.0,0.008581426162912287
369.0,0.008569278570574428
370.0,0.008557459462023619
371.0,0.008538652136395462
372.0,0.008527935443440613
373.0,0.00850602225046163
374.0,0.00846929595194336
375.0,0.008444552079672023
376.0,0.008448948659836825
377.0,0.008451753759299154
378.0,0.008420028223613468
379.0,0.008365602788851732
380.0,0.008394594502070465
381.0,0.008413332739679851
382.0,0.008389494657782345
383.0,0.008394459473012839
384.0,0.008395941678597701
385.0,0.008376991522288903
386.0,0.008370616866567544
387.0,0.008369665480116197
388.0,0.00830195833014526
389.0,0.008277538798486295
390.0,0.00831708432025888
391.0,0.008294503327032774
392.0,0.008260750446593721
393.0,0.008275752237813471
394.0,0.008289122517557456
395.0,0.00828344264231267
396.0,0.008250578814766263
397.0,0.008213920373757715
398.0,0.008189121845102489
399.0,0.008172392774312446
400.0,0.008160685974945653
401.0,0.008153966433230606
402.0,0.008145032854384924
403.0,0.008132306732084305
404.0,0.008131663556311206
405.0,0.008132197310607808
406.0,0.008126143122495013
407.0,0.008113621387623188
408.0,0.008102276144099817
409.0,0.008095398291559116
410.0,0.008094108950066342
411.0,0.008097247267032842
412.0,0.008099628286003054
413.0,0.008101281835122065
414.0,0.008099107448228757
415.0,0.00810679593986375
416.0,0.00811560041437501
417.0,0.008115958165499895
418.0,0.008121268708719894
419.0,0.008133759028070094
420.0,0.008148391403459654
421.0,0.008162784462712786
422.0,0.00817359050745191
423.0,0.008181051713870579
424.0,0.008188938186248577
425.0,0.008213400986803876
426.0,0.008233035397203856
427.0,0.008245375073693821
428.0,0.008273901609000772
429.0,0.008295550845394845
430.0,0.008298031549848837
431.0,0.008313017627459484
432.0,0.008332128934452418
433.0,0.008346917618755138
434.0,0.008364633031074906
435.0,0.008382173530591048
436.0,0.008392669078146304
437.0,0.008412703795338466
438.0,0.008449449681688637
439.0,0.008477980071700145
440.0,0.008502309369046949
441.0,0.008541348462663792
442.0,0.008582788284836145
443.0,0.008621662394626783
444.0,0.008661952713031548
445.0,0.008707858118589885
446.0,0.00876218877346328
447.0,0.008824657616052039
448.0,0.008885905769621434
449.0,0.008934705304189581
450.0,0.008983975163108168
451.0,0.009039532407763525
452.0,0.009097487116753488
453.0,0.009154990279329533
454.0,0.009211571357890571
455.0,0.00926134468275981
456.0,0.009308787605164615
457.0,0.009363898548854414
458.0,0.009411138790918485
459.0,0.009449170560869632
460.0,0.009503847633273764
461.0,0.009559939942697455
462.0,0.009600272783437471
463.0,0.009647159629926749
464.0,0.009702530545730698
465.0,0.009754617357428772
466.0,0.009807821839812695
467.0,0.00986509919788573
468.0,0.00991681166403344
469.0,0.009965803001261049
470.0,0.010024810835628183
471.0,0.010072059744274562
472.0,0.010109064780462284
473.0,0.01016082398431475
474.0,0.010215690502502029
475.0,0.01026400734758263
476.0,0.010311275393698093
477.0,0.010359771451623596
478.0,0.010400752592206974
479.0,0.010440698968756648
480.0,0.010483388338635503
481.0,0.010518021348073834
482.0,0.010556237588444258
483.0,0.010608203154920144
484.0,0.010656454142712123
485.0,0.010699648646897531
486.0,0.010748387626708683
487.0,0.010798166941124636
488.0,0.010840628138453616
489.0,0.010884618815904983
490.0,0.010928014993095893
491.0,0.010965611641551604
492.0,0.011017714081422984
493.0,0.011081628044405338
494.0,0.011141737086916738
495.0,0.011202436036589544
496.0,0.011265471670063566
497.0,0.011328186659407442
498.0,0.011396280615802811
499.0,0.01148005113624222
500.0,0.011565992896137349
501.0,0.011648247957356896
502.0,0.011731653880782475
503.0,0.0118135442185416
504.0,0.011890008386817242
505.0,0.011975013430245261
506.0,0.012065169788278299
507.0,0.012139825741348894
508.0,0.012207049179405943
509.0,0.012272373751147685
510.0,0.012343633712836597
511.0,0.012415418445978581
512.0,0.012486558015698118
513.0,0.012564269428086606
514.0,0.012653880266008877
515.0,0.012759994542548678
516.0,0.012874343902694582
517.0,0.012987913171825956
518.0,0.013106638435745768
519.0,0.013224772147330496
520.0,0.013332049254566575
521.0,0.013445982904203466
522.0,0.013567845025630224
523.0,0.013686804346934598
524.0,0.013803149126352702
525.0,0.013925923048701477
526.0,0.014055658706410925
527.0,0.014188371402960174
528.0,0.014312542491490013
529.0,0.014429163954274604
530.0,0.014542752487642224
531.0,0.014667800122405497
532.0,0.014793617065226661
533.0,0.014908013822704892
534.0,0.015020896020712864
535.0,0.01513292675081664
536.0,0.015246511041569818
537.0,0.015356855468589833
538.0,0.015463085946944089
539.0,0.015565046307605222
540.0,0.01566757689237961
541.0,0.01577158909068651
542.0,0.01586455291987501
543.0,0.015945593427364308
544.0,0.01602545600984064
545.0,0.016099754366365432
546.0,0.016164431495020334
547.0,0.01622562183498258
548.0,0.016283709906626868
549.0,0.016337839098515272
550.0,0.016392932219715647
551.0,0.016453010656253438
552.0,0.01651804383651457
553.0,0.01658656659867804
554.0,0.016658184856277812
555.0,0.016726274548783667
556.0,0.01678970742143269
557.0,0.016855296913634937
558.0,0.01691749213607417
559.0,0.01697369147954259
560.0,0.01702384689262259
561.0,0.017063252743711947
562.0,0.01708886817259206
563.0,0.017108952009158986
564.0,0.017126920322895832
565.0,0.017141590371359018
566.0,0.01714356046756485
567.0,0.0171300430992165
568.0,0.01711023940442731
569.0,0.017081108765873564
570.0,0.017040865279376042
571.0,0.016989153465807972
572.0,0.016927079902078306
573.0,0.016863378555905473
574.0,0.01678842716970139
575.0,0.016691725814443455
576.0,0.016582079136432247
577.0,0.016459314574993215
578.0,0.016317473836865992
579.0,0.01614900989122684
580.0,0.01595800005744218
581.0,0.0157565655909261
582.0,0.015543941550826595
583.0,0.015311147087674577
584.0,0.015069832009400994
585.0,0.014822227127135695
586.0,0.01456628949656671
587.0,0.014305037721236074
588.0,0.01403670163683573
589.0,0.013755782820929398
590.0,0.013461488313165852
591.0,0.013158268271568704
592.0,0.012853248221118736
593.0,0.012535355598466316
594.0,0.012193188843008476
595.0,0.011822016102694982
596.0,0.011422874931253015
597.0,0.010991560441719377
598.0,0.010542484254496045
599.0,0.010112784816100385
600.0,0.009725702932560323
601.0,0.009401544941640982
602.0,0.009139367701756437
603.0,0.008940249774141002
604.0,0.008803202989344104
605.0,0.008705931084252005
606.0,0.008631636100151583
607.0,0.008571727675436912
608.0,0.008519536274994565
609.0,0.008468575049364751
610.0,0.008418114317371784
611.0,0.008369667884355834
612.0,0.008325474918177554
613.0,0.008277927062252808
614.0,0.008225534268912134
615.0,0.008181123139033167
616.0,0.00813689921952178
617.0,0.008082674672337583
618.0,0.008031587118522105
619.0,0.007984862034264585
620.0,0.007936927463491441
621.0,0.007889713998564354
622.0,0.007855245331217623
623.0,0.007816864583814753
624.0,0.007773517597808211
625.0,0.007730525285689132
626.0,0.0076906787655838665
627.0,0.00765456973954728
628.0,0.007616553749807549
629.0,0.00757563928086014
630.0,0.007536548422462566
631.0,0.007503084726119708
632.0,0.007474039416230425
633.0,0.00744072958573465
634.0,0.007409620383364859
635.0,0.007383475963782804
636.0,0.007348555997830924
637.0,0.007310702365508172
638.0,0.007289425160511528
639.0,0.0072631136152359384
640.0,0.007223935313530475
641.0,0.007190507753568873
642.0,0.007151782372797143
643.0,0.007098823681154889
644.0,0.007053576965019704
645.0,0.007015759677379163
646.0,0.006958887385586819
647.0,0.0069024695044549765
648.0,0.00685633434587329
649.0,0.006801494896506477
650.0,0.006731139394530951
651.0,0.006643044958208479
652.0,0.006544034869886398
653.0,0.0064424535500768
654.0,0.006332567609125794
655.0,0.0062019888122722905
656.0,0.006045930091457168
657.0,0.005886798563307006
658.0,0.00574739430065629
659.0,0.005628631694651863
660.0,0.005523783427936328
661.0,0.00542992246354672
662.0,0.005352103534059128
663.0,0.005287843412365624
664.0,0.005229339051425254
665.0,0.0051714086851373875
666.0,0.005114207886658338
667.0,0.00507441625687232
668.0,0.0050344818018622515
669.0,0.004983593626061074
670.0,0.004958631067420112
671.0,0.004948573746184571
672.0,0.004920171870266252
673.0,0.0048930673998796945
674.0,0.004874881125223019
675.0,0.0048579623938906176
676.0,0.004838350732088112
677.0,0.00481975063880429
678.0,0.004808957162743728
679.0,0.00480178143725962
680.0,0.004787017535929401
681.0,0.004776030625407405
682.0,0.004776521435491857
683.0,0.004779108038509197
684.0,0.004776926862401612
685.0,0.00477367547983203
686.0,0.004774657611960926
687.0,0.0047720144448799165
688.0,0.004735797461378606
689.0,0.004683751683193051
690.0,0.004627355062568377
691.0,0.004564497186857718
692.0,0.004499217218381363
693.0,0.004437746588926216
694.0,0.0043702238836961435
695.0,0.004293612705471802
696.0,0.004214487322051603
697.0,0.004132497344796524
698.0,0.00403727080903091
699.0,0.00393730573724351
700.0,0.003836180581811184
701.0,0.0037366566945211863
702.0,0.00363326798193871
703.0,0.0035225113607727427
704.0,0.003419729066082165
705.0,0.0033177962228276765
706.0,0.0032066388179809746
707.0,0.003092374225297124
708.0,0.0029743303641945286
709.0,0.002860010285461421
710.0,0.0027502103563411076
711.0,0.0026430977262039915
712.0,0.0025344026548602414
713.0,0.0024246287600915026
714.0,0.0023114223014279885
715.0,0.0022092408275137688
716.0,0.002118732349191848
717.0,0.0020318101583490862
718.0,0.0019466656642604951
719.0,0.0018509225419961295
720.0,0.0017587810585188656
721.0,0.00168280079503262
722.0,0.001620052514360743
723.0,0.0015558419487036327
724.0,0.0014893350283275172
725.0,0.0014216494213092291
726.0,0.0013566891731414947
727.0,0.0012850364431267983
728.0,0.0012265866099451875
729.0,0.0011785110466375763
730.0,0.0011137759796003538
731.0,0.0010520438326274597
732.0,0.000999854652796176
733.0,0.0009571573841522104
734.0,0.0009217945190765798
735.0,0.0008954119990112978
736.0,0.0008689355054840309
737.0,0.0008443815744528033
738.0,0.0008382170057060552
739.0,0.0008328205833580323
740.0,0.0008199036917267012
741.0,0.0008136138574111509
742.0,0.0008116640219955918
743.0,0.0008052945804260647
744.0,0.0007993748744833799
745.0,0.0007975411494643769
746.0,0.000795747515391062
747.0,0.0007904351532302002
748.0,0.0007723142490927533
749.0,0.0007642666563925122
750.0,0.0007691762356392163
751.0,0.0007676921448098008
752.0,0.0007647103579794008
753.0,0.0007552477100785198
754.0,0.0007492382437506049
755.0,0.0007470449624794029
756.0,0.0007408387266541468
757.0,0.0007363975430114314
758.0,0.000738480430184234
759.0,0.0007322275120307052
760.0,0.0007209643468253397
761.0,0.0007322429589988737
762.0,0.0007111630218857913
763.0,0.0006849073596999104
764.0,0.0006979458135404553
765.0,0.0007066128671670716
766.0,0.0007068822923605147
767.0,0.0007134047278560839
768.0,0.0007193541392914033
769.0,0.0007110819534117635
770.0,0.0007116004958727155
771.0,0.0007198344402014789
772.0,0.0007203211899678268
773.0,0.0007175829671238291
774.0,0.0007176382461002958
775.0,0.0007190596641683905
776.0,0.0007211081853923247
777.0,0.0007236226662290914
778.0,0.0007200757873778327
779.0,0.000715758747615555
780.0,0.0007265668260790462
781.0,0.0007324093952019453
782.0,0.0007250719323658338
783.0,0.000726694048568405
784.0,0.0007294982284831622
785.0,0.0007242373116448926
786.0,0.0007300102847806237
787.0,0.0007477370683585175
788.0,0.0007508923134312616
789.0,0.0007493573251047077
790.0,0.0007483541139861113
791.0,0.0007559492999135124
792.0,0.0007666631355901109
793.0,0.0007719425873625303
794.0,0.000779820555907313
795.0,0.0007880049646277153
796.0,0.000781251044293734
797.0,0.0007785506557282667
798.0,0.0007840457762322426
799.0,0.0007980416925875049
800.0,0.000808308114896062
801.0,0.0007938748200983966
802.0,0.0007896408298678827
803.0,0.0007993131251864778
804.0,0.0008063675055776295
805.0,0.0008072506825652692
806.0,0.0008062296192813002
807.0,0.0008063245103056878
808.0,0.0008081162084518534
809.0,0.000799622412784603
810.0,0.0007888710767735358
811.0,0.0007765306580181571
812.0,0.0007583038966730374
813.0,0.000736028848409134
814.0,0.0007252948516058516
815.0,0.0007292036818617516
816.0,0.0007379933638892481
817.0,0.0007223102006450722
818.0,0.0007096163188748285
819.0,0.0007029754418746595
820.0,0.0006889557061588853
821.0,0.0006753581134704626
822.0,0.0006633180263717956
823.0,0.0006369917129709528
824.0,0.0006045002189335256
825.0,0.0005868637358147691
826.0,0.0005748046860806823
827.0,0.0005548167017134581
828.0,0.0005280612466180527
829.0,0.0005018067818150739
830.0,0.0004805028479803747
831.0,0.00046512475332678726
832.0,0.0004490734272048153
833.0,0.0004362791598794385
834.0,0.00042702189338062694
835.0,0.00042591406221971945
836.0,0.00041197215693737486
837.0,0.00040198555019163877
838.0,0.000410298763372454
839.0,0.00039882673284492056
840.0,0.0003804746164187586
841.0,0.00038369365574145425
842.0,0.00037881105142021157
843.0,0.0003680201532175372
844.0,0.00037117673121312073
845.0,0.0003707013204976207
846.0,0.00036012651066695816
847.0,0.0003605378781038365
848.0,0.0003691932020384023
849.0,0.0003465885219961478
850.0,0.0003391225526847701
851.0,0.00035958097306545837
852.0,0.00035080377213995284
853.0,0.00033799104894847944
854.0,0.0003268972818208118
855.0,0.00031407592949782965
856.0,0.0003066080442776031
857.0,0.0003083124976419664
858.0,0.00030677248214326387
859.0,0.00029609429517846186
860.0,0.00030756996116355396
861.0,0.00031952718916704103
862.0,0.0002890962490331027
863.0,0.00029405713878890866
864.0,0.00030518603878024116
865.0,0.00027807436626289497
866.0,0.00026319119102820207
867.0,0.00027064424882322966
868.0,0.0002776631178425775
869.0,0.0002770240949333761
870.0,0.0002751266494571868
871.0,0.0002660126834968542
872.0,0.00024481619763289846
873.0,0.0002519262847709521
874.0,0.0002578801518584445
875.0,0.00024686252653547075
876.0,0.0002387698066081135
877.0,0.00022982042730277996
878.0,0.00020201608171562755
879.0,0.00021905825840324642
880.0,0.0002565430427260688
881.0,0.0002515877401569547
882.0,0.00023978566496015452
883.0,0.00022732789538993064
884.0,0.00021304740811309574
885.0,0.000215093573508544
886.0,0.0002351079470803567
887.0,0.00021367544555505927
888.0,0.00018383616715247726
889.0,0.0001960834685513152
890.0,0.0001966580462436916
891.0,0.00018910109669135596
892.0,0.00019107988420694345
893.0,0.00016923978746615902
894.0,0.00013444606012843883
895.0,0.00012912122658586934
896.0,0.00011614894114757276
897.0,0.0001222257407053644
898.0,0.00016446164960491643
899.0,0.00018659256407848758
