/begin_header
/west_longitude=UNKNOWN
/south_latitude=NA
/north_latitude=UNKNOWN
/calibration_files=NA
/cruise=NA
/station=NA
/documents=NA
/data_type=NA
/affiliations=NOAA
/experiment=NA
/units=nm,dl
/start_date=2019-08-07
/end_date=NA
/missing=9999
/start_time=13:45:10
/data_file_name=NA
/cloud_percent=NA
/water_depth=NA
/data_status=NA
/east_longitude=NA
/wind_speed=NA
/secchi=NA
/measurement_depth=NA
/fields=wavelength,rrs
/delimiter=comma
/contact=NA
/end_time=NA
/wave_height=NA
/investigators=NA
/end_header@
325.0,0.007380570559186327
326.0,0.007447147104590409
327.0,0.007490583495965366
328.0,0.007492826988890723
329.0,0.007475079840478455
330.0,0.007491855367353495
331.0,0.007539395685471692
332.0,0.007597376301930696
333.0,0.0076311232347143435
334.0,0.007552729844216956
335.0,0.007572572079696645
336.0,0.007659434546422747
337.0,0.007674503214523017
338.0,0.007686464891532264
339.0,0.007679719174698135
340.0,0.007683106058622077
341.0,0.007722180230314067
342.0,0.007790589205467798
343.0,0.007847506652240441
344.0,0.007895663570607652
345.0,0.007951730801908537
346.0,0.00801802462149161
347.0,0.008076767491918907
348.0,0.00813067744587713
349.0,0.008190660594860257
350.0,0.008246977409056028
351.0,0.008289205068812514
352.0,0.00832110978806223
353.0,0.00835997695847524
354.0,0.008404251756271058
355.0,0.008449572667696702
356.0,0.008503988660888235
357.0,0.008550957896924841
358.0,0.008574929639052332
359.0,0.008604747155922552
360.0,0.008634839366879189
361.0,0.00867015893504561
362.0,0.008695172805358834
363.0,0.008709909304593106
364.0,0.0087243948884065
365.0,0.00874379084463499
366.0,0.008765229967942474
367.0,0.00878987179669636
368.0,0.00880604336603434
369.0,0.008808338408239655
370.0,0.00881902037901022
371.0,0.008841706525881845
372.0,0.008858771822111141
373.0,0.008873091777699932
374.0,0.00888252330835137
375.0,0.008906801316838641
376.0,0.008923169294703041
377.0,0.008932927075276334
378.0,0.008926020314942173
379.0,0.008917562497059961
380.0,0.008957668290624336
381.0,0.008984267471151395
382.0,0.008983917867764743
383.0,0.008993839003338205
384.0,0.009020747171213844
385.0,0.009081876343236971
386.0,0.009114083657545902
387.0,0.00911698016963319
388.0,0.00912110526607669
389.0,0.009130481401018917
390.0,0.009165837856346483
391.0,0.009197414701997735
392.0,0.009206521670375856
393.0,0.009214547398848137
394.0,0.009223873477911388
395.0,0.009229809410023826
396.0,0.009224052705841567
397.0,0.009218635712929777
398.0,0.009220792766088375
399.0,0.0092069069590636
400.0,0.009185990308204975
401.0,0.009180368801579755
402.0,0.009161640949909934
403.0,0.009133517182448541
404.0,0.009127905225124031
405.0,0.009115062137285863
406.0,0.009088937390833347
407.0,0.009071403749035926
408.0,0.00904789889926306
409.0,0.009014461257976525
410.0,0.00899254500055007
411.0,0.008976640485576452
412.0,0.008947806941776992
413.0,0.008928646636051068
414.0,0.008924187499940364
415.0,0.00892137902757829
416.0,0.008918658993682948
417.0,0.008912452166182755
418.0,0.008907549474956627
419.0,0.008908447762244512
420.0,0.00892371223994485
421.0,0.008940183225015693
422.0,0.00894588000269278
423.0,0.008952295576419031
424.0,0.00896017583428817
425.0,0.008970515140956413
426.0,0.0089854871005982
427.0,0.009001034446801925
428.0,0.009004625324418578
429.0,0.009004974965938642
430.0,0.009002120010723006
431.0,0.008997162008577761
432.0,0.00899009705175435
433.0,0.008978663788659231
434.0,0.008969634213585927
435.0,0.008966671332962115
436.0,0.0089727407993537
437.0,0.00898924599844116
438.0,0.009012598944813831
439.0,0.009044234369400052
440.0,0.009088455174422336
441.0,0.009148721635716124
442.0,0.009223756637949044
443.0,0.00931139743134699
444.0,0.009409520230281524
445.0,0.009522398944291745
446.0,0.009655257096290459
447.0,0.00979413118697088
448.0,0.009938996779601863
449.0,0.01008779565053286
450.0,0.01023688587825014
451.0,0.010385472625019463
452.0,0.01053516984826835
453.0,0.010680987606823516
454.0,0.010820130914676014
455.0,0.010953473115370557
456.0,0.01107601260663375
457.0,0.011179826984009423
458.0,0.011277012978253021
459.0,0.011370415208147798
460.0,0.011463967874699199
461.0,0.011551872855140387
462.0,0.011625210207953509
463.0,0.011703580587490986
464.0,0.011788206959559667
465.0,0.011868089473524478
466.0,0.011950672814308436
467.0,0.012036751156090103
468.0,0.012119640543738017
469.0,0.01220038560259642
470.0,0.012275867198738724
471.0,0.012350412055880281
472.0,0.012425757503547004
473.0,0.012493207909601253
474.0,0.012558440604647525
475.0,0.012625785049209476
476.0,0.012682074962571963
477.0,0.012735772736906781
478.0,0.01280267834919924
479.0,0.012862892608022517
480.0,0.012912623600787968
481.0,0.012969096179164785
482.0,0.013028983752443022
483.0,0.013091504346930394
484.0,0.013167255047013226
485.0,0.01325264365327911
486.0,0.013325446109294587
487.0,0.013402018493516249
488.0,0.01348521442048142
489.0,0.013557361393394293
490.0,0.013636210704154305
491.0,0.013740704706756332
492.0,0.013845726966480957
493.0,0.013953740270844159
494.0,0.01408148491822509
495.0,0.014217222422730352
496.0,0.014360249456952459
497.0,0.014519469179017867
498.0,0.014687491783137099
499.0,0.014857256439801852
500.0,0.015041229949919438
501.0,0.015239295892065467
502.0,0.01544220192677324
503.0,0.01564730808468611
504.0,0.01585524143750462
505.0,0.0160614975377845
506.0,0.01626528390461978
507.0,0.016470336317175083
508.0,0.01668079460131835
509.0,0.016898609617771357
510.0,0.017108108910875053
511.0,0.0173149955594241
512.0,0.017524414625532038
513.0,0.017751098289058995
514.0,0.01799878975922835
515.0,0.018262390730790272
516.0,0.01854383242937442
517.0,0.0188405962533575
518.0,0.019144436488967645
519.0,0.019450319511142865
520.0,0.019760302229896453
521.0,0.0200771041119995
522.0,0.020408172757246355
523.0,0.020761308061072715
524.0,0.021133111765127638
525.0,0.021518039590165898
526.0,0.021926210475321683
527.0,0.02235448372244989
528.0,0.022786395591809866
529.0,0.02321503834682012
530.0,0.02364323878109332
531.0,0.024086604510603758
532.0,0.02454532402479361
533.0,0.025017968211991547
534.0,0.025484229316042484
535.0,0.025935118532876604
536.0,0.02638432394939491
537.0,0.026825230207366647
538.0,0.02725882377303704
539.0,0.027686443670861725
540.0,0.02809767421109513
541.0,0.028484123496038995
542.0,0.028847649394819652
543.0,0.029182895708779244
544.0,0.02948480981283334
545.0,0.02975571465416597
546.0,0.029996717794833695
547.0,0.030206479372142596
548.0,0.03038806681004417
549.0,0.030543955731343598
550.0,0.030678334646488108
551.0,0.030796988248081764
552.0,0.03090333230189008
553.0,0.030991363726274368
554.0,0.031054235688952908
555.0,0.031100966526732325
556.0,0.031130715702569554
557.0,0.031129241642896006
558.0,0.03110515473657031
559.0,0.031062482055786073
560.0,0.03099052379088124
561.0,0.030894008660622703
562.0,0.030781462618469962
563.0,0.030644008114493644
564.0,0.030481873284864725
565.0,0.030302448794908628
566.0,0.0301012444774433
567.0,0.029878041071685353
568.0,0.029629074628961326
569.0,0.029354924472413058
570.0,0.02906655895265382
571.0,0.02876478741101331
572.0,0.028454808548417955
573.0,0.028136035796939775
574.0,0.02780740208719239
575.0,0.027474976015856755
576.0,0.027133490955089733
577.0,0.026782290849289514
578.0,0.02642241644381474
579.0,0.026044457175853207
580.0,0.025648485141483247
581.0,0.025247588468821035
582.0,0.024838455263319147
583.0,0.02441304410511215
584.0,0.02398030466096028
585.0,0.023542634894532923
586.0,0.023095001440790262
587.0,0.02264015474624491
588.0,0.02217483565190513
589.0,0.021700040844356807
590.0,0.021225843951198628
591.0,0.020761042641580588
592.0,0.02029620604398414
593.0,0.01981221248222892
594.0,0.019309042455610763
595.0,0.018776037816719764
596.0,0.018204726484726916
597.0,0.017611523350047564
598.0,0.0170128520164264
599.0,0.016433143449523093
600.0,0.01590527014917306
601.0,0.015454453069670821
602.0,0.015078577459196451
603.0,0.01477886459365867
604.0,0.01455449857115326
605.0,0.01436968079072679
606.0,0.014203985701137772
607.0,0.014056558320952225
608.0,0.013918931849631225
609.0,0.013785258900486283
610.0,0.013652905381057573
611.0,0.013519130352843346
612.0,0.013384870187766035
613.0,0.01325548230709327
614.0,0.013133144889813356
615.0,0.013012747061007338
616.0,0.012893113523597515
617.0,0.01278244412483506
618.0,0.012673963961626622
619.0,0.012568338691325223
620.0,0.012481777477096096
621.0,0.012402818332869266
622.0,0.012326318771684863
623.0,0.012257121885815764
624.0,0.012193603940292112
625.0,0.012132736270630488
626.0,0.01206897348802731
627.0,0.01200926429419631
628.0,0.01197106590862303
629.0,0.01194699395351549
630.0,0.011922033304569219
631.0,0.011902543250029804
632.0,0.011890325312976246
633.0,0.011890844937071845
634.0,0.011898587703451414
635.0,0.011910849688600596
636.0,0.011926333303866662
637.0,0.011942545719814266
638.0,0.011955690164761206
639.0,0.011974092581309066
640.0,0.011997771582731225
641.0,0.012007095461531784
642.0,0.012008817714710216
643.0,0.01201096621083938
644.0,0.011997428034002826
645.0,0.01196527705106913
646.0,0.01191918526013555
647.0,0.011871363870992021
648.0,0.011827520590173442
649.0,0.011767227419926366
650.0,0.01168648528949639
651.0,0.011570376807297457
652.0,0.01143389766227233
653.0,0.011283173060763383
654.0,0.011126865967079494
655.0,0.010930405259452046
656.0,0.010673605694280863
657.0,0.010374421406822827
658.0,0.010077741027350564
659.0,0.009814323273562912
660.0,0.009558687282449905
661.0,0.009310182358273692
662.0,0.009078709994996517
663.0,0.008856638364701975
664.0,0.008632025981818505
665.0,0.008418687214142687
666.0,0.008222153778036086
667.0,0.008042957933056255
668.0,0.00788190872034503
669.0,0.007739025869853841
670.0,0.007621570277518419
671.0,0.007528186140036333
672.0,0.007437942309819884
673.0,0.00736466313978539
674.0,0.007310119281839732
675.0,0.007261983564943783
676.0,0.007227276605067096
677.0,0.0072139938204078035
678.0,0.0072208881382827645
679.0,0.007248030268720354
680.0,0.007295906726583185
681.0,0.007378885992382532
682.0,0.007497793097897078
683.0,0.007628728762214476
684.0,0.007780365723072903
685.0,0.007995106840594261
686.0,0.008241210839734961
687.0,0.008493320927829454
688.0,0.008709028012046708
689.0,0.008905790645833845
690.0,0.009111545447092964
691.0,0.009316164423633196
692.0,0.00951866124606909
693.0,0.009716246960653681
694.0,0.009907802013295596
695.0,0.010080491266162367
696.0,0.010214671589093869
697.0,0.010314329443278158
698.0,0.010377380379031385
699.0,0.010411964694524085
700.0,0.010421889621649014
701.0,0.010403752485929278
702.0,0.010362996112694983
703.0,0.010295698086718161
704.0,0.010184974530131256
705.0,0.010048106728326088
706.0,0.009899530414487
707.0,0.009720228097490612
708.0,0.009508966707107418
709.0,0.009279122333008254
710.0,0.009033992670815835
711.0,0.008770793712708651
712.0,0.008486106754261343
713.0,0.00819173407835556
714.0,0.007884410766907358
715.0,0.0075718785493758736
716.0,0.0072506397623928204
717.0,0.006934829363134951
718.0,0.0066250546030967635
719.0,0.006349629888527502
720.0,0.006106278192939772
721.0,0.005882845588598252
722.0,0.005638768229475264
723.0,0.005389896829750558
724.0,0.005147677133835305
725.0,0.004906160637190753
726.0,0.004672658422208088
727.0,0.004430017043186073
728.0,0.004186920422811776
729.0,0.003948213543693588
730.0,0.0037134944749642206
731.0,0.0035029786211737495
732.0,0.0033315533938815278
733.0,0.0031824767525412924
734.0,0.0030518488114131695
735.0,0.0029386450796703083
736.0,0.0028517449625166517
737.0,0.002790403227353289
738.0,0.002745556428495775
739.0,0.002716087247740163
740.0,0.0026976847875814767
741.0,0.002680402632712473
742.0,0.0026638061884921385
743.0,0.0026627943494087402
744.0,0.0026577625131806322
745.0,0.002646205654425536
746.0,0.0026340055596823313
747.0,0.002626380392605262
748.0,0.002621896948595542
749.0,0.002612295109127035
750.0,0.002598731339144179
751.0,0.0025982992306516363
752.0,0.00259320039154847
753.0,0.002581000922060489
754.0,0.0025730512280377907
755.0,0.002567278584546072
756.0,0.0025653610492998094
757.0,0.0025496292946647903
758.0,0.002516772095799082
759.0,0.002479949939159229
760.0,0.0024315610903988157
761.0,0.0023786578573107733
762.0,0.002363378275791678
763.0,0.0023758376048064614
764.0,0.0023963023973793103
765.0,0.002431429581512101
766.0,0.002473273761370221
767.0,0.002500653205915355
768.0,0.0025213172893881496
769.0,0.002533273587530319
770.0,0.002542653207222926
771.0,0.002554394584363105
772.0,0.0025712087578255946
773.0,0.002585797624490701
774.0,0.0025909864958292804
775.0,0.0025984321589834934
776.0,0.002613664737916449
777.0,0.002634496629594472
778.0,0.0026484527935567445
779.0,0.002655771856605723
780.0,0.0026620077172869495
781.0,0.0026771976778730963
782.0,0.002704027696840179
783.0,0.0027267558529889724
784.0,0.002742894529689876
785.0,0.0027561892441153773
786.0,0.0027679421533074334
787.0,0.0027827829572776583
788.0,0.002804800003799199
789.0,0.0028261806379373095
790.0,0.0028490498380033405
791.0,0.002878586565976705
792.0,0.002908985240997307
793.0,0.002934249509162201
794.0,0.002960818235904632
795.0,0.0029853922314835553
796.0,0.0030067914517821425
797.0,0.0030245415868420866
798.0,0.003041145264319862
799.0,0.0030584891778624897
800.0,0.0030738522863103307
801.0,0.003095453076463139
802.0,0.0031146710020436615
803.0,0.003127669062471125
804.0,0.003144019560901107
805.0,0.0031493814389248476
806.0,0.0031413221046464553
807.0,0.003131223470977573
808.0,0.0031171154182136835
809.0,0.0030925231357656503
810.0,0.003068846224959619
811.0,0.003040982725784689
812.0,0.002990449726768265
813.0,0.0029384465824909556
814.0,0.0028949651967909644
815.0,0.0028429052432569794
816.0,0.0027925564863247715
817.0,0.0027501204563435953
818.0,0.002707605675803317
819.0,0.002664780961606127
820.0,0.002613996684816358
821.0,0.002547010640975525
822.0,0.002460274448122505
823.0,0.002383700891859599
824.0,0.002305275282532703
825.0,0.0022028722864816997
826.0,0.0021014050981631
827.0,0.002006965644604726
828.0,0.0018977839030777936
829.0,0.0017957509120410536
830.0,0.0017290275973368113
831.0,0.0016567311605088838
832.0,0.001575919263814703
833.0,0.0015278224178594212
834.0,0.0014872843396418675
835.0,0.0014482031662274946
836.0,0.0014240829862109791
837.0,0.0014123538600509596
838.0,0.0013899113604832042
839.0,0.0013689205474087768
840.0,0.0013563904074749143
841.0,0.0013488777211723814
842.0,0.0013373927923514555
843.0,0.0013183723641307854
844.0,0.0013046721685470023
845.0,0.0013005724688190993
846.0,0.0013025574531536374
847.0,0.0012909734574328977
848.0,0.001264294781520963
849.0,0.001249014566004703
850.0,0.0012323696504460688
851.0,0.0012060284864111293
852.0,0.0011851683512604607
853.0,0.001178880334611472
854.0,0.0011828567230885883
855.0,0.0011736848932633582
856.0,0.001159668224340857
857.0,0.0011605051192067352
858.0,0.0011443703455467178
859.0,0.0011158521147885659
860.0,0.0011024626822209757
861.0,0.0010948886178527408
862.0,0.0010808974406406678
863.0,0.001081893248850533
864.0,0.0010817610314654757
865.0,0.0010592727333593535
866.0,0.0010417248785560094
867.0,0.0010336110012467029
868.0,0.0010020057565445018
869.0,0.0009791879147617636
870.0,0.0009686313404590893
871.0,0.0009669139990495141
872.0,0.0009567009491811771
873.0,0.0009424596716961912
874.0,0.0009335547001874502
875.0,0.0009241793864386925
876.0,0.0009047201573165311
877.0,0.0008814880575019135
878.0,0.0008506627646664549
879.0,0.0008416391438580579
880.0,0.0008405715530173311
881.0,0.00083709299003011
882.0,0.0008091359186164805
883.0,0.0007693400006634577
884.0,0.0007557608592425151
885.0,0.0007452196603913629
886.0,0.0007278928554518755
887.0,0.0007210110856369302
888.0,0.0007100314743691551
889.0,0.0006897980209417006
890.0,0.0006633312879812701
891.0,0.0006282271871692229
892.0,0.0006240821660955946
893.0,0.0006190113827647123
894.0,0.000603426291001698
895.0,0.0005716392397631619
896.0,0.0005350918299599282
897.0,0.0005102612413364776
898.0,0.00047173416694091885
899.0,0.0004385094790494248
