/begin_header
/west_longitude=UNKNOWN
/south_latitude=NA
/north_latitude=UNKNOWN
/calibration_files=NA
/cruise=NA
/station=NA
/documents=NA
/data_type=NA
/affiliations=NOAA
/experiment=NA
/units=nm,dl
/start_date=2019-08-16
/end_date=NA
/missing=9999
/start_time=13:34:47
/data_file_name=NA
/cloud_percent=NA
/water_depth=NA
/data_status=NA
/east_longitude=NA
/wind_speed=NA
/secchi=NA
/measurement_depth=NA
/fields=wavelength,rrs
/delimiter=comma
/contact=NA
/end_time=NA
/wave_height=NA
/investigators=NA
/end_header@
325.0,0.013741844836561304
326.0,0.013633266926425733
327.0,0.013653656420046864
328.0,0.01381582159206888
329.0,0.01388856271691134
330.0,0.013884572907344869
331.0,0.013881422256908934
332.0,0.013882583564375661
333.0,0.013877195045229385
334.0,0.01382399118391212
335.0,0.013810984576387802
336.0,0.01381366645657372
337.0,0.013667332626608634
338.0,0.013609285199930035
339.0,0.013622849338812467
340.0,0.013585100219985255
341.0,0.01355293315316181
342.0,0.013568246594592926
343.0,0.013569335549358602
344.0,0.0135797805910978
345.0,0.013662929511511632
346.0,0.013646882375216551
347.0,0.01354509273108872
348.0,0.013548175793128146
349.0,0.013597631656869804
350.0,0.013598634176163304
351.0,0.013603488231144531
352.0,0.013601734183697589
353.0,0.013613202081530074
354.0,0.013646931685100847
355.0,0.013675667488403565
356.0,0.013676648066876124
357.0,0.013678912294904071
358.0,0.01367305244609228
359.0,0.01364448257509628
360.0,0.013602421971600354
361.0,0.013566389215876115
362.0,0.013537962392911546
363.0,0.01351352318007856
364.0,0.013479607494245344
365.0,0.013463444683377063
366.0,0.013491693056425605
367.0,0.013470741052400398
368.0,0.01344795473558592
369.0,0.013473182561883429
370.0,0.013485654787515977
371.0,0.01346890680705177
372.0,0.013404616883151477
373.0,0.013341861315512701
374.0,0.01328817407541338
375.0,0.013222282792268353
376.0,0.013163089347225635
377.0,0.013140709435704579
378.0,0.01312397427368837
379.0,0.013106567708063396
380.0,0.013106782953450108
381.0,0.013098631445118941
382.0,0.013070717830909531
383.0,0.01303602838982569
384.0,0.012983547586208649
385.0,0.012910502866868687
386.0,0.012826149356099856
387.0,0.012766279921462172
388.0,0.012782498689010314
389.0,0.012809407701159034
390.0,0.012794509693450164
391.0,0.012753478290459414
392.0,0.012705622748276042
393.0,0.012669475945822403
394.0,0.01261693142873889
395.0,0.01255046750752276
396.0,0.012464940070106876
397.0,0.012381667079018232
398.0,0.012321500694488393
399.0,0.012279577249333075
400.0,0.012248373739648667
401.0,0.012204512447566564
402.0,0.012166315120904108
403.0,0.012128712824934792
404.0,0.012058125495632743
405.0,0.01198468045312789
406.0,0.011910397322453282
407.0,0.011806395368884115
408.0,0.01169420410692823
409.0,0.011608751565141066
410.0,0.011531330242867814
411.0,0.011454259754167079
412.0,0.011375424618623415
413.0,0.011306284841633412
414.0,0.011256658144020753
415.0,0.01120064359766983
416.0,0.011139332455396467
417.0,0.011095378564186641
418.0,0.011070976111993014
419.0,0.011054449019878069
420.0,0.01100400871993452
421.0,0.010960229943984202
422.0,0.010940704405192136
423.0,0.010915707916753462
424.0,0.010889880784596923
425.0,0.010864997725036405
426.0,0.01083608276383959
427.0,0.010806351594505884
428.0,0.01077222079349679
429.0,0.010728365116175578
430.0,0.010673514582537527
431.0,0.010607150123395744
432.0,0.010544679786108799
433.0,0.010513965586669402
434.0,0.010484552201972823
435.0,0.01045333104620273
436.0,0.010437026845788181
437.0,0.01042956921378498
438.0,0.01042523149141832
439.0,0.010437795554610437
440.0,0.010470917797685417
441.0,0.010514390269914273
442.0,0.010576781877961197
443.0,0.010659718193234047
444.0,0.010759132971858433
445.0,0.010870859846208388
446.0,0.010994059003665646
447.0,0.01112821154319717
448.0,0.011270514673612309
449.0,0.011423376325637866
450.0,0.011580186451190239
451.0,0.011735618902132384
452.0,0.011876108325072434
453.0,0.012008821648230073
454.0,0.012140244800427443
455.0,0.01226017455857448
456.0,0.01237031707898444
457.0,0.012473554846089557
458.0,0.012566777313212995
459.0,0.012653152890750006
460.0,0.01273141978320495
461.0,0.012808774638571205
462.0,0.012891336709311826
463.0,0.012964021879409945
464.0,0.013032524080589409
465.0,0.013108652439065605
466.0,0.01317991945335632
467.0,0.013244883899466195
468.0,0.013311930076278903
469.0,0.013384153707824378
470.0,0.013458265004390766
471.0,0.013519944483441695
472.0,0.013566583102273225
473.0,0.013621540631850277
474.0,0.013670097945160775
475.0,0.013709482834436298
476.0,0.013745305119796125
477.0,0.013779891831829094
478.0,0.013817168918401488
479.0,0.013857631623187861
480.0,0.013897026654866525
481.0,0.013935272396950586
482.0,0.013979306605684628
483.0,0.014037437559054195
484.0,0.014085221008116914
485.0,0.014130547971668798
486.0,0.01419865946291649
487.0,0.014283859643471212
488.0,0.014382401514667706
489.0,0.014474823408029136
490.0,0.01456821242568446
491.0,0.014665808699519039
492.0,0.014777994985047787
493.0,0.014912652792466266
494.0,0.015068111905103158
495.0,0.015230552814567488
496.0,0.015393556535026142
497.0,0.015567486467524705
498.0,0.015754227660760796
499.0,0.015945807872338826
500.0,0.016150056243442415
501.0,0.016365556008926304
502.0,0.016593932751101152
503.0,0.0168208222327795
504.0,0.017035839239838948
505.0,0.017255313023585447
506.0,0.0174820987243235
507.0,0.017696662602313857
508.0,0.017907417788519498
509.0,0.018117235578176287
510.0,0.018321662002571147
511.0,0.01851918556138096
512.0,0.018712811659481247
513.0,0.01891953624510006
514.0,0.01914504852175294
515.0,0.019375814405149062
516.0,0.019625385455890793
517.0,0.019901692821325236
518.0,0.02017548631325609
519.0,0.02045622552178606
520.0,0.020759171238452813
521.0,0.021065703320041974
522.0,0.021383308442190496
523.0,0.02172716209170926
524.0,0.022092914726105747
525.0,0.022479016425103124
526.0,0.022898582812474002
527.0,0.023349345094491276
528.0,0.023816664467044814
529.0,0.024284822885874142
530.0,0.024756123632526515
531.0,0.02524393308445886
532.0,0.025756571228149776
533.0,0.026295603579802002
534.0,0.026841772740854614
535.0,0.027381510567718058
536.0,0.027917519327272416
537.0,0.0284498857062637
538.0,0.028977342915253203
539.0,0.029499987346577265
540.0,0.03002325106159155
541.0,0.030545112563518995
542.0,0.031045228781875017
543.0,0.03151477676479238
544.0,0.031954455891413554
545.0,0.03236984240578329
546.0,0.032762264810565406
547.0,0.03313928513090227
548.0,0.03349675594175298
549.0,0.03382902042399887
550.0,0.03413687701995137
551.0,0.034422933202701136
552.0,0.03468432708508119
553.0,0.0349280288423396
554.0,0.03516154285106663
555.0,0.035361525923021817
556.0,0.03552670235954926
557.0,0.03566739952119322
558.0,0.03577845865559791
559.0,0.03585649017451707
560.0,0.03590443704987869
561.0,0.03592136901598802
562.0,0.03589746763310529
563.0,0.03584108775036162
564.0,0.03575292790604743
565.0,0.0356272269142461
566.0,0.035465360552089494
567.0,0.03526881363844577
568.0,0.0350429197692964
569.0,0.03478468464060243
570.0,0.03449102909709454
571.0,0.03416069792858325
572.0,0.0338032976332175
573.0,0.03343048617735628
574.0,0.03303927608865255
575.0,0.032630006174711276
576.0,0.03220706943770682
577.0,0.03177107595273579
578.0,0.031313255624453896
579.0,0.03084327941509323
580.0,0.03036624267230802
581.0,0.029885243067158025
582.0,0.02939971893281244
583.0,0.028898137163246195
584.0,0.02839624188791322
585.0,0.02789953931652613
586.0,0.027389303929120166
587.0,0.026873340076184936
588.0,0.026356159545359293
589.0,0.025836758614869615
590.0,0.02533142486291138
591.0,0.024860057410032492
592.0,0.02439433928716015
593.0,0.02390017569659143
594.0,0.02338211527217664
595.0,0.022837933367955636
596.0,0.02226678999422394
597.0,0.02167129540032731
598.0,0.02106493120248085
599.0,0.02047351147822834
600.0,0.019920577904988763
601.0,0.019435142812721767
602.0,0.019021961338754882
603.0,0.018676446945161025
604.0,0.018388497802143425
605.0,0.01813566796847712
606.0,0.017905184180245438
607.0,0.017695368617562254
608.0,0.017489853760575276
609.0,0.01727308886878504
610.0,0.01706520654395201
611.0,0.016869612705503318
612.0,0.01667738089079613
613.0,0.016487036104329757
614.0,0.016299642584443056
615.0,0.016122877863391998
616.0,0.01595914259652201
617.0,0.015801872206945504
618.0,0.01565654095249466
619.0,0.015523082204913658
620.0,0.015399858597304472
621.0,0.01528614104821483
622.0,0.015177220293304806
623.0,0.015081003645696645
624.0,0.014998492856952067
625.0,0.014920816467914568
626.0,0.014847073466387578
627.0,0.01477723420991114
628.0,0.014727785750904518
629.0,0.014691987056277353
630.0,0.014666668056020533
631.0,0.014647428057189372
632.0,0.014633592861489728
633.0,0.01462804422284443
634.0,0.01464245911226116
635.0,0.014672825638871923
636.0,0.014708095491972181
637.0,0.014747789487335156
638.0,0.014803117733456916
639.0,0.014871453128628642
640.0,0.01494842542046168
641.0,0.015020694128291417
642.0,0.015084665356113464
643.0,0.015146408014922615
644.0,0.015202124136129966
645.0,0.015242523284210737
646.0,0.015247514756020934
647.0,0.01525354619773663
648.0,0.01526882881612852
649.0,0.0152399538909997
650.0,0.015169271770549147
651.0,0.015074331459506072
652.0,0.014953620838282736
653.0,0.014807921345298375
654.0,0.014653810584456306
655.0,0.014441537169575192
656.0,0.014137445385165866
657.0,0.01379072032270151
658.0,0.013443005335040165
659.0,0.013094867732197113
660.0,0.012761946269740568
661.0,0.012450548677547529
662.0,0.01214239585834954
663.0,0.01183682432341037
664.0,0.01154821199667537
665.0,0.011275454463681816
666.0,0.01102288334464584
667.0,0.010802514801877298
668.0,0.010614062351493207
669.0,0.01045707172649708
670.0,0.010348246038940238
671.0,0.010275253671511417
672.0,0.010215575619018754
673.0,0.010171756575797665
674.0,0.010147314490643216
675.0,0.010132685649854124
676.0,0.010138059467873753
677.0,0.01018409524057847
678.0,0.010251316377316714
679.0,0.01033867367327067
680.0,0.010457792582866634
681.0,0.01062471012302958
682.0,0.01084235160691791
683.0,0.011089063695854327
684.0,0.011374704039886862
685.0,0.01175654296716421
686.0,0.012203571667079522
687.0,0.012669452711300395
688.0,0.013042699482835454
689.0,0.013381758011065805
690.0,0.013758066909890879
691.0,0.014161589802818614
692.0,0.014579672275863131
693.0,0.01498727882302343
694.0,0.015366493130050313
695.0,0.015690074953332144
696.0,0.015948068182729962
697.0,0.016151517696922506
698.0,0.016305963153828665
699.0,0.016395885549508084
700.0,0.01641952205193479
701.0,0.01639203518602348
702.0,0.016308678673279363
703.0,0.016166500021869794
704.0,0.01598300511881421
705.0,0.0157554570324477
706.0,0.015476226886848538
707.0,0.015165681161959382
708.0,0.01482846544866274
709.0,0.014446075056449476
710.0,0.01402508159492701
711.0,0.013574496461667368
712.0,0.013120981083726549
713.0,0.012666720474634421
714.0,0.012193875670170249
715.0,0.011731221523072141
716.0,0.011269765285507204
717.0,0.010802936916200042
718.0,0.010324183794043016
719.0,0.009862327905858326
720.0,0.009432556550691959
721.0,0.009049139724363072
722.0,0.008708340655117507
723.0,0.00835035841898886
724.0,0.007956674585227776
725.0,0.007588295084592652
726.0,0.007234629332991694
727.0,0.006869874175591387
728.0,0.006504229885050059
729.0,0.00613462617261891
730.0,0.00575476451889506
731.0,0.00542239269690481
732.0,0.005158383389177505
733.0,0.004927763093526117
734.0,0.004726021897613502
735.0,0.004571305533285265
736.0,0.004439305535302954
737.0,0.004329219775897338
738.0,0.0042640860747688875
739.0,0.004222362552332793
740.0,0.004182715166589484
741.0,0.004156259222995387
742.0,0.00413492239246864
743.0,0.004103664988178027
744.0,0.0040795597853042894
745.0,0.004070102359370808
746.0,0.00405002323843639
747.0,0.004027573468168564
748.0,0.0040183295275688785
749.0,0.004008816478104871
750.0,0.0039922045961055435
751.0,0.003975800765260872
752.0,0.003959647746564132
753.0,0.003948552951162109
754.0,0.003946196108555532
755.0,0.003937920543469611
756.0,0.003918387241559001
757.0,0.0039025256769196623
758.0,0.003891426506126513
759.0,0.003888016508269852
760.0,0.0038696732430865202
761.0,0.003823088750703746
762.0,0.0037696349023485253
763.0,0.003748286906564015
764.0,0.0037571174031971535
765.0,0.0037796084057833412
766.0,0.0038052401963443575
767.0,0.0038175710472138588
768.0,0.0038312257408431452
769.0,0.0038474904291173765
770.0,0.003860704898673539
771.0,0.00387272424818996
772.0,0.00388136964715537
773.0,0.003893677811405264
774.0,0.003916086033547871
775.0,0.003927662468146321
776.0,0.003935533283728321
777.0,0.003958271275754509
778.0,0.003978292218608943
779.0,0.003995059691803668
780.0,0.004012374698327919
781.0,0.004032961148670221
782.0,0.004056611234621254
783.0,0.004080160586958537
784.0,0.004105869082347982
785.0,0.004129032709723866
786.0,0.00415263846653854
787.0,0.004178566955734831
788.0,0.004207925737827581
789.0,0.004243458882958346
790.0,0.004279503812074244
791.0,0.004306794467984072
792.0,0.004333414867996259
793.0,0.00437555004977807
794.0,0.004415848697124922
795.0,0.004445701077712776
796.0,0.004477971384365895
797.0,0.004506915770683082
798.0,0.004530333582419184
799.0,0.004553896069402831
800.0,0.004577131532487464
801.0,0.004592807708491077
802.0,0.004616641307594128
803.0,0.004646741105104803
804.0,0.004663843148838206
805.0,0.004664619789695207
806.0,0.004645292083902509
807.0,0.004629215185332326
808.0,0.004615740807393602
809.0,0.004589523423928014
810.0,0.004551682378654382
811.0,0.004501944908302887
812.0,0.004454121451787496
813.0,0.004402049725673936
814.0,0.0043426640002263385
815.0,0.0042843303231565304
816.0,0.004234759396471126
817.0,0.004172613473127494
818.0,0.004109389896301295
819.0,0.004047473309277557
820.0,0.003962958203733833
821.0,0.003867534834711874
822.0,0.0037552479158832566
823.0,0.0036313004012176993
824.0,0.003506584304874838
825.0,0.0033687575407107735
826.0,0.003222444279459899
827.0,0.0030768176118888047
828.0,0.002946326453471158
829.0,0.002820046090995707
830.0,0.0026972337175330623
831.0,0.0025996520485980145
832.0,0.002519817082608126
833.0,0.0024507495444243974
834.0,0.0023913278480877814
835.0,0.0023435347829424804
836.0,0.0023130602365973073
837.0,0.002289561355128279
838.0,0.0022544001886574206
839.0,0.002228695485446982
840.0,0.0022173562280606678
841.0,0.0021945806518035493
842.0,0.0021690331867727946
843.0,0.0021537851125436993
844.0,0.002150533340494698
845.0,0.00213298228212752
846.0,0.0020927582222012276
847.0,0.002088012278620885
848.0,0.0020931418758090474
849.0,0.0020589433111641306
850.0,0.0020384250768145126
851.0,0.002035716128881791
852.0,0.002000295091824396
853.0,0.001966175774193824
854.0,0.0019558196154402132
855.0,0.001937343060863139
856.0,0.0019157856789297975
857.0,0.0019070507391368181
858.0,0.0019068279983012319
859.0,0.0019078405803444492
860.0,0.0018934068696023869
861.0,0.0018790778405253727
862.0,0.0018540819673600474
863.0,0.0018320781663667882
864.0,0.001825372963914045
865.0,0.0018053822728112314
866.0,0.0017964624191979244
867.0,0.0018005871768978672
868.0,0.0017714251024754338
869.0,0.001732209165000297
870.0,0.0017167837860315159
871.0,0.0017201551852557254
872.0,0.0017162316843513388
873.0,0.0016814389658710786
874.0,0.001643200410745934
875.0,0.0016110492971243358
876.0,0.0015984663717417843
877.0,0.0015953254141635835
878.0,0.001583009510172239
879.0,0.0015597601005600237
880.0,0.0015310314204417836
881.0,0.001512838626766082
882.0,0.001491253737834514
883.0,0.0014658699440702446
884.0,0.0014364966259482427
885.0,0.0014278781243059928
886.0,0.0014314568864807694
887.0,0.0013994767952033155
888.0,0.0013668148952161129
889.0,0.0013503738196506796
890.0,0.0013320366007942928
891.0,0.0013107197630436082
892.0,0.0012803947685722608
893.0,0.0012448805852942374
894.0,0.001209262862843955
895.0,0.0011916499099528274
896.0,0.0011934216005670061
897.0,0.0011925049893166902
898.0,0.0011431105260027129
899.0,0.001074428584895223
