/begin_header
/west_longitude=UNKNOWN
/south_latitude=NA
/north_latitude=UNKNOWN
/calibration_files=NA
/cruise=NA
/station=NA
/documents=NA
/data_type=NA
/affiliations=NOAA
/experiment=NA
/units=nm,dl
/start_date=2019-08-16
/end_date=NA
/missing=9999
/start_time=12:38:20
/data_file_name=NA
/cloud_percent=NA
/water_depth=NA
/data_status=NA
/east_longitude=NA
/wind_speed=NA
/secchi=NA
/measurement_depth=NA
/fields=wavelength,rrs
/delimiter=comma
/contact=NA
/end_time=NA
/wave_height=NA
/investigators=NA
/end_header@
325.0,0.011769426325221401
326.0,0.011775239528998949
327.0,0.011744939512831188
328.0,0.011645232290185728
329.0,0.011648788112986672
330.0,0.011673839336049596
331.0,0.011670365988343989
332.0,0.01155470242631709
333.0,0.011445611751107207
334.0,0.011450264643443803
335.0,0.01144905072833328
336.0,0.011408443424836195
337.0,0.011354296469794444
338.0,0.011306478917812333
339.0,0.0112422331758848
340.0,0.011185757582890385
341.0,0.011166177175044586
342.0,0.011178898575521248
343.0,0.011145267182211687
344.0,0.011086332537160308
345.0,0.011079960336932797
346.0,0.011083406882852137
347.0,0.011047730478899618
348.0,0.011044821710773726
349.0,0.01104084610388142
350.0,0.011012139193660566
351.0,0.011006816835310304
352.0,0.01100299763690871
353.0,0.010973920035160548
354.0,0.01094995545028821
355.0,0.010949817687224889
356.0,0.010941261350231395
357.0,0.0109236577652943
358.0,0.01090483347374709
359.0,0.010879455612606104
360.0,0.010853273229845677
361.0,0.010824706601147227
362.0,0.010798477167044213
363.0,0.01076267400184273
364.0,0.010738200300659353
365.0,0.01071583509885568
366.0,0.010692344138809956
367.0,0.010666944981385231
368.0,0.010646046201647425
369.0,0.010617530039441573
370.0,0.010595087872162144
371.0,0.010572224324574057
372.0,0.010534587054629677
373.0,0.01049756862559024
374.0,0.010467119988969547
375.0,0.010418984010579457
376.0,0.010372772370344122
377.0,0.010372770404339685
378.0,0.010341137202913181
379.0,0.010274869795790623
380.0,0.010259317902826475
381.0,0.010256321045243905
382.0,0.010237733310624867
383.0,0.0102332018948554
384.0,0.01022391174629094
385.0,0.010197471553450294
386.0,0.010168118689638147
387.0,0.010141757083646022
388.0,0.010117787968676399
389.0,0.010094920604501675
390.0,0.010074590647647326
391.0,0.01007424416184915
392.0,0.010075694066316946
393.0,0.010036646163016867
394.0,0.009992543317943336
395.0,0.009954255329461465
396.0,0.009912904014756248
397.0,0.009868649541341033
398.0,0.0098323022406785
399.0,0.009796339480373024
400.0,0.009761266012031396
401.0,0.009731184375355193
402.0,0.0096995882991661
403.0,0.009666458470020466
404.0,0.009635357745851694
405.0,0.009593162287408115
406.0,0.009543176205840154
407.0,0.00950236093448377
408.0,0.00946498633414355
409.0,0.009424317730494779
410.0,0.009380893244622117
411.0,0.009341952968641515
412.0,0.009314891524976778
413.0,0.009288604737382683
414.0,0.009258561672517443
415.0,0.009233482581218182
416.0,0.009213663552490807
417.0,0.009194837846413863
418.0,0.009180523792601867
419.0,0.009170002388114861
420.0,0.009162700041636362
421.0,0.00915089747722363
422.0,0.009137754581826415
423.0,0.00913753606491123
424.0,0.009139473574099392
425.0,0.00913603510222161
426.0,0.009126811027369749
427.0,0.009116698861887963
428.0,0.009113334692419251
429.0,0.009106995928610074
430.0,0.009094585021186614
431.0,0.009077164284552491
432.0,0.009054054820907449
433.0,0.009025862377200964
434.0,0.009008131767772645
435.0,0.009002689724290395
436.0,0.009004409737031056
437.0,0.009008721364650746
438.0,0.009012198307076455
439.0,0.009026052840969943
440.0,0.009052169875297413
441.0,0.00909099172321057
442.0,0.009140153005420095
443.0,0.009198192383097778
444.0,0.00926969395736853
445.0,0.009350611309159627
446.0,0.009442126295717529
447.0,0.009541884826707384
448.0,0.009649151029053796
449.0,0.009760788566715303
450.0,0.009872409585378137
451.0,0.009982608393063325
452.0,0.010093332040160082
453.0,0.01020253638375836
454.0,0.010307528302926989
455.0,0.010408828254336349
456.0,0.010503452789553376
457.0,0.010582478756023231
458.0,0.010656319235608381
459.0,0.010731725193422314
460.0,0.010800093851757316
461.0,0.010863900230562303
462.0,0.010928475942949998
463.0,0.010998417007288198
464.0,0.011071886097272334
465.0,0.011138259962828797
466.0,0.011208935386814278
467.0,0.01128793112294886
468.0,0.01136618820262661
469.0,0.011440209285226018
470.0,0.011517032745246115
471.0,0.011599857090135404
472.0,0.011683761593708616
473.0,0.01175433148310827
474.0,0.011826600842188575
475.0,0.011904841665359548
476.0,0.011982124182792075
477.0,0.012055147018652245
478.0,0.01211985678232155
479.0,0.012180543414094743
480.0,0.012240603809784397
481.0,0.012304471659421296
482.0,0.012366441367607828
483.0,0.012420513252227946
484.0,0.012481865118947999
485.0,0.012549349074426513
486.0,0.012604937223189219
487.0,0.012656079086443766
488.0,0.012709052031878897
489.0,0.012761364586961194
490.0,0.012820883691490223
491.0,0.012890599254353943
492.0,0.012971091419386715
493.0,0.013059918832315618
494.0,0.013153281312272553
495.0,0.013255356273167424
496.0,0.013370779857351026
497.0,0.013496979888498397
498.0,0.013637700548724974
499.0,0.013789971466143936
500.0,0.013958142817123792
501.0,0.014139128681172855
502.0,0.014325570155640132
503.0,0.014524573648965436
504.0,0.01473368822201308
505.0,0.014944294847011324
506.0,0.015160888093594147
507.0,0.01539103337220189
508.0,0.015627147769265874
509.0,0.01586943932886311
510.0,0.016117147105318624
511.0,0.016371238783031518
512.0,0.01663461258690733
513.0,0.01691005590946275
514.0,0.01720316721243224
515.0,0.01751977181485437
516.0,0.01785713309238794
517.0,0.01821012314698609
518.0,0.018568943784913885
519.0,0.018924109777672476
520.0,0.019278006935383597
521.0,0.019635820532152386
522.0,0.020003671830688942
523.0,0.02038231873765301
524.0,0.020776345633197142
525.0,0.021181383071103746
526.0,0.021600342020025236
527.0,0.022031315174978576
528.0,0.022455441612443568
529.0,0.022873573605886526
530.0,0.023290985517611773
531.0,0.023720145921107567
532.0,0.024158363640554965
533.0,0.02460117225807276
534.0,0.02504287674611038
535.0,0.025473444160578125
536.0,0.025892272083086643
537.0,0.02630595480836237
538.0,0.026716753569375064
539.0,0.027115992592724365
540.0,0.02750179214354099
541.0,0.0278715927776103
542.0,0.028222302784730126
543.0,0.028550310203745932
544.0,0.028852130066172887
545.0,0.0291290051889725
546.0,0.02938468788877067
547.0,0.02961432213250397
548.0,0.02981908184310687
549.0,0.03000194020715235
550.0,0.030169898104275894
551.0,0.03032884618762574
552.0,0.03047368071089631
553.0,0.030601970280173734
554.0,0.0307116930129148
555.0,0.030801415159863586
556.0,0.030869812743345305
557.0,0.030914976983474552
558.0,0.030934434112645605
559.0,0.030923920519952464
560.0,0.030884566098064004
561.0,0.030819249549213685
562.0,0.030731788070343498
563.0,0.030617179312668996
564.0,0.030472125189976284
565.0,0.030299384759065275
566.0,0.030097676247421667
567.0,0.029865246306894723
568.0,0.02960773008623031
569.0,0.029321196140998033
570.0,0.029002369545136665
571.0,0.0286592899757002
572.0,0.028301478530551417
573.0,0.02792698432024939
574.0,0.027537558126651363
575.0,0.027138848107819448
576.0,0.026725695874830917
577.0,0.026297029106078784
578.0,0.025851948011918528
579.0,0.02539072490123988
580.0,0.02491767126872841
581.0,0.024443658962858928
582.0,0.023969178074802717
583.0,0.023483907750605416
584.0,0.022999301208345636
585.0,0.022520429629183446
586.0,0.022049748096768032
587.0,0.02158539189385757
588.0,0.021116069477443714
589.0,0.02063697653401699
590.0,0.020161216233277005
591.0,0.019706342676925885
592.0,0.019262944647627213
593.0,0.018805850886084722
594.0,0.018326259847761837
595.0,0.01781961302867171
596.0,0.017283836891083676
597.0,0.016728807224820463
598.0,0.016166691631727056
599.0,0.015619141339536752
600.0,0.015116401012332473
601.0,0.01468408498380545
602.0,0.014327176806772665
603.0,0.01404297369783208
604.0,0.013814875115186984
605.0,0.013624376924665369
606.0,0.013456914304247187
607.0,0.013302260482112383
608.0,0.013156275310811183
609.0,0.01301934480020823
610.0,0.012880598356554107
611.0,0.012739500217751568
612.0,0.012602658338414568
613.0,0.012469051314688916
614.0,0.012345453760129297
615.0,0.012232118458381907
616.0,0.01212386413936035
617.0,0.01201620958654115
618.0,0.011915619739890955
619.0,0.01182454972940504
620.0,0.01174619696547766
621.0,0.011676673477367287
622.0,0.011611377052831199
623.0,0.011558615747262734
624.0,0.01151421741904184
625.0,0.011468222591389118
626.0,0.011428783227221937
627.0,0.011394871875788854
628.0,0.011371786893418006
629.0,0.011356797783400622
630.0,0.011346147678876354
631.0,0.01134690353982998
632.0,0.011355189716978967
633.0,0.011362575465579623
634.0,0.011379381551092176
635.0,0.01140854228236649
636.0,0.011439448592390022
637.0,0.011470557670685898
638.0,0.01150806898008753
639.0,0.011546706152742666
640.0,0.011581056344118379
641.0,0.011608848965323472
642.0,0.011631376422652894
643.0,0.011645135119861287
644.0,0.011650736854304568
645.0,0.011648557932340663
646.0,0.011632759267677619
647.0,0.011608086515511833
648.0,0.011578616951466919
649.0,0.011528318378361348
650.0,0.011451145713260311
651.0,0.011347296687295384
652.0,0.01121850924271954
653.0,0.0110674982478688
654.0,0.010906115633401766
655.0,0.010691979127097071
656.0,0.010415509206534798
657.0,0.01010965547020994
658.0,0.009809983588104521
659.0,0.009523260262047304
660.0,0.009246382514724701
661.0,0.008986990031871497
662.0,0.008729686428189106
663.0,0.008482823072655308
664.0,0.008254440447291421
665.0,0.008042265708237678
666.0,0.007849489352525954
667.0,0.0076834569699438015
668.0,0.0075452146093197
669.0,0.00743617752379269
670.0,0.007350233612024267
671.0,0.007288231576733977
672.0,0.007254462404572122
673.0,0.007233497080000141
674.0,0.007220293597151562
675.0,0.007223391428886996
676.0,0.007239113476575
677.0,0.007262498582616121
678.0,0.007306592025619148
679.0,0.007373182164841468
680.0,0.007454050134328956
681.0,0.007563421541117524
682.0,0.007702663778430881
683.0,0.007862259171229171
684.0,0.008056201388828439
685.0,0.008312532539194027
686.0,0.008612930970867506
687.0,0.008926788770232235
688.0,0.009175166980562125
689.0,0.009402319420778411
690.0,0.009658583910215329
691.0,0.009929276837337301
692.0,0.010207286276493062
693.0,0.010472492643836668
694.0,0.010720922040853762
695.0,0.010934973892385333
696.0,0.011098957369151381
697.0,0.01121840695476041
698.0,0.011297261273060704
699.0,0.011331489675347774
700.0,0.01131986806212103
701.0,0.011256935191402218
702.0,0.011155587831594135
703.0,0.011024345797515517
704.0,0.01085314844379517
705.0,0.010654843527995736
706.0,0.010440901327223638
707.0,0.01020010527953526
708.0,0.009935509562489543
709.0,0.009654914843540151
710.0,0.009358903868499593
711.0,0.009047512595108892
712.0,0.008721124538892396
713.0,0.00839017588826508
714.0,0.008060555810406603
715.0,0.007752613341932666
716.0,0.007454116580669185
717.0,0.007146544862588594
718.0,0.006821980516239684
719.0,0.0065017518465446626
720.0,0.006216107649850231
721.0,0.0059713341531208285
722.0,0.005736594561879358
723.0,0.005498452800948414
724.0,0.0052544592804920996
725.0,0.005017876161863943
726.0,0.004783824494876344
727.0,0.004533845218394293
728.0,0.004284832262686158
729.0,0.004045193247299926
730.0,0.0038151530494366045
731.0,0.0036048476350820655
732.0,0.003428328924732011
733.0,0.003277653644680295
734.0,0.0031476260913608084
735.0,0.0030424287582237588
736.0,0.0029563211279186375
737.0,0.002888441860069399
738.0,0.0028457765062230656
739.0,0.002817502264592184
740.0,0.0027927068462762885
741.0,0.0027697543040100577
742.0,0.0027496310830106246
743.0,0.00273349733725975
744.0,0.0027221556187690043
745.0,0.0027142850012505195
746.0,0.0027020893252339964
747.0,0.0026904725097010255
748.0,0.0026877838039950233
749.0,0.002682442739632395
750.0,0.0026728127028138532
751.0,0.0026594662542740767
752.0,0.002650475015001064
753.0,0.0026406980944940267
754.0,0.0026296931395957653
755.0,0.0026218404831693707
756.0,0.002613359743053619
757.0,0.002611017152041499
758.0,0.002611331158210517
759.0,0.002608975059119487
760.0,0.0025930898714611695
761.0,0.002571938449871638
762.0,0.0025604382144418267
763.0,0.0025473136473633624
764.0,0.0025364564366523483
765.0,0.0025363317569831257
766.0,0.0025433701006243384
767.0,0.002555879980950933
768.0,0.002566018528424336
769.0,0.002574539985064693
770.0,0.002583556123288147
771.0,0.00259015594776894
772.0,0.002594025050073356
773.0,0.002602783348903085
774.0,0.0026127029422984534
775.0,0.002618105199893964
776.0,0.0026267360409164297
777.0,0.002640221990865701
778.0,0.002653919805298884
779.0,0.0026660707129550995
780.0,0.002677908226150134
781.0,0.0026912073219099836
782.0,0.0027071915309134966
783.0,0.002717445318428097
784.0,0.0027264548946918025
785.0,0.0027435113203769864
786.0,0.0027656501902760004
787.0,0.0027869891533861416
788.0,0.0028010335202673844
789.0,0.0028150805094934507
790.0,0.0028352164958730173
791.0,0.002861626047730867
792.0,0.0028918937672189906
793.0,0.0029168800920664284
794.0,0.002943585466960702
795.0,0.0029681972577934143
796.0,0.0029829219350140396
797.0,0.003001510245857897
798.0,0.003024885341016195
799.0,0.0030423944354617594
800.0,0.0030576928367624344
801.0,0.0030720445965748814
802.0,0.0030816568953486614
803.0,0.0030875638792542412
804.0,0.003097038558727999
805.0,0.003109112385006547
806.0,0.003113966373338348
807.0,0.003105227324604667
808.0,0.00308481847602791
809.0,0.003071049812979588
810.0,0.0030542544128184493
811.0,0.0030289752306690955
812.0,0.0030007199220175376
813.0,0.0029725427038382207
814.0,0.002936323982157947
815.0,0.002888794205544893
816.0,0.0028350960392813456
817.0,0.002805715144379532
818.0,0.0027675290377458623
819.0,0.002714642093788736
820.0,0.002674767905234789
821.0,0.0026201452809886125
822.0,0.00253768171972591
823.0,0.002454375238144855
824.0,0.002370914134836242
825.0,0.002283765904906379
826.0,0.002198097185847593
827.0,0.0021095797318781083
828.0,0.002016358206089656
829.0,0.0019262829546021337
830.0,0.001847542478517453
831.0,0.0017864485903840697
832.0,0.0017389929373840065
833.0,0.001695844211607561
834.0,0.001650926966038806
835.0,0.0016057592420818962
836.0,0.0015843123276677168
837.0,0.0015721279477230667
838.0,0.0015526545330622702
839.0,0.0015311546963548944
840.0,0.0015204160231631716
841.0,0.0015195306518200624
842.0,0.0015096995600560876
843.0,0.0014874116025309705
844.0,0.0014759716827778932
845.0,0.0014641161138807801
846.0,0.0014471018446372058
847.0,0.0014330427088776634
848.0,0.0014199443392756649
849.0,0.001416968652921328
850.0,0.0014182494717321938
851.0,0.0014153940120466336
852.0,0.0013837431392758977
853.0,0.0013487587318707494
854.0,0.0013440873675124349
855.0,0.0013323441888618585
856.0,0.0013187705996291544
857.0,0.0013089014590713384
858.0,0.0013042327485011415
859.0,0.0013066021975781477
860.0,0.0013012811701205444
861.0,0.001288004134650109
862.0,0.00126885406872802
863.0,0.0012634502677031734
864.0,0.0012605989697353033
865.0,0.0012357670791375089
866.0,0.0012233230039822207
867.0,0.0012265261201064466
868.0,0.0012034367779988765
869.0,0.0011862349396562094
870.0,0.0011805799576551273
871.0,0.0011712493969051985
872.0,0.001167292380766688
873.0,0.0011574344784128943
874.0,0.0011507158043818754
875.0,0.0011353652087235156
876.0,0.0011083045756765163
877.0,0.0010969676117093268
878.0,0.0010944576639514518
879.0,0.0010778145843077381
880.0,0.0010624089110490172
881.0,0.0010509566486192076
882.0,0.0010380129571389046
883.0,0.0010235471314686642
884.0,0.0010085359897611932
885.0,0.0009953805634381617
886.0,0.0009936798865819944
887.0,0.0009773536320994776
888.0,0.0009638018900756443
889.0,0.0009643258368499925
890.0,0.0009338297891816432
891.0,0.0009037683122404532
892.0,0.000934171973383017
893.0,0.0009299556746764362
894.0,0.0008706028448234803
895.0,0.0008389577422468128
896.0,0.0008348205089991885
897.0,0.0008553857295454132
898.0,0.0008394609491818352
899.0,0.0008121294962336008
