/begin_header
/west_longitude=UNKNOWN
/south_latitude=NA
/north_latitude=UNKNOWN
/calibration_files=NA
/cruise=NA
/station=NA
/documents=NA
/data_type=NA
/affiliations=NOAA
/experiment=NA
/units=nm,dl
/start_date=2019-08-16
/end_date=NA
/missing=9999
/start_time=10:36:49
/data_file_name=NA
/cloud_percent=NA
/water_depth=NA
/data_status=NA
/east_longitude=NA
/wind_speed=NA
/secchi=NA
/measurement_depth=NA
/fields=wavelength,rrs
/delimiter=comma
/contact=NA
/end_time=NA
/wave_height=NA
/investigators=NA
/end_header@
325.0,0.010458303447021746
326.0,0.010545264564105147
327.0,0.010452457393340223
328.0,0.010202168872253286
329.0,0.010192189567240197
330.0,0.010213214341590896
331.0,0.010205151187257186
332.0,0.010162260635540574
333.0,0.010071339152512068
334.0,0.010042413457744532
335.0,0.009988221942771165
336.0,0.00992633334515402
337.0,0.009884435086027037
338.0,0.00987311512873002
339.0,0.009866718441540776
340.0,0.009815977271676251
341.0,0.009787716838327121
342.0,0.009821873456169987
343.0,0.009813743161769358
344.0,0.009759642234301775
345.0,0.009748082995253602
346.0,0.009763379675780063
347.0,0.009779230314473652
348.0,0.009804112832617302
349.0,0.009824206935835116
350.0,0.009817236403894312
351.0,0.009815766225634636
352.0,0.009840534106803625
353.0,0.009878718773971128
354.0,0.009903554526827112
355.0,0.009905177069541336
356.0,0.009882406873233019
357.0,0.009865527080286306
358.0,0.009892120637884628
359.0,0.00987537927042776
360.0,0.009833891696091699
361.0,0.009823268526423594
362.0,0.009811479191139477
363.0,0.00978789177666185
364.0,0.009760290778725016
365.0,0.009728149335568597
366.0,0.009688961311649055
367.0,0.009659997178751437
368.0,0.00964201357911152
369.0,0.009613664307545575
370.0,0.009575751654493116
371.0,0.009527688125602564
372.0,0.009471854764555452
373.0,0.00943301109409039
374.0,0.009407295783953048
375.0,0.009363313828439393
376.0,0.00931575508966137
377.0,0.009286096361244356
378.0,0.009240567140137393
379.0,0.009184353158839195
380.0,0.009168244729414602
381.0,0.00915687045624895
382.0,0.009126063168462376
383.0,0.009090752808816969
384.0,0.009065268663029848
385.0,0.009029741366771753
386.0,0.009007094569512864
387.0,0.008997458063074818
388.0,0.00897746593970828
389.0,0.008957166356421133
390.0,0.008938481774074313
391.0,0.008918252547064858
392.0,0.00889811178816952
393.0,0.008867672739550105
394.0,0.008833428545983433
395.0,0.008790859862296978
396.0,0.0087473971429261
397.0,0.008700799776474828
398.0,0.008658289546005126
399.0,0.008618076231851434
400.0,0.008574686060136363
401.0,0.008525750403380694
402.0,0.008477908716779533
403.0,0.008432992803626239
404.0,0.00838671036462834
405.0,0.008340654626226433
406.0,0.008291452273834191
407.0,0.008231456666647433
408.0,0.008171083176401264
409.0,0.00811803094297264
410.0,0.00806080880274802
411.0,0.008004231115262344
412.0,0.007967221739961006
413.0,0.00793135840961815
414.0,0.007891023981931184
415.0,0.007855079086953357
416.0,0.007828959174191973
417.0,0.007806639013547284
418.0,0.0077837056373453685
419.0,0.007764480407906682
420.0,0.007754249809879754
421.0,0.007743725247417968
422.0,0.0077379221283308515
423.0,0.00772773186331428
424.0,0.007715019625903119
425.0,0.007713753137013597
426.0,0.0077086925840992694
427.0,0.007692906906585914
428.0,0.00767340114582428
429.0,0.0076581858260472355
430.0,0.007644379070989443
431.0,0.00762528228938944
432.0,0.007596360233330888
433.0,0.007560447106215363
434.0,0.007533643039704342
435.0,0.007521566241901097
436.0,0.007515139570205507
437.0,0.007512231940634652
438.0,0.007519971459119744
439.0,0.007541205358674333
440.0,0.007573917463546484
441.0,0.007619015732888909
442.0,0.007673848742625518
443.0,0.0077410975468029915
444.0,0.007831803422548566
445.0,0.007935649757526756
446.0,0.008049172997255657
447.0,0.008178186403942057
448.0,0.008316233370864106
449.0,0.008458807322928493
450.0,0.008604787645062003
451.0,0.008755337467797476
452.0,0.008909905650966101
453.0,0.009062421106356916
454.0,0.009211437603863167
455.0,0.00934888151824122
456.0,0.009471026871168195
457.0,0.009581411238736823
458.0,0.009681906330700842
459.0,0.00977382823194665
460.0,0.009862212057035023
461.0,0.009946501389417554
462.0,0.010020878620894897
463.0,0.010097077817322522
464.0,0.010179840607479606
465.0,0.010263560576102062
466.0,0.010346236986158915
467.0,0.010425394659574672
468.0,0.010516383858904764
469.0,0.010612356590067503
470.0,0.01070246733297683
471.0,0.01079216270414736
472.0,0.010882189815226238
473.0,0.010970711412593568
474.0,0.011058059779321252
475.0,0.011146362835799055
476.0,0.01122615679300574
477.0,0.011300320925109603
478.0,0.011373811357491884
479.0,0.011444676926770142
480.0,0.011509656333189042
481.0,0.011569253780857049
482.0,0.01162512468284469
483.0,0.011681415825206133
484.0,0.01174105014990039
485.0,0.011800379777392782
486.0,0.011849412388268452
487.0,0.01189894754782827
488.0,0.011946552139220388
489.0,0.011989816631365963
490.0,0.012038543131288076
491.0,0.01210250298342948
492.0,0.01218005339104446
493.0,0.012269344789749566
494.0,0.01236402801876171
495.0,0.012473110314007907
496.0,0.012599250054757098
497.0,0.012740232894687389
498.0,0.01289550916006996
499.0,0.013068413556930367
500.0,0.013262572355787813
501.0,0.01347475085059579
502.0,0.013699560832301807
503.0,0.01393710889802283
504.0,0.01418320257289118
505.0,0.014441176691694233
506.0,0.01471531643523844
507.0,0.015001575395188996
508.0,0.015299573646444265
509.0,0.015608979994613692
510.0,0.01591972675521202
511.0,0.016241946396661305
512.0,0.01658735559060926
513.0,0.016947044877341465
514.0,0.01732460660540734
515.0,0.017727565077483867
516.0,0.01815199115706689
517.0,0.018594927824573816
518.0,0.019057761093877586
519.0,0.019516274761873308
520.0,0.019952379964597602
521.0,0.02039801442665545
522.0,0.020859398517875598
523.0,0.021325948384246476
524.0,0.021801854776419726
525.0,0.02228742305015622
526.0,0.02278755113421312
527.0,0.023295816201833887
528.0,0.023796419134288458
529.0,0.024281482809818435
530.0,0.02475513717443697
531.0,0.025234558346776036
532.0,0.025720213898110644
533.0,0.026204694773066146
534.0,0.02667676520126559
535.0,0.02712766695942827
536.0,0.027561281454514648
537.0,0.027979484914978266
538.0,0.028384224267376728
539.0,0.028775897280557468
540.0,0.029149073921492363
541.0,0.029493775282787387
542.0,0.029805804038833157
543.0,0.03008394146610919
544.0,0.03033293715566101
545.0,0.03055104407284126
546.0,0.030738030573232433
547.0,0.030887311479774165
548.0,0.03100296902948927
549.0,0.03108810732238902
550.0,0.031152120803235827
551.0,0.031200636239909152
552.0,0.031229154907778778
553.0,0.03123500154791304
554.0,0.03121887047946681
555.0,0.031176319466630336
556.0,0.031107517481291026
557.0,0.031016820172331212
558.0,0.03089846742997074
559.0,0.03075162823418115
560.0,0.030580430507249255
561.0,0.030386052666223785
562.0,0.03016510872930932
563.0,0.02992335291243333
564.0,0.029659215583405684
565.0,0.02936829328787543
566.0,0.0290516619168749
567.0,0.02871092447404435
568.0,0.028348794995020042
569.0,0.027961570399638952
570.0,0.027548271765162412
571.0,0.027119458357380423
572.0,0.026683555037089447
573.0,0.026236381446794882
574.0,0.02578120232083685
575.0,0.025324452850530237
576.0,0.024854549308707667
577.0,0.024373533921322903
578.0,0.02388375097581475
579.0,0.023389237751001483
580.0,0.022896573939780354
581.0,0.02240273936613573
582.0,0.021908635849619263
583.0,0.021413193438817032
584.0,0.02092121526983319
585.0,0.02043865329030881
586.0,0.019967985204497617
587.0,0.019503915542476918
588.0,0.01903869568417881
589.0,0.01856466557532679
590.0,0.018094384338497856
591.0,0.017641838658625886
592.0,0.0172078377711053
593.0,0.016771066429156496
594.0,0.016313168347978434
595.0,0.015832034612392652
596.0,0.015333243827061171
597.0,0.014818110255031668
598.0,0.014295654150915774
599.0,0.013796898707428654
600.0,0.013335265221561277
601.0,0.012928389565301374
602.0,0.01258726856455213
603.0,0.012310262871288103
604.0,0.012081856447709118
605.0,0.011889587360660665
606.0,0.011718854647805243
607.0,0.011560207284118587
608.0,0.011412272462526431
609.0,0.0112703703288104
610.0,0.01112616609691385
611.0,0.010981021566361689
612.0,0.010846452176841076
613.0,0.01072119842706455
614.0,0.010598621265027855
615.0,0.010481047437484202
616.0,0.010371917750324224
617.0,0.010268699408169678
618.0,0.010172612539896939
619.0,0.010089168815214088
620.0,0.010023898063160558
621.0,0.009971679592786619
622.0,0.009924152074228376
623.0,0.009882060100508024
624.0,0.00984719780541297
625.0,0.009818807255688185
626.0,0.009796421832937541
627.0,0.009784082128648244
628.0,0.009777927268441965
629.0,0.009781271840916234
630.0,0.009799018731005135
631.0,0.00982668445322108
632.0,0.009862019661391126
633.0,0.009904864972515809
634.0,0.009951892007140377
635.0,0.010005236132372933
636.0,0.010067824846304006
637.0,0.010134140834818853
638.0,0.010200604535784556
639.0,0.010267580221108496
640.0,0.010333960342071027
641.0,0.010395169833279727
642.0,0.010444567263776563
643.0,0.010478224371019454
644.0,0.010509156197010016
645.0,0.01053703438659575
646.0,0.010553521969413018
647.0,0.010562769811030402
648.0,0.010559602851694673
649.0,0.010532173591083873
650.0,0.010481579313261108
651.0,0.010417134549132363
652.0,0.010327674504814486
653.0,0.010212815155417953
654.0,0.010092138659345301
655.0,0.00992480749433
656.0,0.009683944624659052
657.0,0.009385323777697668
658.0,0.009073088567620659
659.0,0.008773631780371818
660.0,0.008477834351679628
661.0,0.008187676691204246
662.0,0.007898914833582944
663.0,0.007611448207372068
664.0,0.00732534747259585
665.0,0.00706407996952532
666.0,0.006834361619820114
667.0,0.006619581793466653
668.0,0.006432161499026598
669.0,0.006278925680223332
670.0,0.006152335882650516
671.0,0.006049585415024421
672.0,0.0059753584277085405
673.0,0.005919216637668515
674.0,0.0058775096706276935
675.0,0.00585805556797978
676.0,0.005854714596834863
677.0,0.005865636072671164
678.0,0.005898271866532148
679.0,0.005958132096054207
680.0,0.0060551479165738605
681.0,0.00617959830626828
682.0,0.006328804177758345
683.0,0.0065238872997188556
684.0,0.006766912492113648
685.0,0.007083049820199956
686.0,0.007469516931886612
687.0,0.007901092226614113
688.0,0.00827025181990909
689.0,0.008625344193297173
690.0,0.009025587769945989
691.0,0.009449403435752613
692.0,0.009895072044398812
693.0,0.01034903120290365
694.0,0.010789843282805554
695.0,0.011183057117764263
696.0,0.011523076609595732
697.0,0.011812228514738333
698.0,0.012059873523333597
699.0,0.012250466928080095
700.0,0.01237744717341993
701.0,0.01243615958987455
702.0,0.012440489107352374
703.0,0.012407311692681744
704.0,0.01233329307211362
705.0,0.012220199055112044
706.0,0.012079928050665212
707.0,0.0119006773133719
708.0,0.011685131560872673
709.0,0.011449549017894196
710.0,0.011189645302276903
711.0,0.01090317229496724
712.0,0.010598215020494248
713.0,0.010280429502179039
714.0,0.009953792424796723
715.0,0.009645216324814795
716.0,0.009344252586434103
717.0,0.00903040232559122
718.0,0.008683194048457011
719.0,0.008315969703287383
720.0,0.00796306435424618
721.0,0.007653810323299264
722.0,0.007381082348020792
723.0,0.007100461166698746
724.0,0.006804798327768456
725.0,0.006501296658256539
726.0,0.006192285985726418
727.0,0.0058734524226008306
728.0,0.005545173706768339
729.0,0.005210808183028814
730.0,0.004872159669503584
731.0,0.004558169264776049
732.0,0.004285059973890014
733.0,0.0040576976903670455
734.0,0.0038689795220261856
735.0,0.0037175335855155777
736.0,0.0035943177780662374
737.0,0.0034950385403897514
738.0,0.0034148845589406173
739.0,0.003360552274046346
740.0,0.003329057738331174
741.0,0.0033005955620309057
742.0,0.003274920806742474
743.0,0.003258436885345939
744.0,0.0032456238054270115
745.0,0.003236999936747766
746.0,0.0032214422640264653
747.0,0.003203030834339754
748.0,0.0031973164482528744
749.0,0.003191478538382754
750.0,0.003183117149341876
751.0,0.0031711535535628175
752.0,0.0031578901515161998
753.0,0.0031483232963803757
754.0,0.0031410414679574295
755.0,0.0031355963213367346
756.0,0.003131424624965973
757.0,0.0031320446427782604
758.0,0.0031378254602884284
759.0,0.003150595344304654
760.0,0.003164385014810813
761.0,0.0031541132611472645
762.0,0.003128869246522383
763.0,0.0031039359041330943
764.0,0.0030862676016032054
765.0,0.003079089189305909
766.0,0.003082014580717845
767.0,0.0030894825303905086
768.0,0.0030970910046983326
769.0,0.003097374324516921
770.0,0.0031077113674213394
771.0,0.003127209377258384
772.0,0.0031439587722043457
773.0,0.003156498519525761
774.0,0.0031656845229376825
775.0,0.003177425096013291
776.0,0.003195749449641195
777.0,0.003219150876384064
778.0,0.003240452188451457
779.0,0.003260640115625739
780.0,0.003290094657333586
781.0,0.0033155703070021254
782.0,0.0033390598416065177
783.0,0.0033657793944826
784.0,0.003392774739630261
785.0,0.003422512223364393
786.0,0.003453824584539083
787.0,0.0034874778006747193
788.0,0.0035194873307093527
789.0,0.00355218798467635
790.0,0.0035843571383029475
791.0,0.0036208321879170656
792.0,0.0036584990031738305
793.0,0.0036939628206962343
794.0,0.003729522306587982
795.0,0.0037679527298608633
796.0,0.0038015625337771844
797.0,0.0038335364958742664
798.0,0.003862567143063971
799.0,0.0038922066956492258
800.0,0.0039239105571617135
801.0,0.003955274752042819
802.0,0.003977209575739232
803.0,0.003989384492267869
804.0,0.0040036608718811255
805.0,0.004014308491067488
806.0,0.004014602465038772
807.0,0.004007334460675039
808.0,0.00399880365550358
809.0,0.00398539098387993
810.0,0.003957190815667293
811.0,0.003915629135627111
812.0,0.0038799660039772555
813.0,0.0038348590939800845
814.0,0.0037803910988176855
815.0,0.003725206220508222
816.0,0.0036718281327984747
817.0,0.003619082350793093
818.0,0.003559231471756646
819.0,0.0034897102959063897
820.0,0.0033949552282835542
821.0,0.003284767582620845
822.0,0.0031805620808867062
823.0,0.00305946422046973
824.0,0.0029254435975766967
825.0,0.0027868236186713367
826.0,0.002647034784127422
827.0,0.0025092455828107916
828.0,0.0023758717592905886
829.0,0.0022353240989468753
830.0,0.0020885186502377162
831.0,0.001970551070165791
832.0,0.0018816106455701875
833.0,0.0018034799211888574
834.0,0.001737597144688283
835.0,0.0016803178379162914
836.0,0.0016316796590079463
837.0,0.0015981756712234725
838.0,0.0015756008824770371
839.0,0.0015468458894781442
840.0,0.001514463803177099
841.0,0.0014960446544047636
842.0,0.001473698988280667
843.0,0.0014485000783180902
844.0,0.0014343247628666096
845.0,0.0014214741540370503
846.0,0.0013926953324641818
847.0,0.0013707352904630428
848.0,0.0013591208473905073
849.0,0.001319964281717398
850.0,0.001296628063597313
851.0,0.001302304848458578
852.0,0.0012820496893292156
853.0,0.0012466228858323907
854.0,0.0012247480046523557
855.0,0.0012149968426696043
856.0,0.001206785512334347
857.0,0.0011975702245702788
858.0,0.0011735853604090793
859.0,0.001145926764755822
860.0,0.0011681662884562185
861.0,0.001168211117323788
862.0,0.0011052801110451888
863.0,0.0010898836355162779
864.0,0.0011054453702770946
865.0,0.001074299567788459
866.0,0.0010445067417057855
867.0,0.0010220894579418185
868.0,0.0010008540553084076
869.0,0.0009851668758694455
870.0,0.0009664635735639005
871.0,0.0009429307483509494
872.0,0.0009170977628991
873.0,0.0009073667257423065
874.0,0.0008818147908303464
875.0,0.0008452442488127854
876.0,0.0008468160717429958
877.0,0.0008317082565356326
878.0,0.0007869362481668241
879.0,0.000765730311367058
880.0,0.0007540993713689239
881.0,0.0007397490217114824
882.0,0.0007155402767622958
883.0,0.0006852096759112818
884.0,0.0006653407871358601
885.0,0.0006723832124341768
886.0,0.0006813247533908405
887.0,0.0006417292497518356
888.0,0.0005989228173931653
889.0,0.0005694402562722233
890.0,0.0005374735244393986
891.0,0.0005101087739078917
892.0,0.00051573326680077
893.0,0.0004921281903110932
894.0,0.0004496984024921579
895.0,0.0004505879990197892
896.0,0.00046605597314590684
897.0,0.00045121857303885153
898.0,0.0004188447255831942
899.0,0.00038559086744671125
