/begin_header
/west_longitude=UNKNOWN
/south_latitude=NA
/north_latitude=UNKNOWN
/calibration_files=NA
/cruise=NA
/station=NA
/documents=NA
/data_type=NA
/affiliations=NOAA
/experiment=NA
/units=nm,dl
/start_date=2019-08-01
/end_date=NA
/missing=9999
/start_time=11:48:02
/data_file_name=NA
/cloud_percent=NA
/water_depth=NA
/data_status=NA
/east_longitude=NA
/wind_speed=NA
/secchi=NA
/measurement_depth=NA
/fields=wavelength,rrs
/delimiter=comma
/contact=NA
/end_time=NA
/wave_height=NA
/investigators=NA
/end_header@
325.0,0.018559583839597715
326.0,0.018576382916211227
327.0,0.018582900554898606
328.0,0.018519872852162538
329.0,0.018395238017895617
330.0,0.01823083693416782
331.0,0.018137476337713003
332.0,0.018106784861647685
333.0,0.018059730142917122
334.0,0.017934584569939505
335.0,0.017877371887641446
336.0,0.017833732918468334
337.0,0.017727187239094073
338.0,0.017613665468055317
339.0,0.017489241966149267
340.0,0.01742787509592669
341.0,0.01735717466415606
342.0,0.01724545855777645
343.0,0.017186472183572714
344.0,0.017171394566973742
345.0,0.017108306039055728
346.0,0.017017997632668154
347.0,0.01692622081829492
348.0,0.01682661836103453
349.0,0.016752212385587262
350.0,0.0167000923052934
351.0,0.01663758503978987
352.0,0.01656548871090581
353.0,0.016503017635269436
354.0,0.01642657224092814
355.0,0.016344544111969714
356.0,0.016285750927955624
357.0,0.01624537370888257
358.0,0.016207652665062307
359.0,0.0161415227516931
360.0,0.0160472500272485
361.0,0.015962824906742813
362.0,0.01590977824932077
363.0,0.015870653789218665
364.0,0.015794441619783026
365.0,0.015715156796791207
366.0,0.015653728729393752
367.0,0.015596908929884898
368.0,0.01554286958552488
369.0,0.015495708112601711
370.0,0.015437774747619102
371.0,0.015373322027937508
372.0,0.01531801081452549
373.0,0.015264410032623774
374.0,0.01521352797443092
375.0,0.0151433498239637
376.0,0.015074289164128113
377.0,0.01500413751957628
378.0,0.01493560044518572
379.0,0.014881432085306245
380.0,0.01481803753093001
381.0,0.01477028350959458
382.0,0.014751827529075532
383.0,0.01470413110152111
384.0,0.014632956563121465
385.0,0.014569739415845348
386.0,0.014505514412447346
387.0,0.014440789619740829
388.0,0.014404274980551354
389.0,0.01436236220105171
390.0,0.014299224457906498
391.0,0.014246780957965383
392.0,0.014194826265220195
393.0,0.014139786147973862
394.0,0.014075753515580092
395.0,0.013999851420846426
396.0,0.013924267709752147
397.0,0.013849404392951365
398.0,0.013768852356240896
399.0,0.013684104805617691
400.0,0.013606823981755662
401.0,0.013554103006389212
402.0,0.013497179713488345
403.0,0.013433919208808228
404.0,0.013351009159532651
405.0,0.01327897649970965
406.0,0.013226643823916778
407.0,0.013152596200304725
408.0,0.013071058768704003
409.0,0.012994316423039831
410.0,0.01291981741936683
411.0,0.01285229347049476
412.0,0.012788661469952094
413.0,0.012731416048295727
414.0,0.012679910343011736
415.0,0.012632181416542848
416.0,0.01259233812555605
417.0,0.01255482476795274
418.0,0.012521852436338101
419.0,0.012490240181181937
420.0,0.012454656189879062
421.0,0.012425211202817203
422.0,0.012405947297578396
423.0,0.012380974992843628
424.0,0.012355750677197143
425.0,0.012336771879981683
426.0,0.012319295421302601
427.0,0.012299560382793135
428.0,0.012268271549160612
429.0,0.012234691487357494
430.0,0.012203688782895846
431.0,0.012166722695240334
432.0,0.012129140120591938
433.0,0.01209803795805996
434.0,0.012066706322396637
435.0,0.012038429135703205
436.0,0.012024233378278758
437.0,0.012019171564132618
438.0,0.01201821526864106
439.0,0.012026552215930086
440.0,0.012042955642709758
441.0,0.0120673603469473
442.0,0.012103843745002427
443.0,0.012153268061205279
444.0,0.012215817337210288
445.0,0.012284583165843018
446.0,0.012358463701563564
447.0,0.012445276596944308
448.0,0.012542954917459475
449.0,0.012639461366918537
450.0,0.01273547869423897
451.0,0.012831190592433147
452.0,0.012922468184839261
453.0,0.013011342228776318
454.0,0.01309722841140536
455.0,0.013174631339370668
456.0,0.013243330390331255
457.0,0.013304287967462603
458.0,0.01335961038296824
459.0,0.01341102784076128
460.0,0.013457264359588935
461.0,0.01350537373200331
462.0,0.013558487079018758
463.0,0.013608296354847074
464.0,0.013653738405087629
465.0,0.013703088887251835
466.0,0.013754615570472226
467.0,0.013807416190572547
468.0,0.01386160983638981
469.0,0.013918098211927837
470.0,0.013968797736789985
471.0,0.014022286103960276
472.0,0.014080161331025553
473.0,0.014134300116101317
474.0,0.014185473961555492
475.0,0.014237980700550629
476.0,0.014293255081520356
477.0,0.014348427081508552
478.0,0.014405091664715023
479.0,0.014460137159077879
480.0,0.014514888050673868
481.0,0.014573757278682653
482.0,0.014634225458509221
483.0,0.014696623298430828
484.0,0.014757958836091083
485.0,0.014823181005056026
486.0,0.014896034054502818
487.0,0.014968574322787859
488.0,0.01503988376753963
489.0,0.015110443309903025
490.0,0.015184890011975219
491.0,0.01527540328780529
492.0,0.015376666383572149
493.0,0.015487363372865399
494.0,0.015601859882627689
495.0,0.015727143028749526
496.0,0.015865322868704672
497.0,0.016016619094349357
498.0,0.016181226118035085
499.0,0.01636405061985001
500.0,0.016562475325531466
501.0,0.016773298583989137
502.0,0.016999517389620748
503.0,0.01723468272195976
504.0,0.01747873999483551
505.0,0.017736500563876743
506.0,0.018007941394618747
507.0,0.01829241435926803
508.0,0.01858712011024454
509.0,0.018892141617908496
510.0,0.019214462430427202
511.0,0.01954154263529898
512.0,0.019872608532009544
513.0,0.020218004204668797
514.0,0.020581972879119833
515.0,0.020961553991708938
516.0,0.021358899975258618
517.0,0.021768877018233868
518.0,0.02218210680770105
519.0,0.022592087854859663
520.0,0.022995147510063665
521.0,0.023398069498744175
522.0,0.023804373926439575
523.0,0.024209362191562358
524.0,0.02462441822526961
525.0,0.025047638410347055
526.0,0.02547538418780118
527.0,0.02590764934801752
528.0,0.026330865898885596
529.0,0.0267379180700427
530.0,0.02713402056065911
531.0,0.02753270960276898
532.0,0.027936816666191112
533.0,0.028342576955931877
534.0,0.0287408377088121
535.0,0.029122190921921594
536.0,0.029487435843948744
537.0,0.029844003279406416
538.0,0.030196728459375644
539.0,0.030549977339858543
540.0,0.030900258481050262
541.0,0.03123741252132291
542.0,0.03155886234362661
543.0,0.031863070553272824
544.0,0.032158281071675225
545.0,0.03244465979359449
546.0,0.03272184813505037
547.0,0.032989204180596574
548.0,0.03324255962949405
549.0,0.033477795009198855
550.0,0.03370266503249188
551.0,0.03392116549084896
552.0,0.034130518499530076
553.0,0.034329557959293495
554.0,0.03451372092563972
555.0,0.03467970338683191
556.0,0.034826668189736495
557.0,0.03495230874755651
558.0,0.035059089707427604
559.0,0.03514409417784318
560.0,0.03520799975963945
561.0,0.035252657600826395
562.0,0.0352776695507897
563.0,0.03528413822389479
564.0,0.035272322975166956
565.0,0.03524209833950911
566.0,0.03519356748800813
567.0,0.0351279671665601
568.0,0.035047227871828804
569.0,0.034951501565928765
570.0,0.034842615087096754
571.0,0.03471988102812333
572.0,0.03458760343664705
573.0,0.0344478141289093
574.0,0.03429857990780254
575.0,0.03413839160108449
576.0,0.033966141975543894
577.0,0.03378477224340898
578.0,0.03359896277539433
579.0,0.03340357755267553
580.0,0.03319759061754549
581.0,0.032984993592430706
582.0,0.032766974667347744
583.0,0.032538973157586484
584.0,0.03230749404031397
585.0,0.032073862397359244
586.0,0.03183532041509236
587.0,0.0315920778641823
588.0,0.03134166646254598
589.0,0.031090431740362762
590.0,0.03084268208431586
591.0,0.030598984483900294
592.0,0.030353677948941688
593.0,0.030093810042877894
594.0,0.029811356019678326
595.0,0.029497653093483477
596.0,0.0291487936475202
597.0,0.02875986784785393
598.0,0.028334920881465876
599.0,0.027896562748526553
600.0,0.027468338413577358
601.0,0.027074571842688515
602.0,0.026729964915910332
603.0,0.02643607183509216
604.0,0.026178521181779553
605.0,0.025948574141763027
606.0,0.025734098864157107
607.0,0.025517824742798977
608.0,0.025301414520807447
609.0,0.025082981512498475
610.0,0.02486065362779081
611.0,0.024637148591935113
612.0,0.024419237290653414
613.0,0.02420921908254347
614.0,0.024008163179533047
615.0,0.023805022995032434
616.0,0.02360644453852116
617.0,0.023423663687515348
618.0,0.023254883381363136
619.0,0.02310002585906837
620.0,0.0229660600910876
621.0,0.02285070881590373
622.0,0.022748667357130905
623.0,0.022661299943376245
624.0,0.022585670742433242
625.0,0.022512262343103683
626.0,0.022443776724418354
627.0,0.02238261498696972
628.0,0.022343459093194434
629.0,0.022321355034657906
630.0,0.02230661321477787
631.0,0.02229609922475886
632.0,0.022291870554433928
633.0,0.02230216872734988
634.0,0.02232295039615244
635.0,0.022356432149839647
636.0,0.02239444869066575
637.0,0.02243713865042065
638.0,0.0224950887073754
639.0,0.022556343965149654
640.0,0.022616538804758963
641.0,0.02266861363992313
642.0,0.022705973919381058
643.0,0.022730935376287727
644.0,0.0227455332371833
645.0,0.022748368342676056
646.0,0.022736590041253106
647.0,0.022708376120846124
648.0,0.022657070374187
649.0,0.022579890790439556
650.0,0.02246911599371038
651.0,0.022318115916199664
652.0,0.022124849180344706
653.0,0.02189164085919288
654.0,0.021639290304772383
655.0,0.02129976327193292
656.0,0.02083672735369766
657.0,0.020270244768678523
658.0,0.019679641655514522
659.0,0.019103172820013708
660.0,0.018538190707130746
661.0,0.017989492186891148
662.0,0.017458800901124248
663.0,0.016952374598008347
664.0,0.016485729665580866
665.0,0.0160616382053676
666.0,0.01568147320300709
667.0,0.015343264310479773
668.0,0.015060025162848975
669.0,0.014835256624607638
670.0,0.014663395600032925
671.0,0.014535667445336378
672.0,0.014447217009774495
673.0,0.014392317347595588
674.0,0.014367516348265094
675.0,0.014377691236810767
676.0,0.014418676047210088
677.0,0.014488095058589442
678.0,0.014597765849083639
679.0,0.014753682542374335
680.0,0.014954925331240937
681.0,0.01521493202284189
682.0,0.015542518904811198
683.0,0.01593830862432739
684.0,0.01642016796228028
685.0,0.017039790453172728
686.0,0.01778963498054849
687.0,0.01862684084571658
688.0,0.019347533844205393
689.0,0.020012967608438185
690.0,0.020722816974151726
691.0,0.02147669311794954
692.0,0.022266516410807978
693.0,0.023066024035327898
694.0,0.02384912920649686
695.0,0.02457975534070404
696.0,0.025227171111589515
697.0,0.025783956430303085
698.0,0.026257416499967035
699.0,0.026640059710740793
700.0,0.02691915761803071
701.0,0.02708202918583098
702.0,0.02712659514706383
703.0,0.027056020067593622
704.0,0.026893047517317525
705.0,0.02663980622054336
706.0,0.02628786627298932
707.0,0.02586503252255981
708.0,0.025374713024095392
709.0,0.024793560624529015
710.0,0.024136835454013086
711.0,0.023420312776464152
712.0,0.022655732709129114
713.0,0.0218699796395707
714.0,0.021076237156326623
715.0,0.02030252356184806
716.0,0.019534592617884122
717.0,0.01877357896487051
718.0,0.017981913742945783
719.0,0.017180782766387726
720.0,0.01641712055552558
721.0,0.01572900169929691
722.0,0.015100192511642019
723.0,0.014475479565166597
724.0,0.013838906495953023
725.0,0.013205367654831773
726.0,0.01258227566941087
727.0,0.011955125208208121
728.0,0.011312491722175426
729.0,0.010664365287083742
730.0,0.010041818844904815
731.0,0.009469587094760834
732.0,0.008958137352172305
733.0,0.008528576510810964
734.0,0.008176274449139905
735.0,0.007893785389060782
736.0,0.007665923742381173
737.0,0.007486169794707724
738.0,0.007354441999051965
739.0,0.007257312547715747
740.0,0.007177321729680728
741.0,0.0071194772276128625
742.0,0.0070783939772132085
743.0,0.007039338165637435
744.0,0.007007221511969572
745.0,0.006984806492822866
746.0,0.006964267248680761
747.0,0.006942287365418051
748.0,0.0069178359104411875
749.0,0.006893601201337712
750.0,0.0068697999399181964
751.0,0.006849713765505122
752.0,0.006829297408261441
753.0,0.006806313024356009
754.0,0.006786224226971333
755.0,0.006772711518478494
756.0,0.0067661729753096065
757.0,0.006774936301485415
758.0,0.006799324083902404
759.0,0.00683801690586847
760.0,0.006875675355788967
761.0,0.006872560252676206
762.0,0.006830114923604397
763.0,0.0067751205220089195
764.0,0.006736461370018018
765.0,0.006709943084995604
766.0,0.006697514407601244
767.0,0.006700007635096543
768.0,0.006709871546450703
769.0,0.006715260585169684
770.0,0.006720631446129584
771.0,0.006731544000576353
772.0,0.006753772292321404
773.0,0.0067777818867855305
774.0,0.006800242000365208
775.0,0.006818627741814405
776.0,0.006842582663126444
777.0,0.006881296934537429
778.0,0.00691771060842018
779.0,0.006949315898200746
780.0,0.0069861275602257165
781.0,0.007028213692303699
782.0,0.007071053454683292
783.0,0.007117440952456968
784.0,0.007165218845907334
785.0,0.007222292481872598
786.0,0.007279188149928341
787.0,0.007333419753769689
788.0,0.00738968311882283
789.0,0.007447923905000984
790.0,0.007509337295936105
791.0,0.007572224754671457
792.0,0.0076397618546863956
793.0,0.007710875122919991
794.0,0.007778114120667654
795.0,0.007839620279748391
796.0,0.007901398573125834
797.0,0.007960105344914647
798.0,0.008014686015773773
799.0,0.008069336763849539
800.0,0.008124331646774997
801.0,0.008174081151903398
802.0,0.008213214853604388
803.0,0.008239587824964142
804.0,0.00825830153577228
805.0,0.0082783982759606
806.0,0.008294610353142332
807.0,0.008288294757834328
808.0,0.008266454630063565
809.0,0.008228092365642318
810.0,0.008182516246730739
811.0,0.00813398350152513
812.0,0.008080746665871056
813.0,0.008015350314252167
814.0,0.007931316801638574
815.0,0.00783511887933041
816.0,0.007734161415484599
817.0,0.007643972525852314
818.0,0.007532521454153285
819.0,0.007394052734194465
820.0,0.007256032963896213
821.0,0.007099987228557966
822.0,0.006914887552185377
823.0,0.006715728103708947
824.0,0.00650151450505098
825.0,0.006272601488256949
826.0,0.006037803056503264
827.0,0.0057999942373862245
828.0,0.0055712061462144
829.0,0.005351045521576342
830.0,0.005134126975128518
831.0,0.004947339681796279
832.0,0.004791517318439497
833.0,0.004681008481787524
834.0,0.004596121814690605
835.0,0.00452301794839234
836.0,0.004452684614214322
837.0,0.00439282700446344
838.0,0.004342140614508
839.0,0.004303846107972263
840.0,0.004269453132128115
841.0,0.004224446126632804
842.0,0.004186215507622344
843.0,0.004160855546995336
844.0,0.004136686315372961
845.0,0.004113011985706329
846.0,0.004082079873880164
847.0,0.00404990072481775
848.0,0.004012964981034676
849.0,0.003987036961407285
850.0,0.0039680229453358095
851.0,0.003948730451757863
852.0,0.003919265783546091
853.0,0.0038902784557451027
854.0,0.0038608715264880633
855.0,0.003841271159449125
856.0,0.003828737985614976
857.0,0.003811184551926258
858.0,0.003791507781576788
859.0,0.0037716303341706905
860.0,0.0037467946549081853
861.0,0.0037226517941324486
862.0,0.003704323222553601
863.0,0.003684098104910076
864.0,0.0036517366804694764
865.0,0.003638402392536744
866.0,0.00362370616299417
867.0,0.003601770272110232
868.0,0.0035683228110394106
869.0,0.003537325433759705
870.0,0.0035302270183792616
871.0,0.0035025546961867495
872.0,0.0034648254892332662
873.0,0.00343940488923426
874.0,0.0034028712626943715
875.0,0.0033561638322804578
876.0,0.003337275535826807
877.0,0.003317984509724059
878.0,0.0032920513644462946
879.0,0.0032710474092203365
880.0,0.00325013688362929
881.0,0.003198966428982433
882.0,0.0031622523765090587
883.0,0.003144380204164661
884.0,0.0031093903485641993
885.0,0.0030878679749866502
886.0,0.0030711649406616596
887.0,0.0030359250979395775
888.0,0.002995366541953869
889.0,0.002968466121868532
890.0,0.0029354612064989355
891.0,0.002909789085414928
892.0,0.0029020665852997523
893.0,0.002878147955473778
894.0,0.0028370406545032774
895.0,0.0028214239485731705
896.0,0.0028110938538701063
897.0,0.002802654359604172
898.0,0.002750736274563398
899.0,0.0026923504309052425
