/begin_header
/west_longitude=UNKNOWN
/south_latitude=NA
/north_latitude=UNKNOWN
/calibration_files=NA
/cruise=NA
/station=NA
/documents=NA
/data_type=NA
/affiliations=NOAA
/experiment=NA
/units=nm,dl
/start_date=2019-08-07
/end_date=NA
/missing=9999
/start_time=11:31:49
/data_file_name=NA
/cloud_percent=NA
/water_depth=NA
/data_status=NA
/east_longitude=NA
/wind_speed=NA
/secchi=NA
/measurement_depth=NA
/fields=wavelength,rrs
/delimiter=comma
/contact=NA
/end_time=NA
/wave_height=NA
/investigators=NA
/end_header@
325.0,0.006207776467656661
326.0,0.006439015512071185
327.0,0.006494574011155612
328.0,0.006387700330394891
329.0,0.006489293508941009
330.0,0.006585157021416731
331.0,0.006500402530892143
332.0,0.006476739549007929
333.0,0.00651654698868738
334.0,0.00648391310276909
335.0,0.0064924880620399585
336.0,0.006574207059707893
337.0,0.006605813091812966
338.0,0.0066317466155654
339.0,0.006652496292944221
340.0,0.006717512961622154
341.0,0.006779683980614269
342.0,0.0067666766629939186
343.0,0.006845357601134255
344.0,0.0069828295804327135
345.0,0.007071793989047548
346.0,0.007107125441695053
347.0,0.007107568417157662
348.0,0.007185515634993566
349.0,0.007286162224248295
350.0,0.007329089600218769
351.0,0.00739549087572138
352.0,0.007482090147856599
353.0,0.007518639657329208
354.0,0.007565601346706921
355.0,0.007635752630443407
356.0,0.007695447724936677
357.0,0.007744488294884414
358.0,0.007795483083120407
359.0,0.007829627331102894
360.0,0.007852433674616015
361.0,0.007895356725842316
362.0,0.00794780902112805
363.0,0.007992735042880544
364.0,0.008013084609534742
365.0,0.008024238338248712
366.0,0.00802649141731558
367.0,0.00803675528045774
368.0,0.008048502687334997
369.0,0.008063205119233977
370.0,0.008072324554424023
371.0,0.008082271590834921
372.0,0.00810312674723422
373.0,0.00812775090262945
374.0,0.008157371859801211
375.0,0.008168463865799312
376.0,0.0081701919918621
377.0,0.008158642268215778
378.0,0.008157455679233028
379.0,0.008172337803723175
380.0,0.008189526252348785
381.0,0.00820877573070132
382.0,0.008225945757495795
383.0,0.008271061080199553
384.0,0.00832134017331471
385.0,0.008339330598826626
386.0,0.008353375786455747
387.0,0.008368935333904174
388.0,0.008365529886757593
389.0,0.008373459464158477
390.0,0.008395921824364074
391.0,0.008407592630876856
392.0,0.008418404622045407
393.0,0.008467709877001942
394.0,0.00848433594941099
395.0,0.008461066338577449
396.0,0.00846212993216829
397.0,0.008451030642516368
398.0,0.008421002306842389
399.0,0.008406105801472538
400.0,0.008393319869540845
401.0,0.00835945447263602
402.0,0.008343364096224427
403.0,0.008336730889581988
404.0,0.008312107458655847
405.0,0.008282365220782881
406.0,0.008255019858944546
407.0,0.00821485403406928
408.0,0.00817255103373107
409.0,0.00813702239346568
410.0,0.008101537412602937
411.0,0.008066095889252566
412.0,0.0080404408547525
413.0,0.008016254263218234
414.0,0.007990122576183704
415.0,0.00797450351012471
416.0,0.00796841710138572
417.0,0.007953575387217662
418.0,0.007950516467161895
419.0,0.007959649569951535
420.0,0.007961955900928647
421.0,0.00796160628873813
422.0,0.007967936223948386
423.0,0.007971109902087043
424.0,0.007972503971052489
425.0,0.007982004942233152
426.0,0.007990501802815202
427.0,0.007996258923203553
428.0,0.007999610538438923
429.0,0.007991009950946178
430.0,0.007971261254857113
431.0,0.007955955507779718
432.0,0.007941923794123158
433.0,0.00792553495193327
434.0,0.007911761163051007
435.0,0.007902189889828671
436.0,0.007902034599687673
437.0,0.007912697954060653
438.0,0.007939799047830699
439.0,0.007969647060465082
440.0,0.008009939275722463
441.0,0.008078574345984002
442.0,0.008157777883460598
443.0,0.008246929366488418
444.0,0.008366767465692777
445.0,0.00850145928663804
446.0,0.008642835751374338
447.0,0.00880319731602608
448.0,0.008979479202925852
449.0,0.009153310260760803
450.0,0.009331645378266817
451.0,0.009513698827721243
452.0,0.00968903702599913
453.0,0.009861680949616888
454.0,0.010031621150026693
455.0,0.01019143127447177
456.0,0.01033955841088034
457.0,0.010470800583633552
458.0,0.010588931696848703
459.0,0.010697447534805612
460.0,0.010800762544003846
461.0,0.010898189171228423
462.0,0.010992167679564487
463.0,0.011083053247011183
464.0,0.01117218123961024
465.0,0.011262746263785931
466.0,0.011352696940610021
467.0,0.011443801494338116
468.0,0.011533672434859447
469.0,0.011624405300471544
470.0,0.011718087437298099
471.0,0.011800330209803148
472.0,0.01187345983145695
473.0,0.011950916347825741
474.0,0.012025936564027817
475.0,0.012095218732785896
476.0,0.01215925809317198
477.0,0.012218771255185976
478.0,0.012277613583386972
479.0,0.012337016267083677
480.0,0.012398923745846835
481.0,0.012462059115019878
482.0,0.012526246765085357
483.0,0.012596441674399828
484.0,0.012669698616154104
485.0,0.012746148022455495
486.0,0.012827171248111136
487.0,0.012907560303164544
488.0,0.012983422783004397
489.0,0.013074348031609107
490.0,0.013171401322780229
491.0,0.013269475932224235
492.0,0.01338335316594844
493.0,0.013513404102588061
494.0,0.013650544635797453
495.0,0.013797142826698467
496.0,0.01395576333981296
497.0,0.014126951173534071
498.0,0.01431203474263451
499.0,0.014512917751909707
500.0,0.01472412596515393
501.0,0.01494238717489449
502.0,0.015170816127199001
503.0,0.015406819968425453
504.0,0.015649938803577432
505.0,0.01589213366249141
506.0,0.01613270049369902
507.0,0.016378222738190718
508.0,0.016624165500198317
509.0,0.016872214002547348
510.0,0.01711824844381234
511.0,0.017363449289653488
512.0,0.01761809988746363
513.0,0.01788503692036824
514.0,0.018169632560613127
515.0,0.018477693064587252
516.0,0.01881150967915262
517.0,0.01916385147319784
518.0,0.019523720847035624
519.0,0.01989027698078368
520.0,0.020259076191007534
521.0,0.02064015647670393
522.0,0.021040854790669222
523.0,0.02145934538664599
524.0,0.021899898423865895
525.0,0.022364054271410007
526.0,0.022857459840406456
527.0,0.023376240053984858
528.0,0.023901425271439715
529.0,0.024422979088743798
530.0,0.024944683113969572
531.0,0.02548943689811447
532.0,0.026052977479392066
533.0,0.026626794216532794
534.0,0.02719831985460496
535.0,0.027755537940034502
536.0,0.028302812889401775
537.0,0.028840887526587998
538.0,0.029370506355363042
539.0,0.02988774441495375
540.0,0.03038935149973951
541.0,0.030868596941151953
542.0,0.03131354951762025
543.0,0.03171821045475208
544.0,0.03208877985299992
545.0,0.03242352157252265
546.0,0.03272064832528974
547.0,0.03298190084445464
548.0,0.033207022216606055
549.0,0.03338995988024378
550.0,0.03354592006883293
551.0,0.03368182202755614
552.0,0.03379774788976446
553.0,0.03388663017197656
554.0,0.033944296390005214
555.0,0.033973876427087345
556.0,0.03397665518828333
557.0,0.033956567410592706
558.0,0.03390597907301908
559.0,0.03382183914280312
560.0,0.03371340067384217
561.0,0.03357897070847978
562.0,0.0334208021218159
563.0,0.03323765356394629
564.0,0.03302593628875385
565.0,0.032787265091279424
566.0,0.03252317887554048
567.0,0.03223487964397602
568.0,0.031927478887287926
569.0,0.03159848197412389
570.0,0.031243151673712766
571.0,0.03087178851666237
572.0,0.030491317837694952
573.0,0.03011049409981839
574.0,0.029727864578586755
575.0,0.029337368187019403
576.0,0.02893865429905646
577.0,0.028530982233980772
578.0,0.028108976916200002
579.0,0.027678890897202064
580.0,0.027248102167298265
581.0,0.026802013826109916
582.0,0.026343049412738982
583.0,0.025882583683649336
584.0,0.025411044360706077
585.0,0.024929051213524973
586.0,0.024453631408637024
587.0,0.02397689299838146
588.0,0.02348773391498946
589.0,0.02298508588920514
590.0,0.022476463787661927
591.0,0.021969731944291904
592.0,0.02147377621830213
593.0,0.020975251627345204
594.0,0.020449885235738534
595.0,0.019889798709840666
596.0,0.019302655543053472
597.0,0.018692037205458915
598.0,0.018068785030438708
599.0,0.017457888205940505
600.0,0.01689516057695456
601.0,0.016410050594962974
602.0,0.015995904224801624
603.0,0.015655931020306987
604.0,0.015389595378234372
605.0,0.015170474053775074
606.0,0.014980773924779252
607.0,0.014809014247207014
608.0,0.01464428383097192
609.0,0.014481359097470923
610.0,0.014320685768663544
611.0,0.01416332591587651
612.0,0.014015302805284202
613.0,0.01386551053635201
614.0,0.013710038958530676
615.0,0.013568497683495554
616.0,0.013438306461542694
617.0,0.013303640542950471
618.0,0.013186770698296966
619.0,0.013088000976545801
620.0,0.012985191448579417
621.0,0.012890344557657137
622.0,0.012817510677018914
623.0,0.012748325613414869
624.0,0.012683255075710437
625.0,0.01263115590684526
626.0,0.012575581589848344
627.0,0.01251741298720221
628.0,0.012480436781766335
629.0,0.012458852280633132
630.0,0.012445844205560901
631.0,0.0124449480534198
632.0,0.012454288986609736
633.0,0.012466653483498045
634.0,0.012485627803708679
635.0,0.012516847516428713
636.0,0.012555350800885701
637.0,0.012598865185912161
638.0,0.012644186133209551
639.0,0.012690367797265803
640.0,0.012737066769742506
641.0,0.012784486297157064
642.0,0.012821897168926616
643.0,0.012837639127727344
644.0,0.012844265158125914
645.0,0.012845034304586495
646.0,0.012833695278752883
647.0,0.012815701088221148
648.0,0.012792925158463659
649.0,0.01274279627935881
650.0,0.012662095797184556
651.0,0.012551473907054323
652.0,0.012422178194388242
653.0,0.01227923179390301
654.0,0.01212757657444995
655.0,0.011925220100433684
656.0,0.0116437710694995
657.0,0.011314162370029978
658.0,0.010982410149550795
659.0,0.010662540651997754
660.0,0.010350641943418098
661.0,0.010052253146897826
662.0,0.009766239071387758
663.0,0.009485099091622689
664.0,0.009204747062291876
665.0,0.008938541304628468
666.0,0.008688895896505533
667.0,0.008455976288301244
668.0,0.00824611367587728
669.0,0.008064011029540307
670.0,0.007913308711039391
671.0,0.0077840449736171395
672.0,0.0076668897232002875
673.0,0.007570398363784291
674.0,0.007497178484530552
675.0,0.007433816298213172
676.0,0.007388416249341808
677.0,0.007372864774619116
678.0,0.0073736923059120035
679.0,0.007398001589174105
680.0,0.007465059856362091
681.0,0.007565156230612978
682.0,0.007695201068742971
683.0,0.00787129388690052
684.0,0.00808911327903249
685.0,0.008356232876842572
686.0,0.008685372194424824
687.0,0.009066820408045082
688.0,0.009407058171459108
689.0,0.009734534043935693
690.0,0.01008464359512086
691.0,0.010435715634469472
692.0,0.010789016584264415
693.0,0.011143465240079184
694.0,0.011484911380234915
695.0,0.011797969599409392
696.0,0.01207226352868202
697.0,0.012301850781402768
698.0,0.012479514145789978
699.0,0.01261375034788656
700.0,0.012709974432228602
701.0,0.01276797738509175
702.0,0.012784850769182326
703.0,0.012757811525821599
704.0,0.012679745988658776
705.0,0.012557870734442773
706.0,0.012411522344238594
707.0,0.012221659527454364
708.0,0.01198972882224851
709.0,0.011737382906646056
710.0,0.011457055696452426
711.0,0.011143511830154966
712.0,0.01080480552689286
713.0,0.01045155886602784
714.0,0.010088972842481335
715.0,0.009729181072628924
716.0,0.009364278893596034
717.0,0.0089953284196214
718.0,0.008615619552390374
719.0,0.008261038890717257
720.0,0.007925606315043465
721.0,0.007622960470859102
722.0,0.007334800804039974
723.0,0.007032883459178825
724.0,0.006709870720559586
725.0,0.006403181364001903
726.0,0.0061028137756139415
727.0,0.005783835562414413
728.0,0.005464416316974444
729.0,0.005146281129083885
730.0,0.004831861962175455
731.0,0.0045478051996467915
732.0,0.0043022801272950845
733.0,0.004084941140749622
734.0,0.003898465232631612
735.0,0.003753994080938707
736.0,0.0036384844906795903
737.0,0.003548892303804315
738.0,0.003489022734153582
739.0,0.0034471774583380668
740.0,0.0034048209834951137
741.0,0.0033790707101596534
742.0,0.003366409381193912
743.0,0.0033467337830164422
744.0,0.0033364325176876244
745.0,0.0033364672736525603
746.0,0.0033218875785940975
747.0,0.0033047590424545845
748.0,0.003303674433924546
749.0,0.003297769486560729
750.0,0.003286173564350307
751.0,0.0032812479525734907
752.0,0.00327377414561963
753.0,0.0032649762856603684
754.0,0.0032570580927178414
755.0,0.0032477019322884686
756.0,0.003237533499073175
757.0,0.0032208174659276306
758.0,0.0031937044501977167
759.0,0.0031534414027905
760.0,0.0030957771265774357
761.0,0.0030444548559111924
762.0,0.003004109460330933
763.0,0.0029895972733267567
764.0,0.0030405617713781656
765.0,0.003098242303469866
766.0,0.0031440436225075976
767.0,0.0031779838227224055
768.0,0.003208578163448357
769.0,0.0032317660590023478
770.0,0.0032489874324447563
771.0,0.0032630739870075963
772.0,0.003269726892864156
773.0,0.003285271900649972
774.0,0.003308977201065685
775.0,0.00331943789872433
776.0,0.00333166593487698
777.0,0.003362149493577317
778.0,0.0033839748206039777
779.0,0.00339737969969174
780.0,0.0034259279233979554
781.0,0.0034538277316186255
782.0,0.003474469534913846
783.0,0.0035032015280560746
784.0,0.0035346331321290574
785.0,0.0035596243994537704
786.0,0.0035837733961102854
787.0,0.0036079675087710454
788.0,0.0036329243169562287
789.0,0.0036620390328763095
790.0,0.00369970853096876
791.0,0.003737803390100345
792.0,0.0037738676794720643
793.0,0.0038141332410648703
794.0,0.003850171671516799
795.0,0.003882972577052634
796.0,0.003924651144106642
797.0,0.003960891596266742
798.0,0.0039849931958028505
799.0,0.004006467909849575
800.0,0.004030561988195566
801.0,0.004057805588044276
802.0,0.004082165712599753
803.0,0.004098013266613585
804.0,0.004114254643959882
805.0,0.004126878990571693
806.0,0.004123123269250605
807.0,0.004117415652085865
808.0,0.004102678922214028
809.0,0.0040858679161101885
810.0,0.004053866544868418
811.0,0.004001185288219995
812.0,0.0039477553360210815
813.0,0.003890680289431587
814.0,0.003832642028784945
815.0,0.003782754997045508
816.0,0.003731642731971991
817.0,0.0036711264374408824
818.0,0.00361296274267248
819.0,0.0035571641395648673
820.0,0.0034800346360890425
821.0,0.003385218168728264
822.0,0.0032866687048130607
823.0,0.0031751358275851115
824.0,0.0030574677505605754
825.0,0.002936717224767184
826.0,0.0028011621919236465
827.0,0.0026533642114465097
828.0,0.0025217457637486725
829.0,0.002397464489161634
830.0,0.0022700015688203942
831.0,0.002164342176133605
832.0,0.002080816130390252
833.0,0.0020135757550956003
834.0,0.0019570009625387024
835.0,0.0019048005762407456
836.0,0.001868274716792244
837.0,0.0018426913172984206
838.0,0.0018316661008548826
839.0,0.0018081489565312252
840.0,0.001782874171254461
841.0,0.0017585356354289743
842.0,0.0017395637790997027
843.0,0.0017250626162071368
844.0,0.001708151971505335
845.0,0.0016860119258055087
846.0,0.0016516594864299378
847.0,0.0016446040478460583
848.0,0.0016431163862855012
849.0,0.0016056454635284731
850.0,0.001583527686054039
851.0,0.0015872586347795176
852.0,0.001568077557552397
853.0,0.0015458845123223354
854.0,0.001547721458861865
855.0,0.0015250248573376662
856.0,0.0014930570678833182
857.0,0.0014870627473412507
858.0,0.0014813827294971528
859.0,0.001468892411860245
860.0,0.0014568127197526668
861.0,0.0014365852781319606
862.0,0.0014103214327503169
863.0,0.0014011204460421985
864.0,0.001401559375697904
865.0,0.001387827881793258
866.0,0.0013760383587590453
867.0,0.001363938653764536
868.0,0.0013275223260596275
869.0,0.0012980525894196546
870.0,0.001294337225893981
871.0,0.0012855745442265352
872.0,0.0012704836938586582
873.0,0.0012744134722774214
874.0,0.0012470198880424259
875.0,0.0011941786721132743
876.0,0.0011821587228300961
877.0,0.001165960778319789
878.0,0.001130326481377448
879.0,0.0011159626994109704
880.0,0.0011103960537410741
881.0,0.0010886675041529516
882.0,0.0010719446599465722
883.0,0.0010523232384640389
884.0,0.0009988847823607166
885.0,0.0009724436598499911
886.0,0.0009963669039357997
887.0,0.0009594721773424368
888.0,0.0009131087707048617
889.0,0.0009101511948548114
890.0,0.000884791376049774
891.0,0.000846088946502426
892.0,0.0008268110863109635
893.0,0.0007942743119721372
894.0,0.0007503652828593643
895.0,0.0007299260225076325
896.0,0.0007258099638970979
897.0,0.0007003468059387433
898.0,0.0006627683254996574
899.0,0.0006390372177002104
