/begin_header
/west_longitude=UNKNOWN
/south_latitude=NA
/north_latitude=UNKNOWN
/calibration_files=NA
/cruise=NA
/station=NA
/documents=NA
/data_type=NA
/affiliations=NOAA
/experiment=NA
/units=nm,dl
/start_date=2019-08-07
/end_date=NA
/missing=9999
/start_time=12:19:51
/data_file_name=NA
/cloud_percent=NA
/water_depth=NA
/data_status=NA
/east_longitude=NA
/wind_speed=NA
/secchi=NA
/measurement_depth=NA
/fields=wavelength,rrs
/delimiter=comma
/contact=NA
/end_time=NA
/wave_height=NA
/investigators=NA
/end_header@
325.0,0.004343868788164994
326.0,0.004429694270962464
327.0,0.004474511537070824
328.0,0.004444078712566621
329.0,0.0045183829919687914
330.0,0.00455550954567884
331.0,0.004540751785441628
332.0,0.004569302787705885
333.0,0.0046501613702216935
334.0,0.004711235756761152
335.0,0.004702245166349423
336.0,0.004671427629040691
337.0,0.004728479107841628
338.0,0.004792968182837762
339.0,0.004825578155280922
340.0,0.00485831100614942
341.0,0.004906373729573548
342.0,0.004983398965222969
343.0,0.005073535825004272
344.0,0.005155693036265885
345.0,0.005223093742785433
346.0,0.005275087936641547
347.0,0.005354209508041987
348.0,0.005468160592525426
349.0,0.005578552740225338
350.0,0.005675588578617752
351.0,0.005766063957838361
352.0,0.005840201632556418
353.0,0.005915453892535663
354.0,0.005996437318355908
355.0,0.006078444824679816
356.0,0.006148504734366701
357.0,0.006200435904715173
358.0,0.006273126639363369
359.0,0.006345777976290429
360.0,0.006400656136590665
361.0,0.006421633115442668
362.0,0.00645918880374773
363.0,0.006516591201532811
364.0,0.006540320785437678
365.0,0.0065579170059266445
366.0,0.006585778174484432
367.0,0.00662771815396152
368.0,0.006670937951408593
369.0,0.006684835172966849
370.0,0.006697741128328776
371.0,0.006727634544943776
372.0,0.006757867019432441
373.0,0.006765488279051719
374.0,0.006766559514754413
375.0,0.006793074585932431
376.0,0.006835924801666468
377.0,0.006847080732860801
378.0,0.0068517084913205725
379.0,0.006861200908664961
380.0,0.006881592614168772
381.0,0.006916370724203029
382.0,0.006961964250407249
383.0,0.007001055602432295
384.0,0.007017621616645797
385.0,0.007035834612394496
386.0,0.00705772486307821
387.0,0.007084207557090251
388.0,0.00711310686857144
389.0,0.007137090464203154
390.0,0.007154205200528655
391.0,0.007191159866268696
392.0,0.007217103163936714
393.0,0.007212165123590179
394.0,0.007237284575031445
395.0,0.0072802005722620595
396.0,0.007282140279307775
397.0,0.00726349966546515
398.0,0.007237279511192176
399.0,0.0072146552322133834
400.0,0.007194597589324508
401.0,0.007186445306115674
402.0,0.007166456899633036
403.0,0.007137762634276517
404.0,0.007124341382655807
405.0,0.007109485914390701
406.0,0.007079365239877634
407.0,0.007048746738437886
408.0,0.0070117153073154335
409.0,0.006966460561398824
410.0,0.006932077280754694
411.0,0.0069073697824589275
412.0,0.0068725481471329005
413.0,0.00684866077358494
414.0,0.0068437581006480525
415.0,0.006825661839087052
416.0,0.006810976888495987
417.0,0.006821768689927324
418.0,0.006825516958101392
419.0,0.006820505876103498
420.0,0.0068284887271864905
421.0,0.0068374988294045815
422.0,0.006844776540658251
423.0,0.006852144792995754
424.0,0.0068596423986287585
425.0,0.0068685994747047716
426.0,0.006882840143000736
427.0,0.006897993211722242
428.0,0.006895740458124888
429.0,0.00688881267800226
430.0,0.006884902406885329
431.0,0.006873234463639388
432.0,0.006856954445999396
433.0,0.006844124347802854
434.0,0.006835807610529024
435.0,0.006833659716891977
436.0,0.0068435002713905235
437.0,0.006856742427648185
438.0,0.006877444572416907
439.0,0.006920240382533022
440.0,0.006978535374653583
441.0,0.0070457741378183395
442.0,0.007126204348869601
443.0,0.007221295146078927
444.0,0.0073298014174173615
445.0,0.007457452321443583
446.0,0.007612060868804919
447.0,0.007767458677296372
448.0,0.00792461244397643
449.0,0.008094067876944661
450.0,0.008267944260145354
451.0,0.008441293124912054
452.0,0.008610948073077943
453.0,0.008775439826009427
454.0,0.008932642769474844
455.0,0.009084186363942183
456.0,0.009225451245854095
457.0,0.009346095562989378
458.0,0.009456898841832114
459.0,0.00956095284182685
460.0,0.009665476129490713
461.0,0.009766390091462076
462.0,0.009858838890910193
463.0,0.009945746332455445
464.0,0.010032422730792866
465.0,0.010126745594908861
466.0,0.010224375710305076
467.0,0.010320391225504905
468.0,0.010419345539759373
469.0,0.010513723505631619
470.0,0.010596879328573939
471.0,0.010687029311183989
472.0,0.010783301647453157
473.0,0.010861079009203644
474.0,0.010938840640413514
475.0,0.011023411753227902
476.0,0.011098278957576414
477.0,0.011167679890280138
478.0,0.0112407310827791
479.0,0.011307794723761849
480.0,0.011369349050819134
481.0,0.01143526871284844
482.0,0.011504458666300293
483.0,0.011573187682576157
484.0,0.01164336878842093
485.0,0.011718456112278522
486.0,0.011798211022047225
487.0,0.011879589229386188
488.0,0.011965430539987582
489.0,0.012046677921012761
490.0,0.012132888525543348
491.0,0.012236867914081481
492.0,0.012351602893097379
493.0,0.012475465738583512
494.0,0.012615039221554408
495.0,0.012763940812757104
496.0,0.012922227386953967
497.0,0.013097500942806341
498.0,0.013288118100881655
499.0,0.01348838168106183
500.0,0.013705883512205353
501.0,0.013938213659439239
502.0,0.014173248694663545
503.0,0.014413981790898723
504.0,0.01466141079973344
505.0,0.014907455064794522
506.0,0.015154466452223427
507.0,0.015414012219975662
508.0,0.015670940446177388
509.0,0.015922964704828863
510.0,0.016177225219347665
511.0,0.01643620477174718
512.0,0.016693363566661096
513.0,0.016962597177472248
514.0,0.017253215031546993
515.0,0.01756061088958924
516.0,0.0178919353009555
517.0,0.018246188882325442
518.0,0.0185973809419576
519.0,0.018947501680890676
520.0,0.01931057104935507
521.0,0.01967661843241699
522.0,0.020054189039886264
523.0,0.02045792398277294
524.0,0.020884913828696314
525.0,0.021330764303412655
526.0,0.02180168313040605
527.0,0.02229690317570031
528.0,0.022796880624148277
529.0,0.02329292589795981
530.0,0.023790180147297283
531.0,0.024311504001838728
532.0,0.02485599192288298
533.0,0.02541433384996203
534.0,0.02597251610940323
535.0,0.02651683464013288
536.0,0.027055495477409198
537.0,0.027591171331286014
538.0,0.02812550265421725
539.0,0.028646802289177868
540.0,0.02915045317852602
541.0,0.029633428618834605
542.0,0.030087709284834285
543.0,0.030507380303538095
544.0,0.03088867835066945
545.0,0.031233933329264007
546.0,0.031547628421737056
547.0,0.03182495995156387
548.0,0.0320631705799406
549.0,0.03226743149804364
550.0,0.03244376937637769
551.0,0.03259741986906809
552.0,0.03272689129220468
553.0,0.03283155654256252
554.0,0.032911335734433916
555.0,0.03296165512787667
556.0,0.032983010183777625
557.0,0.032977686932570874
558.0,0.032945170476263066
559.0,0.03288727005093708
560.0,0.03280530298570785
561.0,0.032703607606630124
562.0,0.0325797543624933
563.0,0.03243197530683409
564.0,0.032262616212384604
565.0,0.03207661634560126
566.0,0.03186868678091158
567.0,0.031641239755216086
568.0,0.03138747997785305
569.0,0.031108270943941824
570.0,0.030814856731934875
571.0,0.03051229953586763
572.0,0.030208035683879496
573.0,0.029903527209945602
574.0,0.029594899991960827
575.0,0.029283983772768835
576.0,0.02896880188729332
577.0,0.028647214093438445
578.0,0.028321579106741525
579.0,0.0279822642876699
580.0,0.027622150344322992
581.0,0.02725291124036147
582.0,0.026872096639594036
583.0,0.026473194851484343
584.0,0.026067924815594334
585.0,0.02565924020395713
586.0,0.02524020822541258
587.0,0.02481351386046054
588.0,0.02438176614353117
589.0,0.02392250787528196
590.0,0.023442352858419994
591.0,0.02296873573904402
592.0,0.022494839091667357
593.0,0.02199675771311618
594.0,0.021474856524212615
595.0,0.020916432220607305
596.0,0.020311421136764297
597.0,0.01968160900946617
598.0,0.019043040065541274
599.0,0.018417070104533965
600.0,0.017840278159154274
601.0,0.01733970439186912
602.0,0.016917945865544876
603.0,0.016576702300108482
604.0,0.016310396835409087
605.0,0.016088901911287732
606.0,0.0158929605600573
607.0,0.01571176069518828
608.0,0.015536680526980495
609.0,0.015360672136984947
610.0,0.01519275476245011
611.0,0.015031874899408054
612.0,0.014864740102308158
613.0,0.014698157880912766
614.0,0.014540677206002587
615.0,0.014387819337432292
616.0,0.014241161105704666
617.0,0.014101599813922228
618.0,0.013972730020056053
619.0,0.01385502976984615
620.0,0.013757006830941165
621.0,0.013667151664723005
622.0,0.013578816399287461
623.0,0.013504699845060664
624.0,0.01344375930662067
625.0,0.013382035184252048
626.0,0.013330320214851454
627.0,0.013289744397633613
628.0,0.013256566728224072
629.0,0.013232695140961453
630.0,0.013216020033141443
631.0,0.013209338831438678
632.0,0.013212771068406102
633.0,0.013225716592499178
634.0,0.013250356282973002
635.0,0.013283088655951916
636.0,0.013323354187640057
637.0,0.013365208188450734
638.0,0.013407301336145558
639.0,0.01345531894463765
640.0,0.013504615545035435
641.0,0.013536837256403792
642.0,0.013559685061264662
643.0,0.013578409885405587
644.0,0.013590978082803771
645.0,0.013591318103340308
646.0,0.01357252981751142
647.0,0.013535006780349515
648.0,0.01347895403134565
649.0,0.013397636754926898
650.0,0.013289888480462128
651.0,0.01315146673239509
652.0,0.012985604833391862
653.0,0.012798156725721366
654.0,0.012595325242369263
655.0,0.012332016698336307
656.0,0.011986509647678039
657.0,0.011591724047798471
658.0,0.0111981393825344
659.0,0.010828288509928358
660.0,0.01047098170220796
661.0,0.010123028454625092
662.0,0.009784891048148746
663.0,0.009454909962722694
664.0,0.009127998873870575
665.0,0.008824999774515792
666.0,0.008547853701881738
667.0,0.008280357915657604
668.0,0.00804730923452913
669.0,0.007859434932884036
670.0,0.007695097215813303
671.0,0.007553925281553513
672.0,0.007439696578528396
673.0,0.007345174898699897
674.0,0.007264267129925639
675.0,0.007205635183394078
676.0,0.007172920513810323
677.0,0.007158239140685266
678.0,0.0071725931429554
679.0,0.007217680818219075
680.0,0.007288752356621414
681.0,0.007403616909569773
682.0,0.007561887274387861
683.0,0.0077551734442533
684.0,0.007994839689211877
685.0,0.008317500549245236
686.0,0.00870005796954828
687.0,0.009114565486954941
688.0,0.009472785751920818
689.0,0.009804425651293424
690.0,0.010155444507859143
691.0,0.01052023919362739
692.0,0.010899449241276182
693.0,0.011288438793915733
694.0,0.011662378417562215
695.0,0.011997181850875744
696.0,0.012297547531252607
697.0,0.012575112402472097
698.0,0.012835613411901597
699.0,0.013055770504942322
700.0,0.01323064896669809
701.0,0.013372470905034364
702.0,0.01346113030120236
703.0,0.013485418000342492
704.0,0.013474217132279215
705.0,0.013425399262386308
706.0,0.013325247331350622
707.0,0.013189293792758367
708.0,0.01301841025136668
709.0,0.012797736465761631
710.0,0.01254033662326943
711.0,0.01225796996266915
712.0,0.011940631279422272
713.0,0.011605902156862526
714.0,0.011272330594464506
715.0,0.010946164530259216
716.0,0.010616963913428831
717.0,0.010275992570703819
718.0,0.009894557536871552
719.0,0.009489880611195302
720.0,0.009107130172371098
721.0,0.00876498996000721
722.0,0.008446430878791263
723.0,0.008119614347556444
724.0,0.007775936669444985
725.0,0.0074300974616629874
726.0,0.007080181306552515
727.0,0.006709911368756545
728.0,0.006325956744434672
729.0,0.005935946120148507
730.0,0.005545448315655343
731.0,0.0051832483177794725
732.0,0.004864315574045968
733.0,0.004594674119823658
734.0,0.0043686470318915665
735.0,0.004183754192732953
736.0,0.004035279811096337
737.0,0.003920368697512984
738.0,0.0038353736933379374
739.0,0.0037683820503965197
740.0,0.003718759928338998
741.0,0.0036845101845106596
742.0,0.0036572939902049456
743.0,0.0036294786191330307
744.0,0.003609299006724814
745.0,0.0036001609949077563
746.0,0.0035908856702463105
747.0,0.0035784094377185856
748.0,0.003566892697659726
749.0,0.0035629201021844365
750.0,0.003559252602312326
751.0,0.00354239154759809
752.0,0.0035292412019561252
753.0,0.0035209085158504996
754.0,0.003509302593411568
755.0,0.0035002239077123855
756.0,0.0035013946835519847
757.0,0.003519880280667808
758.0,0.0035600111206156547
759.0,0.0036255191710509137
760.0,0.003688535859043675
761.0,0.0036935053612908025
762.0,0.0036799794714022045
763.0,0.0036445834479725304
764.0,0.003590549186578006
765.0,0.0035544998303581174
766.0,0.00353782277061201
767.0,0.003527811156180334
768.0,0.003526697138882503
769.0,0.003532888309662553
770.0,0.0035399851782025927
771.0,0.0035499321867319238
772.0,0.003561114708468152
773.0,0.003574333246371479
774.0,0.003591634386159477
775.0,0.0036153632008513784
776.0,0.0036415614306968525
777.0,0.003660653629022968
778.0,0.0036863679840372574
779.0,0.0037193383277717663
780.0,0.00374648007632322
781.0,0.003775980932011561
782.0,0.0038099084844630273
783.0,0.003844621563994192
784.0,0.003885481549165723
785.0,0.003935321191110845
786.0,0.003975436979498733
787.0,0.004009289545761043
788.0,0.0040504156921188
789.0,0.004093955991093757
790.0,0.0041371232736714
791.0,0.004182710044258067
792.0,0.004225514644695447
793.0,0.004269279264535298
794.0,0.004317801947399444
795.0,0.004369522490567249
796.0,0.004410022056303728
797.0,0.0044484157167501755
798.0,0.0044875324812258185
799.0,0.0045242802325691734
800.0,0.004557595730392748
801.0,0.004595047537898673
802.0,0.004623802039892543
803.0,0.004641007432542339
804.0,0.004648670788436919
805.0,0.004648586088678547
806.0,0.004652391997924169
807.0,0.004656454423801712
808.0,0.004652125843570247
809.0,0.004635531685289093
810.0,0.004614212620874698
811.0,0.004588730981028704
812.0,0.004554534931147482
813.0,0.004512832692724369
814.0,0.004471450760331122
815.0,0.004416603885113167
816.0,0.0043477118431274
817.0,0.004271372964936517
818.0,0.004184610167057838
819.0,0.004091847620105882
820.0,0.00399827000768523
821.0,0.003889018122219779
822.0,0.0037541531554996246
823.0,0.0036142869253736054
824.0,0.003469740385216691
825.0,0.003295903803155914
826.0,0.0031163283929248435
827.0,0.002948903492752605
828.0,0.002792786772785902
829.0,0.0026261543675649307
830.0,0.002450843788542865
831.0,0.002304761738379344
832.0,0.0021971094375148716
833.0,0.002098629059645891
834.0,0.0020144511351901095
835.0,0.0019433792584625756
836.0,0.0019011531498634108
837.0,0.0018580724065238527
838.0,0.00180043767494431
839.0,0.001768990449765227
840.0,0.0017576120905642562
841.0,0.0017220922072382304
842.0,0.0016971997994572256
843.0,0.0016833966421631638
844.0,0.0016517497859187338
845.0,0.001617951955151163
846.0,0.0015975825412360579
847.0,0.0015754033607405186
848.0,0.0015504662773988317
849.0,0.0015124808457526997
850.0,0.0014918132259758576
851.0,0.0014852347319167223
852.0,0.001457432244981413
853.0,0.001427226595942062
854.0,0.001402741954699882
855.0,0.0013932214830813072
856.0,0.0013862421331532673
857.0,0.0013590816683522974
858.0,0.0013389073415732556
859.0,0.0013275314294874014
860.0,0.0013053901637062378
861.0,0.001279372234736825
862.0,0.001258419668848
863.0,0.0012274778735149284
864.0,0.0011914961988037573
865.0,0.0011940981584460874
866.0,0.001189166547494757
867.0,0.001161381168680175
868.0,0.001132291935171071
869.0,0.0011163967567208075
870.0,0.0011012486208555505
871.0,0.0010867353492030622
872.0,0.0010697455936536648
873.0,0.0010200883978334434
874.0,0.000988870941823112
875.0,0.0009860402560016245
876.0,0.0009626939468545638
877.0,0.0009296339781487318
878.0,0.0008936718710614279
879.0,0.0008642026732989299
880.0,0.0008480020514577194
881.0,0.0008385799979073744
882.0,0.0008125828155701786
883.0,0.0007735389828533759
884.0,0.0007518062901688371
885.0,0.0007264692217560011
886.0,0.0007036700854683357
887.0,0.0006994159415003645
888.0,0.0006918203694403935
889.0,0.0006406275645133355
890.0,0.0006089198429826392
891.0,0.0006052559790506073
892.0,0.0005900049233444272
893.0,0.000583338667639922
894.0,0.000592278658269258
895.0,0.0005788986693039003
896.0,0.0005520421802787682
897.0,0.0005403004429595748
898.0,0.0004992245669804528
899.0,0.00046274358285417605
