/begin_header
/west_longitude=UNKNOWN
/south_latitude=NA
/north_latitude=UNKNOWN
/calibration_files=NA
/cruise=NA
/station=NA
/documents=NA
/data_type=NA
/affiliations=NOAA
/experiment=NA
/units=nm,dl
/start_date=2019-10-08
/end_date=NA
/missing=9999
/start_time=09:34:34
/data_file_name=NA
/cloud_percent=NA
/water_depth=NA
/data_status=NA
/east_longitude=NA
/wind_speed=NA
/secchi=NA
/measurement_depth=NA
/fields=wavelength,rrs
/delimiter=comma
/contact=NA
/end_time=NA
/wave_height=NA
/investigators=NA
/end_header@
325.0,0.0045812014515092935
326.0,0.0045425756071199785
327.0,0.00472224454149667
328.0,0.004899999276514344
329.0,0.004654016747678701
330.0,0.004436273400897335
331.0,0.004432352831188101
332.0,0.004545042879610217
333.0,0.004653762405635704
334.0,0.004551578356414303
335.0,0.004529780129748977
336.0,0.00456462449961986
337.0,0.004511005926653482
338.0,0.004440772689708653
339.0,0.0042954938906274946
340.0,0.004350271930576206
341.0,0.004447022286518518
342.0,0.004399112369299898
343.0,0.00443855087222995
344.0,0.004501158414720273
345.0,0.004360141368607843
346.0,0.0043303308090561175
347.0,0.004430077363419408
348.0,0.0044505488893693355
349.0,0.004475655450689002
350.0,0.0044987841811447585
351.0,0.004452514447341541
352.0,0.004422159190669157
353.0,0.004464305508614628
354.0,0.004456415998270458
355.0,0.0044175282836212085
356.0,0.00443704697142939
357.0,0.004462378939335004
358.0,0.0044342262096404555
359.0,0.004463519628699632
360.0,0.004495617750632784
361.0,0.00444555211953125
362.0,0.004434995950446835
363.0,0.00447890586767395
364.0,0.004465517441744353
365.0,0.004428867507812087
366.0,0.004451769212564623
367.0,0.0044608327053291385
368.0,0.004463995414496778
369.0,0.004474159915902905
370.0,0.004447822804203409
371.0,0.004394236282737435
372.0,0.004415623942115679
373.0,0.004445498587779451
374.0,0.004442511304939523
375.0,0.004433928920133247
376.0,0.004425578017510199
377.0,0.004401719650068498
378.0,0.004412362540182823
379.0,0.0044398106364672745
380.0,0.004404942978174847
381.0,0.004395815149162465
382.0,0.004426292189106333
383.0,0.004412376593611457
384.0,0.0044084459407817845
385.0,0.0044479003812224974
386.0,0.004451607065893372
387.0,0.004424313807253501
388.0,0.004416367438597434
389.0,0.004422874572336812
390.0,0.004437305204375126
391.0,0.004438396682387207
392.0,0.004442234153330846
393.0,0.004448892698240411
394.0,0.004433605277638043
395.0,0.0043979021752213725
396.0,0.0044092715585762905
397.0,0.004412362494613061
398.0,0.004387392030867519
399.0,0.004372978962819822
400.0,0.004363774769191154
401.0,0.004361215217663591
402.0,0.004337969990704559
403.0,0.004301568220103695
404.0,0.0042965892011906405
405.0,0.004286237898391396
406.0,0.004262683698843053
407.0,0.0042401059417929
408.0,0.004217960769842811
409.0,0.004191283092008144
410.0,0.004176843901002533
411.0,0.004167025781985558
412.0,0.004142431320740717
413.0,0.004123739850925505
414.0,0.004113443575639185
415.0,0.004107615779740255
416.0,0.0041143419111121975
417.0,0.004132563405582672
418.0,0.004130760196686343
419.0,0.004115466535128195
420.0,0.004123481871857666
421.0,0.004129691298434648
422.0,0.0041345723750621285
423.0,0.004142149468441733
424.0,0.004152806018800794
425.0,0.004160754671076383
426.0,0.00417490311017477
427.0,0.004190685019736161
428.0,0.004183435313020313
429.0,0.004178316490030417
430.0,0.004178691087819733
431.0,0.0041780582457458205
432.0,0.004182582929730809
433.0,0.004187651329384633
434.0,0.004182458546288291
435.0,0.004175517869033918
436.0,0.004187554074148513
437.0,0.004202408463955193
438.0,0.004221419840045013
439.0,0.00426052615845508
440.0,0.004309653354262937
441.0,0.004356417672215551
442.0,0.004411215622153783
443.0,0.0044746790945886915
444.0,0.004543285114767143
445.0,0.004620485591211732
446.0,0.0047036678091485085
447.0,0.004791211254446313
448.0,0.004878472570102764
449.0,0.004963378127549106
450.0,0.005044421850171231
451.0,0.005123898476212315
452.0,0.005205121822598259
453.0,0.005283509767215355
454.0,0.005349591021701941
455.0,0.005422662930623538
456.0,0.005493339140115247
457.0,0.005531273287813976
458.0,0.005576152586933819
459.0,0.005633856637620189
460.0,0.005683646695835289
461.0,0.005726729509507434
462.0,0.005775327543340674
463.0,0.005821811032251126
464.0,0.005865724647468045
465.0,0.005924622984984912
466.0,0.005990657817701615
467.0,0.006054234315734487
468.0,0.006132849053063346
469.0,0.006212035996204078
470.0,0.006278536565453919
471.0,0.006355210481752534
472.0,0.006440971217269687
473.0,0.0065236880724888245
474.0,0.0066081061286743835
475.0,0.006693997303202713
476.0,0.006776410716646831
477.0,0.006853686527551278
478.0,0.00692565736887849
479.0,0.006996842882066661
480.0,0.007067924303132607
481.0,0.0071406176030135255
482.0,0.007205637350402032
483.0,0.007258052512110286
484.0,0.007313352764176549
485.0,0.007370882703290897
486.0,0.007412490460882525
487.0,0.007455838593216103
488.0,0.007504557608656495
489.0,0.0075414867864433575
490.0,0.007574909295712524
491.0,0.007623367023547006
492.0,0.007674356067186555
493.0,0.007730109256545076
494.0,0.007797787204330012
495.0,0.007868077797322579
496.0,0.007940525628819257
497.0,0.008035196158771078
498.0,0.00814245488782661
499.0,0.008253357082331958
500.0,0.008375410443546578
501.0,0.008511701790219981
502.0,0.008655901506748019
503.0,0.00881297909508125
504.0,0.008982055776011024
505.0,0.009142051586041238
506.0,0.00930378287013724
507.0,0.00949718128394201
508.0,0.009683278762224365
509.0,0.009857198474681039
510.0,0.010060050733324106
511.0,0.01026808608144426
512.0,0.010455195642378312
513.0,0.010653789559425307
514.0,0.010864039793477248
515.0,0.011068771845709587
516.0,0.011283609581269055
517.0,0.01150618138375939
518.0,0.011722204222309228
519.0,0.011922919537453499
520.0,0.012116457960625658
521.0,0.012300262491539397
522.0,0.012480927681211902
523.0,0.012669949444720458
524.0,0.012855319190317644
525.0,0.013030166870370377
526.0,0.013211146200999335
527.0,0.013393184417065856
528.0,0.013568228928240791
529.0,0.013739371999247948
530.0,0.013905780780015278
531.0,0.014066577066651712
532.0,0.01422747974939249
533.0,0.014392616834889859
534.0,0.014551618131871271
535.0,0.014701679657947156
536.0,0.014855943414848888
537.0,0.015006994381445232
538.0,0.015151440253512205
539.0,0.01530011205135462
540.0,0.015447605858818634
541.0,0.015584489329706009
542.0,0.015722768720548733
543.0,0.015857491764967663
544.0,0.015976699278113363
545.0,0.016094066941346165
546.0,0.01621283520806145
547.0,0.01632378460398806
548.0,0.016431166352703176
549.0,0.01654117193376381
550.0,0.016653155492689597
551.0,0.016765024159467824
552.0,0.016883757291525636
553.0,0.017004329604144785
554.0,0.01711966699164269
555.0,0.017231607227647255
556.0,0.017338623456022325
557.0,0.017435095856407713
558.0,0.017533742883855705
559.0,0.017635553791336443
560.0,0.017718953810447732
561.0,0.017792664274051143
562.0,0.01786576277804994
563.0,0.017925353738856144
564.0,0.01797033760866595
565.0,0.018015333492633484
566.0,0.018056288450561845
567.0,0.018089807155874025
568.0,0.018120180437692097
569.0,0.018145857358875615
570.0,0.01816567441423023
571.0,0.01818677234762166
572.0,0.018207953650377022
573.0,0.018222057742520233
574.0,0.01823662241447897
575.0,0.018252717108306175
576.0,0.01826017348811213
577.0,0.01825855116918587
578.0,0.018256087890857305
579.0,0.018244861908920697
580.0,0.018221908761674482
581.0,0.018197056507267426
582.0,0.018162022949824202
583.0,0.0181122247864419
584.0,0.01806190011595787
585.0,0.018010824762480813
586.0,0.017945024108944062
587.0,0.01787390729410724
588.0,0.017807083806248774
589.0,0.017718294969218902
590.0,0.01760829867951874
591.0,0.017492259004285696
592.0,0.017359732666770808
593.0,0.017203002943327345
594.0,0.017032519885974096
595.0,0.01682623679796235
596.0,0.01655803928781509
597.0,0.016257032776918267
598.0,0.0159321425422548
599.0,0.015584142710762316
600.0,0.015251232990918875
601.0,0.014959170690314058
602.0,0.014696836948197478
603.0,0.014469070747754668
604.0,0.01428351949038768
605.0,0.014125223476473363
606.0,0.013980136494097984
607.0,0.013832797769749971
608.0,0.013684945530969037
609.0,0.013536811911522778
610.0,0.013396199191265723
611.0,0.01325821668074923
612.0,0.013107397986790347
613.0,0.01296299884479182
614.0,0.012835738295680205
615.0,0.012705102689328038
616.0,0.01257132954277752
617.0,0.012443005693392295
618.0,0.012332987099131545
619.0,0.012241066123119043
620.0,0.012151971019002516
621.0,0.0120692472204618
622.0,0.01199798977081057
623.0,0.01192610999097911
624.0,0.011858103226274435
625.0,0.011799447837742186
626.0,0.011744050138085365
627.0,0.011690439586620036
628.0,0.011634757390347252
629.0,0.011580820846906714
630.0,0.01153105189470289
631.0,0.011485317456169241
632.0,0.011447086137376388
633.0,0.011423243116224528
634.0,0.01140509977178552
635.0,0.011385222611757655
636.0,0.01137602824027732
637.0,0.01137344252011459
638.0,0.01135859686954136
639.0,0.011357165889351326
640.0,0.011369301141371534
641.0,0.011366958720262273
642.0,0.011361213852156998
643.0,0.011352547147642965
644.0,0.011336673337132789
645.0,0.01131124668022269
646.0,0.011279018441349096
647.0,0.01122635449776191
648.0,0.011147973075629094
649.0,0.011053551909251863
650.0,0.01093993258625656
651.0,0.010787005559201255
652.0,0.010613638882247265
653.0,0.010421179534765197
654.0,0.010194775594842232
655.0,0.009922253262059201
656.0,0.009604124667206972
657.0,0.009242438396081055
658.0,0.008890847687234523
659.0,0.008576659386780736
660.0,0.008267445762866085
661.0,0.007964263386429981
662.0,0.007694224936686499
663.0,0.007448967118203161
664.0,0.007227862042409676
665.0,0.007036187542807699
666.0,0.006874225510730275
667.0,0.006743513278244867
668.0,0.006648721026157706
669.0,0.006588442125825829
670.0,0.006559771974654742
671.0,0.006559973441402289
672.0,0.006590433560384562
673.0,0.006641711700483928
674.0,0.006708688350220951
675.0,0.006797638745258477
676.0,0.006900192714399907
677.0,0.007018048341038188
678.0,0.007146755702879459
679.0,0.007286917002307566
680.0,0.00743523969456344
681.0,0.0076089626289656985
682.0,0.007807936972669326
683.0,0.008008757662492368
684.0,0.008249763252376778
685.0,0.008601031563637437
686.0,0.009050706945861756
687.0,0.00954049899009866
688.0,0.009792317151848803
689.0,0.009913649614349564
690.0,0.010027411733267063
691.0,0.010174680423593655
692.0,0.010354675178251407
693.0,0.010542489530389639
694.0,0.010705793392722296
695.0,0.010819135445219202
696.0,0.01088803716097541
697.0,0.010935537442692288
698.0,0.010978650868948928
699.0,0.010984240965587224
700.0,0.01094221647311207
701.0,0.010863113210754099
702.0,0.010748465261544781
703.0,0.010599070838034663
704.0,0.010425958789280867
705.0,0.01023284421485052
706.0,0.010023145043867292
707.0,0.009795128972069628
708.0,0.009550008608200038
709.0,0.009286331353831561
710.0,0.009006288878685459
711.0,0.00871351135983583
712.0,0.00841574436244803
713.0,0.008116082351591945
714.0,0.007820636530733857
715.0,0.007551160356471441
716.0,0.007298436382886306
717.0,0.007065866306937042
718.0,0.006808614074785721
719.0,0.006500066596378545
720.0,0.006184140656405474
721.0,0.005904289654926611
722.0,0.005667219460597967
723.0,0.005450561641926423
724.0,0.005233392660989345
725.0,0.00500713583746904
726.0,0.004786915123493271
727.0,0.004561618499274797
728.0,0.004323923500253379
729.0,0.004073163997352715
730.0,0.003828149205165965
731.0,0.003594501409515799
732.0,0.0033820638901353355
733.0,0.003222664073945096
734.0,0.0031024865957927513
735.0,0.0029784653594830245
736.0,0.002878232023382326
737.0,0.0028112672419613924
738.0,0.002753941936642491
739.0,0.0027098142571240183
740.0,0.0026761875240906537
741.0,0.002653845128882512
742.0,0.0026371557574070255
743.0,0.0026071447353740395
744.0,0.002579148221059456
745.0,0.0025623372832805054
746.0,0.0025528606063346124
747.0,0.002541980025672884
748.0,0.002519240015374922
749.0,0.002503041435507321
750.0,0.002494297061097746
751.0,0.002475394387680964
752.0,0.00245874837585588
753.0,0.002447289922342624
754.0,0.002430683338414512
755.0,0.0024125628550796556
756.0,0.002396259222057864
757.0,0.0024025923558778153
758.0,0.002440326555621912
759.0,0.002530136932617372
760.0,0.002652487670906253
761.0,0.0027134324183905848
762.0,0.002672340680991912
763.0,0.002570113154718994
764.0,0.002476627085474601
765.0,0.0024063420999361857
766.0,0.0023592633222962326
767.0,0.002326361817185992
768.0,0.0023063282515012615
769.0,0.0022947970876590943
770.0,0.0022840158612824004
771.0,0.002279441968504138
772.0,0.002293236438234902
773.0,0.0023018993163541846
774.0,0.0022953016714156284
775.0,0.0023014878041013554
776.0,0.0023100980491981143
777.0,0.002305847950255049
778.0,0.0023083524531731835
779.0,0.0023186612211498884
780.0,0.0023256446695698986
781.0,0.0023372396586238365
782.0,0.0023521426613399453
783.0,0.002355455737360597
784.0,0.0023671031485081157
785.0,0.002400230719396647
786.0,0.0024177700705163155
787.0,0.002420059325774312
788.0,0.00244305620920906
789.0,0.002471172947835428
790.0,0.0024923345381792283
791.0,0.0025127643987526253
792.0,0.0025304522982380726
793.0,0.0025370786205254035
794.0,0.002556361374258986
795.0,0.002588476245710356
796.0,0.002604204019189902
797.0,0.002617890699936223
798.0,0.002644381857548052
799.0,0.002661265154001109
800.0,0.0026724897366077693
801.0,0.0026830830268258295
802.0,0.00268956301402698
803.0,0.0026992729571119647
804.0,0.002713322914965955
805.0,0.002723546392742817
806.0,0.002724405077448002
807.0,0.0027304720476326303
808.0,0.002738480531365167
809.0,0.0027310952706905596
810.0,0.002726461654373321
811.0,0.0027243150393574085
812.0,0.0027066229942076217
813.0,0.002678743462582644
814.0,0.002651282387653396
815.0,0.0026201747305542025
816.0,0.002587743703182626
817.0,0.002562165908881405
818.0,0.0025334586755978096
819.0,0.0024962653637105037
820.0,0.0024421777074074454
821.0,0.0023822129819121773
822.0,0.0023232941217728722
823.0,0.00225020237729892
824.0,0.0021762177826515185
825.0,0.002104415455988525
826.0,0.0020296505531069787
827.0,0.0019531965524099684
828.0,0.0018672020475403533
829.0,0.0017802575542825564
830.0,0.0017251996200542158
831.0,0.0016547561347423068
832.0,0.001576554135252441
833.0,0.0015511476438754865
834.0,0.0015313532020188483
835.0,0.0015012061699313528
836.0,0.0014635683687480305
837.0,0.0014300822639245936
838.0,0.0014192608996257063
839.0,0.0014103077305176216
840.0,0.0013880180368221837
841.0,0.0013627613483244072
842.0,0.0013456796449101776
843.0,0.0013397922392528491
844.0,0.0013325178209681343
845.0,0.0013220453316932159
846.0,0.0013106145130990677
847.0,0.0012881813219906945
848.0,0.001264178271763725
849.0,0.00125984667599711
850.0,0.0012482687874601395
851.0,0.001222435928992945
852.0,0.0012190839140693605
853.0,0.001212089363567266
854.0,0.0011861967001918
855.0,0.0011862796857496137
856.0,0.0011891600133371772
857.0,0.00115737884773284
858.0,0.0011411594698893504
859.0,0.0011464117801528212
860.0,0.0011356482550801176
861.0,0.0011263058598139364
862.0,0.0011246958443484844
863.0,0.0011054620933116832
864.0,0.0010849947953965329
865.0,0.0010906275304515087
866.0,0.0010799590328386427
867.0,0.0010484038148026139
868.0,0.0010523582668623356
869.0,0.0010351900436605757
870.0,0.0009994010277278391
871.0,0.0010065193931492425
872.0,0.0010195844817328828
873.0,0.0009725369027058797
874.0,0.0009777875006254338
875.0,0.0010201910528750168
876.0,0.0009609689086471772
877.0,0.0009138599697752459
878.0,0.0009343324492112259
879.0,0.0009049933629939437
880.0,0.0008756697252228189
881.0,0.0008991812818094985
882.0,0.0008918722603773096
883.0,0.0008544850539786
884.0,0.0008852529680034632
885.0,0.000890951872492929
886.0,0.0008347029395842611
887.0,0.0008356590490829294
888.0,0.0008471211365107933
889.0,0.0008003623254927616
890.0,0.0007724067860432244
891.0,0.0007718890196817443
892.0,0.0007641699380504744
893.0,0.0007735300630166734
894.0,0.0007975049061432829
895.0,0.0007619507388138592
896.0,0.0007128861808231728
897.0,0.0007108598597792067
898.0,0.00072621571933698
899.0,0.0007185985901023255
