/begin_header
/west_longitude=UNKNOWN
/south_latitude=NA
/north_latitude=UNKNOWN
/calibration_files=NA
/cruise=NA
/station=NA
/documents=NA
/data_type=NA
/affiliations=NOAA
/experiment=NA
/units=nm,dl
/start_date=2019-10-08
/end_date=NA
/missing=9999
/start_time=09:44:32
/data_file_name=NA
/cloud_percent=NA
/water_depth=NA
/data_status=NA
/east_longitude=NA
/wind_speed=NA
/secchi=NA
/measurement_depth=NA
/fields=wavelength,rrs
/delimiter=comma
/contact=NA
/end_time=NA
/wave_height=NA
/investigators=NA
/end_header@
325.0,0.006368147541869339
326.0,0.0063316358074780865
327.0,0.006469424646217652
328.0,0.006552712670311411
329.0,0.0063771003191673645
330.0,0.006189740099396381
331.0,0.00611890217996885
332.0,0.006316749705339101
333.0,0.0064988934760583095
334.0,0.006167739987545303
335.0,0.0061651490770600875
336.0,0.006401095727919641
337.0,0.006174630770719396
338.0,0.0060120913178141186
339.0,0.006000060678265929
340.0,0.005998203894487706
341.0,0.006028103344067873
342.0,0.006043666345942762
343.0,0.006070756486200069
344.0,0.006083625225409841
345.0,0.006020772369446097
346.0,0.0060020443110286965
347.0,0.006007984344731522
348.0,0.006068688683037897
349.0,0.00613531733277589
350.0,0.006099888605320861
351.0,0.006043143847527506
352.0,0.00603599511093761
353.0,0.006021252610830548
354.0,0.006018093057664887
355.0,0.006052504449208725
356.0,0.0060536259134413625
357.0,0.006042021095847689
358.0,0.005997454351640548
359.0,0.006019013761068106
360.0,0.006058240931650383
361.0,0.006052754906647238
362.0,0.006035072862614938
363.0,0.006026197542360164
364.0,0.006021123590817788
365.0,0.005999553212513472
366.0,0.005989607811599327
367.0,0.006005567562726266
368.0,0.006026726821228101
369.0,0.0059970490299433655
370.0,0.005967637490720117
371.0,0.005949955300501876
372.0,0.0059332694648191655
373.0,0.005926747071394194
374.0,0.005933574969620835
375.0,0.005935131534752029
376.0,0.005934290355493936
377.0,0.005921492024636629
378.0,0.005909589143704766
379.0,0.005901633937515352
380.0,0.005899796462815782
381.0,0.00591413283979233
382.0,0.005923737672186326
383.0,0.005903555994513261
384.0,0.0058968984373649145
385.0,0.005929498599258299
386.0,0.005926461838590225
387.0,0.005891798622309302
388.0,0.005864631415020855
389.0,0.0058738619521830565
390.0,0.005910345486525549
391.0,0.005892961124664751
392.0,0.005872014189102203
393.0,0.005913775573552211
394.0,0.005916832110521727
395.0,0.005863324053724429
396.0,0.005838630950137125
397.0,0.005823242202315863
398.0,0.005804292325299682
399.0,0.005790019533961311
400.0,0.005770268355852658
401.0,0.005741115932581705
402.0,0.005713089256372263
403.0,0.005687945825630621
404.0,0.005676197622879111
405.0,0.005662545012848319
406.0,0.005643199614087594
407.0,0.005613027995217458
408.0,0.005580728183547034
409.0,0.005551564859321328
410.0,0.005530391175484149
411.0,0.005510240399929506
412.0,0.005490502930899576
413.0,0.005473599175233532
414.0,0.0054540871498883385
415.0,0.005444996494698756
416.0,0.0054494230894389945
417.0,0.005453451001363435
418.0,0.005448479500944206
419.0,0.005441692672627012
420.0,0.005446064538235607
421.0,0.005453459397267116
422.0,0.005465140322093993
423.0,0.005470293659135072
424.0,0.0054750589458366925
425.0,0.005486077318527071
426.0,0.005497068690033404
427.0,0.0055037672995317845
428.0,0.005495161073604779
429.0,0.005489717742324882
430.0,0.005486731317659682
431.0,0.005487229325509843
432.0,0.005492164011341158
433.0,0.005486397396041195
434.0,0.005476444510900331
435.0,0.0054726159172318895
436.0,0.0054859464322765525
437.0,0.0055021076364733905
438.0,0.005521640771822399
439.0,0.005560949043496048
440.0,0.00561308265092055
441.0,0.00566626530496826
442.0,0.005726778981644418
443.0,0.005797618384935722
444.0,0.005877599642664267
445.0,0.005964231252365252
446.0,0.006053084402187356
447.0,0.006157371639739973
448.0,0.006265751294596772
449.0,0.006356647159632546
450.0,0.006448318435606901
451.0,0.006546435447085536
452.0,0.0066372775693168285
453.0,0.006721840357203071
454.0,0.006799081806041972
455.0,0.006881391121728242
456.0,0.0069627230594842245
457.0,0.00701835064859435
458.0,0.007071200824244839
459.0,0.0071249875679210125
460.0,0.007184406726576165
461.0,0.007240105740128388
462.0,0.007287928548546332
463.0,0.007338809283324055
464.0,0.007394276129192553
465.0,0.00746224892533112
466.0,0.007537180431977608
467.0,0.0076108097884688255
468.0,0.0076960715017929445
469.0,0.00778282025272879
470.0,0.007866482163517118
471.0,0.007954943703548472
472.0,0.008047929782072447
473.0,0.008146226263674193
474.0,0.008245067400738366
475.0,0.008340302719351156
476.0,0.00843411766605858
477.0,0.008523023043559789
478.0,0.008605685384828376
479.0,0.008685572779665683
480.0,0.008763230213864198
481.0,0.008844500884255441
482.0,0.008920140259333659
483.0,0.008982125589159243
484.0,0.0090434801680081
485.0,0.009106052679441451
486.0,0.009164989956759852
487.0,0.009223191546721741
488.0,0.009275806651758398
489.0,0.009323120064156795
490.0,0.009364667346055035
491.0,0.009409245095021796
492.0,0.009472442747536546
493.0,0.009552389697833641
494.0,0.009618391171847946
495.0,0.00969533397143026
496.0,0.009796921288684984
497.0,0.009901381563509577
498.0,0.010013341902016958
499.0,0.010152411968445796
500.0,0.010300134167265673
501.0,0.010456426180654265
502.0,0.010627908029173804
503.0,0.01081158530488567
504.0,0.011003630307785062
505.0,0.011196458719537802
506.0,0.011394378289112453
507.0,0.011610715557548957
508.0,0.011827157924437271
509.0,0.012041956696864448
510.0,0.012270126639127273
511.0,0.01250405826068193
512.0,0.012735539008041988
513.0,0.012969889669995363
514.0,0.013207633513455502
515.0,0.013455609734623125
516.0,0.013709952438069693
517.0,0.013962340681573543
518.0,0.014219386479489417
519.0,0.014465809492227399
520.0,0.01469442257540161
521.0,0.014913249705204764
522.0,0.015129937400760723
523.0,0.015354211834880515
524.0,0.015574722871743546
525.0,0.015784356376093524
526.0,0.01600178038709561
527.0,0.016222475412299136
528.0,0.016437117322868795
529.0,0.01664241023754958
530.0,0.01683970005870722
531.0,0.01703795235529617
532.0,0.017238103557007032
533.0,0.017436885226432178
534.0,0.017630463530450523
535.0,0.017816005764421265
536.0,0.018002918100392246
537.0,0.018187172763358316
538.0,0.018365461655257674
539.0,0.01854581577587245
540.0,0.018725378313119722
541.0,0.018899010187058148
542.0,0.019068544871502488
543.0,0.019227699015664974
544.0,0.019375951937955993
545.0,0.01952038298440413
546.0,0.019660126143790643
547.0,0.019796986420275903
548.0,0.019934197435985616
549.0,0.02007169151873461
550.0,0.02020587666799231
551.0,0.020335645957364482
552.0,0.020477562188379587
553.0,0.020620607705340743
554.0,0.020755963965701528
555.0,0.020890515375590207
556.0,0.021020915717898204
557.0,0.02114126493448609
558.0,0.021260624434161938
559.0,0.021377113303634204
560.0,0.021474850345451456
561.0,0.02155929022583273
562.0,0.021640461057900344
563.0,0.021706065324194623
564.0,0.021756673255828578
565.0,0.021811279237333364
566.0,0.02186161154398624
567.0,0.021899425352365436
568.0,0.021934766362835832
569.0,0.021966303140318905
570.0,0.021986393332909745
571.0,0.021999933453424388
572.0,0.022007644054461734
573.0,0.022017040953168605
574.0,0.022032810026547976
575.0,0.022048764946390454
576.0,0.02205825550532346
577.0,0.022057049972127554
578.0,0.02204293829609337
579.0,0.02201989487429475
580.0,0.021989946066701252
581.0,0.021947901583457618
582.0,0.02189186568058423
583.0,0.021825686735893638
584.0,0.021757822000961952
585.0,0.021688194520804387
586.0,0.021599450767637047
587.0,0.02150017087417566
588.0,0.021400231571405418
589.0,0.021281218535917253
590.0,0.021142967880577995
591.0,0.020992491411558244
592.0,0.02082859527112621
593.0,0.020641238044165455
594.0,0.020421179007635612
595.0,0.020155693853858476
596.0,0.019834122663676828
597.0,0.019473757434693647
598.0,0.01908284391009524
599.0,0.018666387990134137
600.0,0.01826387674081547
601.0,0.01790478506993831
602.0,0.017588625720834628
603.0,0.01732027743551942
604.0,0.017100095681177343
605.0,0.01691413653977307
606.0,0.016744857915971103
607.0,0.016572244824374104
608.0,0.016399597958178018
609.0,0.016229752656795143
610.0,0.016057911046339572
611.0,0.015884088383310575
612.0,0.015714287802443473
613.0,0.015547253694166466
614.0,0.015384355248489454
615.0,0.015230382705403583
616.0,0.015079660358725827
617.0,0.0149269422073777
618.0,0.014793420263739115
619.0,0.014684070201989401
620.0,0.014582966776102319
621.0,0.014488768003151329
622.0,0.014406587736455395
623.0,0.014316865343752639
624.0,0.014227813505019577
625.0,0.014160796542864016
626.0,0.014097339953986182
627.0,0.014034266293373893
628.0,0.013975756870836098
629.0,0.013919567725412921
630.0,0.013858796101084198
631.0,0.01380537458074708
632.0,0.0137643877640756
633.0,0.013733276254104537
634.0,0.013707329810827003
635.0,0.013684232394386106
636.0,0.01367332488045479
637.0,0.013671286406249244
638.0,0.013660507210642981
639.0,0.013661946086209418
640.0,0.013673597947479263
641.0,0.013670703828872116
642.0,0.01366600267054549
643.0,0.013654012281750047
644.0,0.013632201601676833
645.0,0.013598336931202323
646.0,0.013552271825628579
647.0,0.013488183864429164
648.0,0.013398134081274635
649.0,0.013284301469304894
650.0,0.013144368950078528
651.0,0.012959864023686752
652.0,0.012745873229081103
653.0,0.012506760060856761
654.0,0.012244508660952017
655.0,0.011931621096753938
656.0,0.011550678493146067
657.0,0.011121754079926697
658.0,0.010707560518439154
659.0,0.01033147152325764
660.0,0.009966488983454801
661.0,0.009617375717021159
662.0,0.009297944597821062
663.0,0.009002883130789938
664.0,0.008739777744655834
665.0,0.008510856399022559
666.0,0.00831542441491768
667.0,0.008155334884664654
668.0,0.00803943044703285
669.0,0.00796472887351533
670.0,0.007926079652594831
671.0,0.007919854133062256
672.0,0.007947101843628112
673.0,0.008002114504950614
674.0,0.008076684902171543
675.0,0.00817298147358938
676.0,0.008285449417050903
677.0,0.008419752089845878
678.0,0.008565184914690074
679.0,0.008722366443182448
680.0,0.0088957043397586
681.0,0.009097348941840782
682.0,0.00932318232023918
683.0,0.00956137818586801
684.0,0.009848059901138429
685.0,0.01024881096855625
686.0,0.010767584095796002
687.0,0.011338818856524425
688.0,0.011624037858877693
689.0,0.01176634216519213
690.0,0.01191872412920662
691.0,0.01209749440739771
692.0,0.012304845621744224
693.0,0.0125302340509262
694.0,0.012725588464578034
695.0,0.012859092104034815
696.0,0.012948992308702268
697.0,0.013008436834206974
698.0,0.013048823452148865
699.0,0.013054328583208175
700.0,0.013010770691811797
701.0,0.012911330885498831
702.0,0.012766948363577283
703.0,0.012584711458203668
704.0,0.01237406710088723
705.0,0.012141653598090791
706.0,0.011895194704444159
707.0,0.011625820000309412
708.0,0.011331522431806212
709.0,0.011014027204649068
710.0,0.010677204529846704
711.0,0.01032604050540869
712.0,0.009969981095847682
713.0,0.009611585705375772
714.0,0.009255806761768643
715.0,0.00893616620862939
716.0,0.008643856331094362
717.0,0.008370703046978227
718.0,0.008064020403262784
719.0,0.007696579415540822
720.0,0.007320812947091712
721.0,0.006988679504289356
722.0,0.00671191994702818
723.0,0.006450687623684314
724.0,0.006181239659662748
725.0,0.005916658855198509
726.0,0.005662929300999091
727.0,0.005384150213063576
728.0,0.005106904801072978
729.0,0.004828450003842841
730.0,0.004536634276872077
731.0,0.004257458654517278
732.0,0.0040136939703572525
733.0,0.003823592899706094
734.0,0.0036716732366877335
735.0,0.0035290427162485718
736.0,0.003412042019943129
737.0,0.0033280609811368947
738.0,0.003262650663219899
739.0,0.0032144713290411567
740.0,0.0031736150864790217
741.0,0.0031446402773953586
742.0,0.0031241155764855266
743.0,0.0030955665482662953
744.0,0.0030652595718230627
745.0,0.0030465014244415315
746.0,0.0030321101014279756
747.0,0.003018618637652723
748.0,0.002995662258881047
749.0,0.0029761619839680465
750.0,0.002961701932825893
751.0,0.0029381099125424612
752.0,0.0029162898408869103
753.0,0.002902897200393733
754.0,0.0028872036738081517
755.0,0.0028676161742958307
756.0,0.00284689267079837
757.0,0.0028574398589165137
758.0,0.0029103036767376984
759.0,0.0030165246384424205
760.0,0.0031553612800942336
761.0,0.00321572904809521
762.0,0.0031470169251782594
763.0,0.003022571783549462
764.0,0.002939114916316608
765.0,0.002865102096154165
766.0,0.002802995810054852
767.0,0.002769075011796589
768.0,0.0027483557089742886
769.0,0.0027275947704520145
770.0,0.0027179023255269373
771.0,0.0027197894053732617
772.0,0.0027262898805965525
773.0,0.00273380870050049
774.0,0.0027389709104398735
775.0,0.002744699702640909
776.0,0.002746860521279055
777.0,0.002745893085667762
778.0,0.002751319067319972
779.0,0.0027627460488438014
780.0,0.0027751839698246447
781.0,0.0027892738448935003
782.0,0.002804777930038431
783.0,0.002810164930693029
784.0,0.002824210736216244
785.0,0.002859478190746131
786.0,0.0028813371915844843
787.0,0.002888842820360266
788.0,0.0029122194067767522
789.0,0.0029428853034599457
790.0,0.002975538829025774
791.0,0.0029965714437129552
792.0,0.0030090590980400315
793.0,0.0030267339739865557
794.0,0.003050991974856218
795.0,0.0030805861006198256
796.0,0.0031077069704529086
797.0,0.0031250749771942915
798.0,0.0031391085742463022
799.0,0.0031620025298015617
800.0,0.0031909900912624007
801.0,0.0032034721354868277
802.0,0.0032074242850602523
803.0,0.003214007791666176
804.0,0.003227578749603005
805.0,0.0032389605773251754
806.0,0.0032454777604701396
807.0,0.0032473374964641344
808.0,0.0032480181673487187
809.0,0.0032519622874627513
810.0,0.0032452780213451547
811.0,0.0032250621048454525
812.0,0.0032113784512797553
813.0,0.003192354605546268
814.0,0.00316108073978289
815.0,0.0031332475564564027
816.0,0.0031027925009926498
817.0,0.0030553365756521515
818.0,0.003013455020507782
819.0,0.0029796240325844436
820.0,0.002905695779833523
821.0,0.002823944953187827
822.0,0.002770671092053648
823.0,0.002688699326417427
824.0,0.0025941209572098263
825.0,0.002512206898422991
826.0,0.0024229262094876596
827.0,0.002325810038104574
828.0,0.0022215455401896527
829.0,0.002113077506433179
830.0,0.002035947481923267
831.0,0.00196568209282968
832.0,0.0018964392078287308
833.0,0.001858546045319248
834.0,0.0018190786009439953
835.0,0.001775536194477777
836.0,0.0017347953212989132
837.0,0.0017075193511800063
838.0,0.001706078677821393
839.0,0.0016874359513355613
840.0,0.0016427487800223582
841.0,0.001616693780539829
842.0,0.0016011681357316649
843.0,0.0015902978269119906
844.0,0.0015845981991999048
845.0,0.0015755057842480873
846.0,0.0015526752122110854
847.0,0.0015305305661168559
848.0,0.001510184148789495
849.0,0.0014952887429308173
850.0,0.0014821927186361317
851.0,0.001466190528712764
852.0,0.0014644190077726757
853.0,0.0014538886801290756
854.0,0.0014202372250520473
855.0,0.001409262229479512
856.0,0.0014017462822709093
857.0,0.0013810197042452095
858.0,0.001373943110569808
859.0,0.001377968668879913
860.0,0.0013688231680104377
861.0,0.0013569481191582726
862.0,0.0013432884725016272
863.0,0.0013253625007218725
864.0,0.0013092639334366181
865.0,0.0013005598290462747
866.0,0.0012921909342985278
867.0,0.001274933515578218
868.0,0.0012527015048065069
869.0,0.001221106418976681
870.0,0.0012103773341097513
871.0,0.001217436185095605
872.0,0.00121502221584442
873.0,0.0011813802598701043
874.0,0.0011844438673509147
875.0,0.0012100322788534958
876.0,0.001175078544624376
877.0,0.001129324184612667
878.0,0.0011075958488599457
879.0,0.001072620101997013
880.0,0.00105588464059925
881.0,0.001066226718971672
882.0,0.0010621092318526034
883.0,0.0010366634649116263
884.0,0.0010461546030291202
885.0,0.0010544392640425282
886.0,0.001036219998902029
887.0,0.001024887535088276
888.0,0.0010083690103572357
889.0,0.0009737303762833519
890.0,0.0009477513373009168
891.0,0.0009387224262960472
892.0,0.0009421124279187651
893.0,0.0009458354286874368
894.0,0.0009445866878353175
895.0,0.000941481281445139
896.0,0.0009055336947276192
897.0,0.0008393852170376105
898.0,0.0008685413132503933
899.0,0.0009224838223280596
