/begin_header
/west_longitude=UNKNOWN
/south_latitude=NA
/north_latitude=UNKNOWN
/calibration_files=NA
/cruise=NA
/station=NA
/documents=NA
/data_type=NA
/affiliations=NOAA
/experiment=NA
/units=nm,dl
/start_date=2019-08-12
/end_date=NA
/missing=9999
/start_time=13:04:05
/data_file_name=NA
/cloud_percent=NA
/water_depth=NA
/data_status=NA
/east_longitude=NA
/wind_speed=NA
/secchi=NA
/measurement_depth=NA
/fields=wavelength,rrs
/delimiter=comma
/contact=NA
/end_time=NA
/wave_height=NA
/investigators=NA
/end_header@
325.0,0.015369060244261129
326.0,0.015170070847873269
327.0,0.015136352526858137
328.0,0.015219184658343826
329.0,0.015186667765958173
330.0,0.015076387315478012
331.0,0.014879828951904525
332.0,0.014793270553556111
333.0,0.014761231857146936
334.0,0.01463816351122602
335.0,0.014568279729774623
336.0,0.014529719268988234
337.0,0.014376913830779112
338.0,0.014232515750655947
339.0,0.014140107613571956
340.0,0.014059580744430061
341.0,0.013986061941249756
342.0,0.013908127643399198
343.0,0.01384859601426991
344.0,0.01378260605446138
345.0,0.01360164812750567
346.0,0.013465977323387085
347.0,0.013397023904632033
348.0,0.013333028533715213
349.0,0.013238546757498809
350.0,0.013121405521508292
351.0,0.013058577171600014
352.0,0.0130270146690868
353.0,0.012923287327118341
354.0,0.012837380106746277
355.0,0.012777899428237741
356.0,0.012700568637668812
357.0,0.01261493512867696
358.0,0.012540282472738412
359.0,0.012469046844373145
360.0,0.012395685354589797
361.0,0.012306319576514986
362.0,0.012251356054707027
363.0,0.012213133626912504
364.0,0.012131365895998029
365.0,0.012045715057909223
366.0,0.011983827138353918
367.0,0.01193246724525929
368.0,0.011878879053961585
369.0,0.011813458029540232
370.0,0.01176310253707455
371.0,0.011730862528033683
372.0,0.011681434130003785
373.0,0.011607777403691146
374.0,0.011522409529869028
375.0,0.011456650209938597
376.0,0.011410227075325444
377.0,0.011377061578815495
378.0,0.011313595594860601
379.0,0.011235578540445936
380.0,0.011176748490270224
381.0,0.011132025819592151
382.0,0.011111329826604054
383.0,0.011087703084455076
384.0,0.011034508450359734
385.0,0.010951523195241463
386.0,0.010903074181354038
387.0,0.010873523257692776
388.0,0.010803557013436398
389.0,0.010760699950163783
390.0,0.010739448485639147
391.0,0.010689287529471299
392.0,0.010636704471363353
393.0,0.010606205116097544
394.0,0.010565430646408538
395.0,0.010510056077812408
396.0,0.010444276200440658
397.0,0.010368184178888242
398.0,0.010290564768177931
399.0,0.010256024430940352
400.0,0.010226684241167464
401.0,0.010170738270907611
402.0,0.010125679591167117
403.0,0.01009487666532301
404.0,0.010061096225388914
405.0,0.010021654191665584
406.0,0.009980737199573039
407.0,0.00993364105942543
408.0,0.009882112485009517
409.0,0.009834404091502342
410.0,0.00979749721055145
411.0,0.009766414481728488
412.0,0.00973014211343965
413.0,0.009700294954066256
414.0,0.009681249310441077
415.0,0.00965007706307439
416.0,0.00962167408802562
417.0,0.009609181548381954
418.0,0.009586679409772971
419.0,0.009559645225272598
420.0,0.009552348642178753
421.0,0.009547310662763804
422.0,0.009535057589973816
423.0,0.009522105845553245
424.0,0.009513365246825542
425.0,0.009514491979794315
426.0,0.009514239407646383
427.0,0.009509415762205623
428.0,0.009504886595377024
429.0,0.009496385667486649
430.0,0.009481036304010646
431.0,0.009469559312633475
432.0,0.00946074713930409
433.0,0.009442075011583805
434.0,0.009430646499802756
435.0,0.009430564688534645
436.0,0.00943214264560005
437.0,0.009437906415292702
438.0,0.009451383764855712
439.0,0.009467416252907153
440.0,0.009487535344606007
441.0,0.009510091542881814
442.0,0.009544588667141458
443.0,0.009590501084884118
444.0,0.009635346955571198
445.0,0.009687394450817158
446.0,0.009748507375233936
447.0,0.009814840569057546
448.0,0.009882014876951953
449.0,0.009953163963385279
450.0,0.010024093400682131
451.0,0.010094730017059256
452.0,0.010162469440403573
453.0,0.010230018687748331
454.0,0.010299985188174363
455.0,0.01036143052679436
456.0,0.01041399653958464
457.0,0.010464919908218701
458.0,0.010514847697661544
459.0,0.010562568294137984
460.0,0.010609470180892639
461.0,0.010657047501161535
462.0,0.010705000864810433
463.0,0.010750355491430452
464.0,0.010796056741977358
465.0,0.01084976455655557
466.0,0.010904963215295913
467.0,0.010958746489548239
468.0,0.011012646827481116
469.0,0.011066297230577086
470.0,0.011120027149978475
471.0,0.011173025857048702
472.0,0.011224875208648467
473.0,0.011276949365905498
474.0,0.011327445457281836
475.0,0.011373747521516772
476.0,0.011429728454220734
477.0,0.011490309518580951
478.0,0.011539821323719772
479.0,0.011590519505458464
480.0,0.011646752007717493
481.0,0.011698783388121487
482.0,0.01174970627753363
483.0,0.011807080643808343
484.0,0.0118686419277192
485.0,0.011934324714618692
486.0,0.011997774533883131
487.0,0.012059537596703326
488.0,0.012117807622472497
489.0,0.012173510550002598
490.0,0.0122332379453403
491.0,0.012308416082623532
492.0,0.012388236213046707
493.0,0.012470939120650858
494.0,0.012561148389535476
495.0,0.012659953710068953
496.0,0.012767556998383325
497.0,0.012875664527567809
498.0,0.01299045187559748
499.0,0.01312743555253362
500.0,0.013268514306154966
501.0,0.013412617354466833
502.0,0.013572849333097811
503.0,0.01373644019283338
504.0,0.013898160547692504
505.0,0.01406785259532404
506.0,0.014243421079698077
507.0,0.014425348609476094
508.0,0.014611262525183178
509.0,0.014800936559713845
510.0,0.01499989624431822
511.0,0.015202873349166677
512.0,0.015407772854072004
513.0,0.01561711076179612
514.0,0.01583543443452656
515.0,0.016061497472415177
516.0,0.01629789943835059
517.0,0.01654312740206086
518.0,0.01678770208483601
519.0,0.017022070459969403
520.0,0.0172462523336794
521.0,0.01746846091839006
522.0,0.017693109979897027
523.0,0.017918334863032827
524.0,0.01814683900254754
525.0,0.018378719712997
526.0,0.018610068328771504
527.0,0.018838382048488665
528.0,0.01906409934255169
529.0,0.019281303965051115
530.0,0.019491467730190483
531.0,0.019700093383289305
532.0,0.019912056553470857
533.0,0.020123952429369235
534.0,0.020329095452234665
535.0,0.02052615323719006
536.0,0.020718443186174162
537.0,0.020909517124352066
538.0,0.02109856929412665
539.0,0.02128124042338367
540.0,0.021459205802807704
541.0,0.021632843577779528
542.0,0.021803358396346374
543.0,0.021966607755442836
544.0,0.022118661812719778
545.0,0.022263197859141774
546.0,0.022404519462437652
547.0,0.02253700346650342
548.0,0.02266385412000647
549.0,0.022797679009648304
550.0,0.022928814216648774
551.0,0.023054806404160362
552.0,0.02318082870103625
553.0,0.023307590933195017
554.0,0.023429959699985167
555.0,0.023546009426500557
556.0,0.023655832986238582
557.0,0.023757897824630086
558.0,0.023852610512646776
559.0,0.02394071125901579
560.0,0.02401106495651874
561.0,0.024068060239034957
562.0,0.02412068043661531
563.0,0.024159831624638
564.0,0.024185560320239392
565.0,0.024202831507009352
566.0,0.02420700320616418
567.0,0.024195194558012584
568.0,0.024174590692908678
569.0,0.02414388958614875
570.0,0.024098606702027094
571.0,0.024040489998463466
572.0,0.02397050634369851
573.0,0.023893579711972795
574.0,0.023809464837203885
575.0,0.02371732634071943
576.0,0.023611125778820623
577.0,0.023490126103559012
578.0,0.023361732619016754
579.0,0.023215279158712666
580.0,0.023046985250677787
581.0,0.022870078018160007
582.0,0.022683520280354686
583.0,0.022478674315736684
584.0,0.022267206312063376
585.0,0.022051543632395927
586.0,0.021823440381727167
587.0,0.02158622300850477
588.0,0.02134039351477695
589.0,0.021075869887095953
590.0,0.020802345619455254
591.0,0.020539485922697116
592.0,0.02026831402286549
593.0,0.01997195043465834
594.0,0.01965086949244523
595.0,0.019299147506144504
596.0,0.0189113704784482
597.0,0.01849090375459119
598.0,0.018049837217289984
599.0,0.017613121900600475
600.0,0.017207637821744955
601.0,0.016854671156874522
602.0,0.01656481080869056
603.0,0.016341128018589265
604.0,0.016174677007094948
605.0,0.01603829259178992
606.0,0.01591837125196972
607.0,0.015810493555903096
608.0,0.01570846335226011
609.0,0.015605618956288533
610.0,0.015503766929570756
611.0,0.015401796188107946
612.0,0.015296987586172706
613.0,0.015193404139541612
614.0,0.015095662060939685
615.0,0.014995201006321282
616.0,0.014897925347112961
617.0,0.014806545969783058
618.0,0.014719155943153239
619.0,0.014636050849885248
620.0,0.014561758407110848
621.0,0.014497225320931279
622.0,0.014439251207426345
623.0,0.01438227549840131
624.0,0.014328274332267143
625.0,0.014283776282591514
626.0,0.01424154822024611
627.0,0.014199867559674634
628.0,0.01417111784042675
629.0,0.014154569805315223
630.0,0.01414660498543684
631.0,0.014136660470382876
632.0,0.01412287142942735
633.0,0.014119121713704089
634.0,0.01411692042189273
635.0,0.014116975615381111
636.0,0.014117292194324126
637.0,0.014118454615449721
638.0,0.01413316815312722
639.0,0.014143331463012665
640.0,0.01414551608703977
641.0,0.014146754072699849
642.0,0.014142685578651521
643.0,0.014126860786895836
644.0,0.014107594345659984
645.0,0.014083173865445112
646.0,0.01404502697458572
647.0,0.01400134481761164
648.0,0.01395348267224269
649.0,0.013897186215368396
650.0,0.01382747778817583
651.0,0.013738995906574573
652.0,0.013620621433770057
653.0,0.01347352625050743
654.0,0.013325991922027353
655.0,0.013133324799537308
656.0,0.012876058381563823
657.0,0.01258387983320593
658.0,0.012296214059365235
659.0,0.01202369452380751
660.0,0.011767758659628702
661.0,0.011529362567009255
662.0,0.011304302215861688
663.0,0.011088619705413468
664.0,0.010882738217674694
665.0,0.010691930470443279
666.0,0.01051791277115308
667.0,0.010359992647306363
668.0,0.01022866716303809
669.0,0.01012585079518029
670.0,0.010041708401297004
671.0,0.009970401197077965
672.0,0.009918123578199513
673.0,0.009877692002733904
674.0,0.009848184730625412
675.0,0.009834143326291286
676.0,0.009834437240740915
677.0,0.009845982448094323
678.0,0.009878283992437908
679.0,0.009933666217596813
680.0,0.01001130792150735
681.0,0.01011551489543194
682.0,0.010244780218930487
683.0,0.010395113436411023
684.0,0.010576309255549626
685.0,0.010810256203551897
686.0,0.011065988437503772
687.0,0.011309681176300618
688.0,0.011464588134123977
689.0,0.01157227433222757
690.0,0.011675800517752497
691.0,0.011764613337472371
692.0,0.01184174381350154
693.0,0.01189938929064731
694.0,0.01192807607622794
695.0,0.01192226772925176
696.0,0.011884658283420222
697.0,0.01181816228501605
698.0,0.011718061966505868
699.0,0.011592881178703822
700.0,0.01144094255752115
701.0,0.011261227870728589
702.0,0.011064602564049694
703.0,0.01085044689840928
704.0,0.010614430806805176
705.0,0.010363042609176122
706.0,0.01010532925507877
707.0,0.009831807909754974
708.0,0.009544040676950395
709.0,0.009243754159189248
710.0,0.00893278117916402
711.0,0.00861278701848502
712.0,0.00828118599916652
713.0,0.007951945353588192
714.0,0.0076383789811117694
715.0,0.00733618404737723
716.0,0.00703447593610707
717.0,0.006742026776295984
718.0,0.006444254311942047
719.0,0.006152211848528939
720.0,0.005874020129641021
721.0,0.005625815940348692
722.0,0.005409747511850281
723.0,0.005192116976217976
724.0,0.004966221350292715
725.0,0.004738798172047086
726.0,0.004513353410549149
727.0,0.0042952633534464385
728.0,0.004071683538209077
729.0,0.003845375566780558
730.0,0.003633953341756543
731.0,0.0034390990363166603
732.0,0.0032712837140224647
733.0,0.0031307923068815934
734.0,0.00301418410500162
735.0,0.0029129841641600588
736.0,0.002831459934596183
737.0,0.002770871610542041
738.0,0.0027265705869525536
739.0,0.0026897091569535315
740.0,0.00265898598388624
741.0,0.002636275985563772
742.0,0.0026200952480232983
743.0,0.0026041758065782038
744.0,0.0025897476767025506
745.0,0.0025784716878544333
746.0,0.002566682776703695
747.0,0.002555703302068151
748.0,0.0025434809173197786
749.0,0.0025352538064860866
750.0,0.0025288935952487547
751.0,0.002512187581811475
752.0,0.0024982061230713155
753.0,0.0024912190429892647
754.0,0.0024814566160618326
755.0,0.002469573231568672
756.0,0.0024592197099752235
757.0,0.002456699843727298
758.0,0.002462628078943112
759.0,0.002458381259188783
760.0,0.0024452210412943096
761.0,0.002428925967733212
762.0,0.002400906545463103
763.0,0.0023734060505680755
764.0,0.0023722349645017267
765.0,0.0023795713532648254
766.0,0.0023878779195899993
767.0,0.0023890172843591393
768.0,0.0023918317131840163
769.0,0.0023961092664712023
770.0,0.002403309246495726
771.0,0.0024097981404851638
772.0,0.002411879915011083
773.0,0.002416582223812266
774.0,0.0024270880980685706
775.0,0.0024314197458975336
776.0,0.002430443330830875
777.0,0.002434447161980181
778.0,0.0024431227784452968
779.0,0.0024546667246992445
780.0,0.002468612170202294
781.0,0.0024815553466296207
782.0,0.002494766714958719
783.0,0.0025092928740501554
784.0,0.002522362613440172
785.0,0.002533399352348227
786.0,0.002545053169853962
787.0,0.0025573505314361723
788.0,0.0025692743927250503
789.0,0.0025870440044834485
790.0,0.002609077480108637
791.0,0.0026310613739085635
792.0,0.002654272142507252
793.0,0.0026740884273597043
794.0,0.002691895880513642
795.0,0.0027096878504217293
796.0,0.002723146907767744
797.0,0.0027373056256666793
798.0,0.002758025562632421
799.0,0.0027715730181306396
800.0,0.0027827944363408227
801.0,0.0028039773384637987
802.0,0.002816433566854801
803.0,0.002818357646002442
804.0,0.002828415454780494
805.0,0.002839401221969219
806.0,0.0028394408273177555
807.0,0.0028283513934865396
808.0,0.0028146950767328144
809.0,0.0028073122736534447
810.0,0.0027936921294854514
811.0,0.0027699932118333947
812.0,0.0027364467845549705
813.0,0.0027080741374977692
814.0,0.0026883142291856178
815.0,0.0026547989965395626
816.0,0.002611355094056411
817.0,0.002579830738273624
818.0,0.0025380639142110048
819.0,0.002487548026865931
820.0,0.002452484511892584
821.0,0.0024093341249118196
822.0,0.002345498595249036
823.0,0.002274807925408944
824.0,0.0021975972074327168
825.0,0.002112626080188755
826.0,0.002035046090458523
827.0,0.0019665070486234726
828.0,0.0018887320037247787
829.0,0.0018050755950957155
830.0,0.0017256522470232426
831.0,0.0016624944347920154
832.0,0.0016182020972106582
833.0,0.001578996015416322
834.0,0.0015466928964461139
835.0,0.0015212907255035592
836.0,0.001493336682385128
837.0,0.0014661265696379751
838.0,0.001450346729571612
839.0,0.0014408904622560785
840.0,0.0014360293551525162
841.0,0.001422510476975027
842.0,0.0014043561131020163
843.0,0.0013817709769184078
844.0,0.0013668948711636892
845.0,0.001359114225873931
846.0,0.0013485217324388375
847.0,0.0013303690170432942
848.0,0.0013157516772412479
849.0,0.0013158255521404584
850.0,0.0013102859654713886
851.0,0.001297645919983218
852.0,0.0012716941789716887
853.0,0.0012497875563091986
854.0,0.0012436151097135867
855.0,0.0012241060693400038
856.0,0.0012015743514636112
857.0,0.0012155644945729244
858.0,0.0012070676120420328
859.0,0.0011701745375501083
860.0,0.001176141213887543
861.0,0.0011837436464306374
862.0,0.001169363454303142
863.0,0.0011547692398553501
864.0,0.0011429698535491612
865.0,0.00115270173848093
866.0,0.001140752700116144
867.0,0.0011110093779272221
868.0,0.0011006929968102766
869.0,0.0010986705734446103
870.0,0.0010993690031263466
871.0,0.0010944818718299505
872.0,0.001073541960757494
873.0,0.001045121171465511
874.0,0.0010336701751546616
875.0,0.001036205342872106
876.0,0.0010118190509567724
877.0,0.0009830568438241537
878.0,0.000978755600890209
879.0,0.0009849593796753416
880.0,0.000978344602344691
881.0,0.0009437682004569019
882.0,0.0009303605835269465
883.0,0.0009357472835838267
884.0,0.0009211917098007163
885.0,0.0009035392355497681
886.0,0.0009005506893746491
887.0,0.0008762974036791175
888.0,0.0008506419680430127
889.0,0.000850379086968253
890.0,0.0008459399722885169
891.0,0.0008253531924967738
892.0,0.0008062988595554623
893.0,0.0007856363770640619
894.0,0.000766452720244046
895.0,0.0007641319444078087
896.0,0.0007610940785492227
897.0,0.0007259511203110774
898.0,0.0007242343259370694
899.0,0.0007296184197677377
