/begin_header
/west_longitude=UNKNOWN
/south_latitude=NA
/north_latitude=UNKNOWN
/calibration_files=NA
/cruise=NA
/station=NA
/documents=NA
/data_type=NA
/affiliations=NOAA
/experiment=NA
/units=nm,dl
/start_date=2019-08-07
/end_date=NA
/missing=9999
/start_time=12:24:05
/data_file_name=NA
/cloud_percent=NA
/water_depth=NA
/data_status=NA
/east_longitude=NA
/wind_speed=NA
/secchi=NA
/measurement_depth=NA
/fields=wavelength,rrs
/delimiter=comma
/contact=NA
/end_time=NA
/wave_height=NA
/investigators=NA
/end_header@
325.0,0.004908361427560151
326.0,0.004868739137570832
327.0,0.004908338340460888
328.0,0.004968278814544172
329.0,0.0049305262876915825
330.0,0.0048899523135074886
331.0,0.004916249124285186
332.0,0.004905762682682667
333.0,0.004927049395435068
334.0,0.005028384955141776
335.0,0.005086205556421889
336.0,0.005084453402792124
337.0,0.0051277776390260335
338.0,0.005176282268780601
339.0,0.0051887897779684545
340.0,0.005255133088150802
341.0,0.005342636405880093
342.0,0.005344068408416152
343.0,0.005362917893930493
344.0,0.005425943118228844
345.0,0.0055138846162487345
346.0,0.005589907958686578
347.0,0.005674631102226356
348.0,0.005760050642959652
349.0,0.005829704847276781
350.0,0.005903131520579551
351.0,0.005959048739696074
352.0,0.006032498046699849
353.0,0.006130431771351136
354.0,0.006211274666432263
355.0,0.00626543613831117
356.0,0.006294080813596238
357.0,0.006312466305886118
358.0,0.00635571900759926
359.0,0.0064347941843465786
360.0,0.006509911518095097
361.0,0.006552292537323668
362.0,0.006576930062128719
363.0,0.006599346771565845
364.0,0.006626703814021501
365.0,0.0066423321386942565
366.0,0.006656897135259186
367.0,0.006680736095183074
368.0,0.006706635971718775
369.0,0.006723946256437066
370.0,0.006741783261210971
371.0,0.006757361705054016
372.0,0.006769655488409301
373.0,0.00678256985083662
374.0,0.0068034808835108086
375.0,0.006821227825938941
376.0,0.006833015476428844
377.0,0.006845093706663417
378.0,0.006857717869734737
379.0,0.006863893313904664
380.0,0.0068696101665038645
381.0,0.006892704672018706
382.0,0.006920423592690508
383.0,0.006955132974952734
384.0,0.006998695061053062
385.0,0.007039375540709497
386.0,0.007046183485507754
387.0,0.007031162305419172
388.0,0.007063169809066546
389.0,0.007100103177269504
390.0,0.007118439192711261
391.0,0.007144174341284858
392.0,0.007166998066892125
393.0,0.007170666435734404
394.0,0.007174715813235354
395.0,0.007182049459525374
396.0,0.007192142943726011
397.0,0.007184238555760533
398.0,0.007164657215655254
399.0,0.00714666040895628
400.0,0.007131283299735619
401.0,0.007107560998084862
402.0,0.007090461690244588
403.0,0.0070778685075792245
404.0,0.007053377060937181
405.0,0.007025660975167059
406.0,0.0069986867665390706
407.0,0.006966814058712871
408.0,0.006934478266061349
409.0,0.006903502442200273
410.0,0.006879237408937591
411.0,0.006855804318294899
412.0,0.0068204226351664815
413.0,0.006791650324817712
414.0,0.0067709395099714385
415.0,0.006764063564898152
416.0,0.0067627859311394315
417.0,0.00675094593536095
418.0,0.006749281974611168
419.0,0.006757326204071849
420.0,0.006760773316208203
421.0,0.006768478573532796
422.0,0.006778945938084466
423.0,0.006783411847316863
424.0,0.006786770370148307
425.0,0.006801328658650014
426.0,0.006810623059771259
427.0,0.006811256160735623
428.0,0.006817795100989547
429.0,0.006820679147290222
430.0,0.0068168705086951
431.0,0.0068052706853692895
432.0,0.006791118376276875
433.0,0.0067812471746691305
434.0,0.006774359500627322
435.0,0.006772380335183947
436.0,0.006776141498368157
437.0,0.006786216041329614
438.0,0.006809695591902613
439.0,0.006845825146195224
440.0,0.006894638605385271
441.0,0.0069608755471814495
442.0,0.007036924256692045
443.0,0.007124042680507975
444.0,0.007229475863725532
445.0,0.007348686752931499
446.0,0.007482368307794103
447.0,0.007628504652105475
448.0,0.007784785432780212
449.0,0.007939089627423627
450.0,0.00809938103815238
451.0,0.00826410434709311
452.0,0.008419005054997094
453.0,0.008570215755101298
454.0,0.00872125344693673
455.0,0.008864095894413691
456.0,0.008992170287236565
457.0,0.009104389111402716
458.0,0.009211095908884338
459.0,0.009313603784265594
460.0,0.009405331962355578
461.0,0.009492411556482854
462.0,0.009583189304311778
463.0,0.009672410284258548
464.0,0.009757362567788894
465.0,0.00983909091223368
466.0,0.009924223201676942
467.0,0.010015411910045909
468.0,0.010107958308522912
469.0,0.010196917332738559
470.0,0.010280840822820589
471.0,0.010362673431338815
472.0,0.010444753516963808
473.0,0.010528789832730655
474.0,0.010608743700914103
475.0,0.010679424279756303
476.0,0.010745902755020808
477.0,0.010811460689685857
478.0,0.010879933681337167
479.0,0.010944966334278898
480.0,0.011006957198520228
481.0,0.011066725246858141
482.0,0.011125820250817823
483.0,0.011191913721313698
484.0,0.011259149261593007
485.0,0.01133139068821945
486.0,0.011413535067181818
487.0,0.0114919190413839
488.0,0.011565849908289027
489.0,0.011641452647575165
490.0,0.011724639416392965
491.0,0.01182049130336692
492.0,0.011926425477275506
493.0,0.012044204943290454
494.0,0.012173582049936014
495.0,0.012312696560435472
496.0,0.01245850428347926
497.0,0.012619909241014565
498.0,0.01280040860825198
499.0,0.012991961410824728
500.0,0.013194923124546168
501.0,0.013406039884564439
502.0,0.013625889048908815
503.0,0.013857063089858429
504.0,0.014092874105586956
505.0,0.014326232862140909
506.0,0.014557956618031873
507.0,0.014791853699718114
508.0,0.0150328626517716
509.0,0.015281878299935553
510.0,0.015521822834278193
511.0,0.015759658572991907
512.0,0.0160100992178568
513.0,0.016266989322582186
514.0,0.016536673238972205
515.0,0.016829684339123747
516.0,0.017143532935120855
517.0,0.017473517384732424
518.0,0.017808114466820662
519.0,0.018145743491900873
520.0,0.01848303566735392
521.0,0.018830643138329668
522.0,0.019196678979355432
523.0,0.019574659120700416
524.0,0.019971855064140204
525.0,0.020395768556880196
526.0,0.02084088356081849
527.0,0.021303312036640792
528.0,0.021777402926820823
529.0,0.022246482982167616
530.0,0.0227129301862904
531.0,0.023200623523106704
532.0,0.023710043155966355
533.0,0.024231119966361413
534.0,0.02475385611703972
535.0,0.025264222249505964
536.0,0.02576165419640402
537.0,0.02625720517908623
538.0,0.02675483846859119
539.0,0.0272355274998818
540.0,0.027699849750525286
541.0,0.028153611482969475
542.0,0.02857524785790518
543.0,0.028956777247247146
544.0,0.02931169936328674
545.0,0.029634738367325032
546.0,0.029920457412630375
547.0,0.030171193294020283
548.0,0.03038882926093057
549.0,0.03056871914618653
550.0,0.030727178061189613
551.0,0.030871044361937976
552.0,0.030985907995732538
553.0,0.03107817626295865
554.0,0.0311496228846962
555.0,0.031192282620313955
556.0,0.031206809917169037
557.0,0.031199630564239682
558.0,0.031166808913002875
559.0,0.03110742667983407
560.0,0.031024809836511413
561.0,0.030920969467516553
562.0,0.030798204679890286
563.0,0.03065547449347405
564.0,0.030493395708893433
565.0,0.030310161546450737
566.0,0.030105050453984445
567.0,0.02988132670140468
568.0,0.02963360667441813
569.0,0.029363482914867095
570.0,0.0290814017100308
571.0,0.02878666134558932
572.0,0.028487288881755467
573.0,0.028191461662399227
574.0,0.027891653279374328
575.0,0.027584989236114427
576.0,0.02727439832241029
577.0,0.026959056568145533
578.0,0.026633157779222465
579.0,0.026294339042172238
580.0,0.025944686015261776
581.0,0.025579833523924254
582.0,0.02520397464257233
583.0,0.024819958317994818
584.0,0.02442687598206152
585.0,0.02402576576801723
586.0,0.023622449362463736
587.0,0.023215087588831833
588.0,0.02279121336794595
589.0,0.022346659936729952
590.0,0.021889930138072902
591.0,0.021431716320520232
592.0,0.02097735289568429
593.0,0.020511270165527815
594.0,0.02000997316520172
595.0,0.019477411256941815
596.0,0.018918656012701658
597.0,0.01832794358166158
598.0,0.017718200295017496
599.0,0.01712739185152301
600.0,0.016583754565576612
601.0,0.01611317424394421
602.0,0.015718094021068555
603.0,0.015395828221061517
604.0,0.015148913632078717
605.0,0.014946018956171656
606.0,0.014765743143392842
607.0,0.014589594494200045
608.0,0.014420030236071375
609.0,0.014263049748923732
610.0,0.014111826904187604
611.0,0.013962659989687026
612.0,0.013813894555148393
613.0,0.013665112555972404
614.0,0.013516996095670586
615.0,0.013376901532609828
616.0,0.013245424633324888
617.0,0.013113969826042191
618.0,0.012996562398090928
619.0,0.012893583820738203
620.0,0.012799852795947758
621.0,0.012717358863956026
622.0,0.012640677590637167
623.0,0.012569588406732474
624.0,0.012506770063457065
625.0,0.01245215664662435
626.0,0.01240243882725042
627.0,0.01235747278832053
628.0,0.012328523720023462
629.0,0.012311643863389581
630.0,0.012300510453229616
631.0,0.01229710300888601
632.0,0.012301455046285577
633.0,0.012315998801132828
634.0,0.012336476539923742
635.0,0.012362227789866878
636.0,0.012401154318225098
637.0,0.012446580806903544
638.0,0.012481999048259876
639.0,0.01252359881539231
640.0,0.012571680594101636
641.0,0.01260676414840177
642.0,0.012628162023894093
643.0,0.012641648551194587
644.0,0.012649020915570788
645.0,0.012648046015004286
646.0,0.012633272301203088
647.0,0.012603853959745712
648.0,0.012557459198203011
649.0,0.012487674396311797
650.0,0.012390443606603397
651.0,0.012266985153884448
652.0,0.012115873838830156
653.0,0.01194294570227743
654.0,0.011761618515165294
655.0,0.011526353468923906
656.0,0.011216706546146777
657.0,0.01085496490515932
658.0,0.010493344573811503
659.0,0.010159720483135893
660.0,0.009834211007115345
661.0,0.00951369915261489
662.0,0.009200718705443475
663.0,0.008895472289080037
664.0,0.008604748449583009
665.0,0.008329908983297989
666.0,0.008072225663979709
667.0,0.00783222243019659
668.0,0.007622274652667037
669.0,0.007444769983491655
670.0,0.007292337999318744
671.0,0.007160778009436394
672.0,0.007059272783402092
673.0,0.006976867701205444
674.0,0.006907956229360572
675.0,0.006855110116851533
676.0,0.006819062808641087
677.0,0.0068054167252355495
678.0,0.006812552478194955
679.0,0.006847579801068213
680.0,0.006919823166131387
681.0,0.007029520275459865
682.0,0.007177844956447581
683.0,0.007355753160552191
684.0,0.007570751264785557
685.0,0.007856889753869748
686.0,0.008196927252188476
687.0,0.00856846159151147
688.0,0.008897686007644373
689.0,0.009199648818528056
690.0,0.009521575787680257
691.0,0.009856325211313712
692.0,0.010200905306050868
693.0,0.010545243748354357
694.0,0.010882397399209038
695.0,0.01119510674081167
696.0,0.01147096423485308
697.0,0.011711094589498762
698.0,0.011920697734595136
699.0,0.012103651126211385
700.0,0.012252048766752916
701.0,0.012355910374672667
702.0,0.012413927021717928
703.0,0.012425569338395923
704.0,0.012399403489470318
705.0,0.012336539606575929
706.0,0.01223656684781162
707.0,0.012094523945066753
708.0,0.011912073363387479
709.0,0.011702600632435996
710.0,0.011461666761935024
711.0,0.011187267279407987
712.0,0.010890021042795756
713.0,0.010579261690395017
714.0,0.010255317631353882
715.0,0.009936969543752814
716.0,0.009616515433215286
717.0,0.00929204330556289
718.0,0.008943029938167686
719.0,0.008576390993918565
720.0,0.008228791881100803
721.0,0.007917248638339532
722.0,0.007618395260239902
723.0,0.007312886632792628
724.0,0.00699952281369592
725.0,0.006683461754923728
726.0,0.006369228156884168
727.0,0.006038516899473521
728.0,0.005699334017548065
729.0,0.005353200359358676
730.0,0.004999674187763273
731.0,0.004674599254738348
732.0,0.004400791870264072
733.0,0.004166950905756471
734.0,0.003966212149685065
735.0,0.003802695353795363
736.0,0.0036748183111746553
737.0,0.003580219141407986
738.0,0.0035035759766784145
739.0,0.003442394765013068
740.0,0.0033988775674880503
741.0,0.0033673015120896433
742.0,0.0033453796422363785
743.0,0.003329730246261478
744.0,0.0033199309868710185
745.0,0.0033070501445742347
746.0,0.0032898821377601436
747.0,0.0032768605961285293
748.0,0.003279120242760919
749.0,0.00327682809430944
750.0,0.003265608724046553
751.0,0.0032556869757544475
752.0,0.00324479086045319
753.0,0.003234589637904451
754.0,0.0032253892162444515
755.0,0.0032198706093405785
756.0,0.0032163976327543734
757.0,0.003224073198277231
758.0,0.003240683457233464
759.0,0.003249919198599672
760.0,0.0032518230347283483
761.0,0.00325200571391412
762.0,0.003231527364712817
763.0,0.003209117040387123
764.0,0.003203852248284185
765.0,0.003206546507790297
766.0,0.003211922696150089
767.0,0.003216029776299327
768.0,0.0032235907793141264
769.0,0.00323544437588405
770.0,0.0032428248104374746
771.0,0.003250285991286555
772.0,0.003268756564145222
773.0,0.0032879019307875007
774.0,0.003299553495639467
775.0,0.0033203709220232464
776.0,0.003346018583925724
777.0,0.003371717206347375
778.0,0.003394449172402069
779.0,0.003414575471538826
780.0,0.0034345833278258296
781.0,0.0034613522379755178
782.0,0.003494615662852643
783.0,0.0035236779816567193
784.0,0.003551498615340773
785.0,0.0035834109160311233
786.0,0.003618478643241168
787.0,0.003652737408271555
788.0,0.003692094304519558
789.0,0.00372899117070294
790.0,0.0037641852264648492
791.0,0.0038097929790914748
792.0,0.0038588358007947965
793.0,0.0038989388969099697
794.0,0.003936687889396592
795.0,0.00397442084102503
796.0,0.00401384131759541
797.0,0.004049427958257815
798.0,0.004085352800085461
799.0,0.004122126703901991
800.0,0.004155136364489866
801.0,0.004179061640441702
802.0,0.004200728887241473
803.0,0.004221481574398625
804.0,0.004236689630768996
805.0,0.0042496857569751766
806.0,0.004258386954556851
807.0,0.004256208156420362
808.0,0.004240611764116343
809.0,0.004209652801311476
810.0,0.004183853613745569
811.0,0.004160460120176526
812.0,0.004116751309466746
813.0,0.00407082318332475
814.0,0.0040294658673526084
815.0,0.003974616447803577
816.0,0.003901721332728136
817.0,0.0038339463247624877
818.0,0.0037717599651891595
819.0,0.003705094632780212
820.0,0.0036152490854396277
821.0,0.0035153976563061205
822.0,0.0034033699262323433
823.0,0.0032736109378017795
824.0,0.003127334685525662
825.0,0.0029842624907984996
826.0,0.0028367305616745246
827.0,0.002686965608198173
828.0,0.0025372175768909725
829.0,0.0023938331055480782
830.0,0.0022652793538367006
831.0,0.0021463438865856753
832.0,0.0020435507605904802
833.0,0.0019528974621219192
834.0,0.001871464647681942
835.0,0.0018086624751524963
836.0,0.0017701389055059726
837.0,0.001739227162505682
838.0,0.0016997050580797805
839.0,0.0016693504745834181
840.0,0.0016414758417630944
841.0,0.001627035680676226
842.0,0.0016049644789843866
843.0,0.00156792401581934
844.0,0.0015453965729060211
845.0,0.0015328921321071782
846.0,0.0015154663889375211
847.0,0.0014887805034052063
848.0,0.0014624605065380878
849.0,0.001464045983779413
850.0,0.0014476529838538283
851.0,0.0014072525862421086
852.0,0.0013747804332941076
853.0,0.0013545814779887372
854.0,0.0013479332930389693
855.0,0.0013374480318360687
856.0,0.0013138749648043068
857.0,0.001301621609310351
858.0,0.0012954911420836519
859.0,0.0012849997605092044
860.0,0.001258955342496448
861.0,0.0012348383777670956
862.0,0.0012353948249662523
863.0,0.0012264545492336044
864.0,0.0012076251582941605
865.0,0.0011730001094233178
866.0,0.001151014396760607
867.0,0.0011476398406677628
868.0,0.0011223136460026084
869.0,0.001094713310580012
870.0,0.0010970946727684415
871.0,0.0010808479548174124
872.0,0.0010490036237298728
873.0,0.0010283676771936018
874.0,0.0010138426774602514
875.0,0.0009974229656592496
876.0,0.0009733438593762571
877.0,0.0009367401980838158
878.0,0.0009016444425516263
879.0,0.0008792486069365508
880.0,0.0008650242633404569
881.0,0.0008387364182516304
882.0,0.0008172986391785958
883.0,0.0008036003533624586
884.0,0.0007690003178614872
885.0,0.0007412622089914183
886.0,0.0007253713760404206
887.0,0.0007220398987681273
888.0,0.0007061561889205798
889.0,0.0006665010280436854
890.0,0.0006470558103994029
891.0,0.0006321149063131792
892.0,0.0006068821864647042
893.0,0.0005878393920609765
894.0,0.0005774994317794468
895.0,0.000553634707154259
896.0,0.000519714536524102
897.0,0.0005126038489409726
898.0,0.0004956373871591291
899.0,0.0004800020909936168
