/begin_header
/west_longitude=UNKNOWN
/south_latitude=NA
/north_latitude=UNKNOWN
/calibration_files=NA
/cruise=NA
/station=NA
/documents=NA
/data_type=NA
/affiliations=NOAA
/experiment=NA
/units=nm,dl
/start_date=2019-10-08
/end_date=NA
/missing=9999
/start_time=12:56:36
/data_file_name=NA
/cloud_percent=NA
/water_depth=NA
/data_status=NA
/east_longitude=NA
/wind_speed=NA
/secchi=NA
/measurement_depth=NA
/fields=wavelength,rrs
/delimiter=comma
/contact=NA
/end_time=NA
/wave_height=NA
/investigators=NA
/end_header@
325.0,0.0005093357279677055
326.0,0.0005393071313732042
327.0,0.0003676479174530785
328.0,0.0002409483422867465
329.0,0.0002958421141640476
330.0,0.0004116477436361
331.0,0.00039433224304381875
332.0,0.0003657780624913225
333.0,0.00034664287626107507
334.0,0.00044236141240034093
335.0,0.0004404195442647125
336.0,0.00036948235735322104
337.0,0.00040516587234756644
338.0,0.000457322748821774
339.0,0.0004916827557211889
340.0,0.0005409272849409446
341.0,0.000594198097529782
342.0,0.0006781711304166682
343.0,0.0007149665654498725
344.0,0.000726231956993568
345.0,0.0007496655509227566
346.0,0.0008328427326518035
347.0,0.0009499871512849296
348.0,0.0010181367094641769
349.0,0.001079549646458571
350.0,0.0011377243214559386
351.0,0.0012260720174730572
352.0,0.0013091993025272394
353.0,0.0013448473097877512
354.0,0.0013989268865654482
355.0,0.0014821469869216574
356.0,0.001528725854252794
357.0,0.0015663736602347504
358.0,0.00162519156339569
359.0,0.0016929700233881376
360.0,0.0017380066840298198
361.0,0.0017838243362825704
362.0,0.0018029976957072344
363.0,0.0018044379869574657
364.0,0.0018688676227693094
365.0,0.0019162122540831365
366.0,0.0019006388930821138
367.0,0.0019408208857014998
368.0,0.0019924429658789776
369.0,0.0019995018096364277
370.0,0.0020100199134745465
371.0,0.0020425026814554492
372.0,0.002077424964585178
373.0,0.0020975118110744136
374.0,0.002095274963120633
375.0,0.0021484661418222383
376.0,0.0022009360667618843
377.0,0.0022225997949823677
378.0,0.0022296494652555873
379.0,0.0022278142744136123
380.0,0.0022683603264987903
381.0,0.0023333360992471566
382.0,0.002388130652898816
383.0,0.0024406049051886214
384.0,0.002484548232865093
385.0,0.0025094595614768658
386.0,0.0025236459016006302
387.0,0.0025311266143588744
388.0,0.0025653942143837026
389.0,0.002599905997254893
390.0,0.0026268926580894796
391.0,0.0026716790120923537
392.0,0.002737712100580007
393.0,0.0027455683399552136
394.0,0.002763639095658825
395.0,0.0027969525726059584
396.0,0.002810370073750636
397.0,0.0028136841509326183
398.0,0.0027944456427480696
399.0,0.00277797302870233
400.0,0.00277390393322893
401.0,0.002780367674822583
402.0,0.0027941642574173214
403.0,0.0028068802641112627
404.0,0.002788981684144113
405.0,0.002781988202558813
406.0,0.002808603033243513
407.0,0.0028180890018549066
408.0,0.0028160549067122653
409.0,0.0028197289157264787
410.0,0.002830519817674112
411.0,0.0028440874551166214
412.0,0.002847084306916869
413.0,0.002838544740044113
414.0,0.0028436166178099614
415.0,0.00285867685433941
416.0,0.0028774264778449036
417.0,0.0029146099352535563
418.0,0.002940952695640352
419.0,0.002954628892452365
420.0,0.0029714802741396275
421.0,0.003002240187668434
422.0,0.003041650958630738
423.0,0.0030693615656144945
424.0,0.003091552906400754
425.0,0.00312427079188182
426.0,0.0031534821563393503
427.0,0.0031801636119340934
428.0,0.0032030144292465993
429.0,0.0032350546450057916
430.0,0.0032814078744719025
431.0,0.003309752302768387
432.0,0.0033216922158153784
433.0,0.0033236214285887362
434.0,0.003335644339519149
435.0,0.0033598199930083054
436.0,0.0033820560531539106
437.0,0.003412029224842482
438.0,0.003457589245611046
439.0,0.003506368368439659
440.0,0.0035568008694094938
441.0,0.0036184645157405554
442.0,0.0036846118243238648
443.0,0.0037545844938517204
444.0,0.003836731720818229
445.0,0.0039288303033670115
446.0,0.004029162991529086
447.0,0.004128194443041644
448.0,0.004229855437631514
449.0,0.004317430703469865
450.0,0.004411273929189576
451.0,0.0045180421190232824
452.0,0.004627451854103717
453.0,0.004730002024166434
454.0,0.004820619574053677
455.0,0.004904394393122783
456.0,0.004983280144756937
457.0,0.005062333491936162
458.0,0.005132718366632513
459.0,0.0051934894503695185
460.0,0.005267815023595604
461.0,0.005344591282341014
462.0,0.005407438368845904
463.0,0.005465900215828838
464.0,0.005528199737665686
465.0,0.005601546457243732
466.0,0.005684962793208478
467.0,0.005769520293681783
468.0,0.005847252227907217
469.0,0.005926147716842398
470.0,0.006013575989620499
471.0,0.006091819975132568
472.0,0.006161962426346723
473.0,0.006247515782305878
474.0,0.006337237288222495
475.0,0.006416109266977073
476.0,0.0064952937063501885
477.0,0.006572310481717233
478.0,0.006652499847148344
479.0,0.006718183328729618
480.0,0.006773002676831204
481.0,0.0068346999531981615
482.0,0.006898074284162696
483.0,0.006954309966665394
484.0,0.007013059286997576
485.0,0.007075492210227849
486.0,0.0071404844435188925
487.0,0.007201195473890002
488.0,0.0072570393867978
489.0,0.007302941541836643
490.0,0.007352203168181945
491.0,0.007426800098109722
492.0,0.00749718402249439
493.0,0.007565660457591573
494.0,0.0076538839229424675
495.0,0.007753414693212177
496.0,0.007853151045106506
497.0,0.007961025659399582
498.0,0.008085045285265439
499.0,0.008223836698131605
500.0,0.008366038189855485
501.0,0.00851654887160692
502.0,0.008683999528919299
503.0,0.008855454497342853
504.0,0.009021663020048917
505.0,0.009197632179594855
506.0,0.009388130196610384
507.0,0.009575387524621606
508.0,0.009766614494584403
509.0,0.00996510506609862
510.0,0.01017849979561376
511.0,0.010397169504362319
512.0,0.010600199098388486
513.0,0.01081707786855245
514.0,0.011053233937020101
515.0,0.011288475761805895
516.0,0.011533595004613997
517.0,0.011784741581788013
518.0,0.012028395882326171
519.0,0.012262570528503158
520.0,0.01249375591704355
521.0,0.01272896512058399
522.0,0.012967810725484493
523.0,0.013204519152396076
524.0,0.013431487878629819
525.0,0.01364699942316304
526.0,0.013872075413612562
527.0,0.014100675015685765
528.0,0.01432203680832001
529.0,0.01452719086557373
530.0,0.01471782748629275
531.0,0.014925544345683574
532.0,0.015139621291617781
533.0,0.015341895409056904
534.0,0.01554551450833061
535.0,0.015746517572712303
536.0,0.015930323623360665
537.0,0.016116902538354953
538.0,0.016314982314345302
539.0,0.01650450888345349
540.0,0.016685537299583976
541.0,0.016854578953903153
542.0,0.017025421008649667
543.0,0.01719500198820813
544.0,0.017351288035746794
545.0,0.017504194336674984
546.0,0.01765962532839957
547.0,0.01780711371369873
548.0,0.01794752979300936
549.0,0.01809214228303878
550.0,0.018228033787902827
551.0,0.018355003778677582
552.0,0.01848472567624041
553.0,0.018614262224091314
554.0,0.01874199849214207
555.0,0.0188647051085236
556.0,0.018982405265869518
557.0,0.01909887754901326
558.0,0.01920039414421578
559.0,0.019277454191412212
560.0,0.019352061468393522
561.0,0.019419415176265116
562.0,0.01946763498203439
563.0,0.019507601440617625
564.0,0.019541665834953845
565.0,0.01955713760407726
566.0,0.01955782319441285
567.0,0.019556360980571265
568.0,0.019534878775477754
569.0,0.019495828339452632
570.0,0.01945070906890916
571.0,0.019398921513749952
572.0,0.019340884838449673
573.0,0.019274147058093737
574.0,0.019200710577738263
575.0,0.01911814036439718
576.0,0.019024953559381403
577.0,0.018915813372931103
578.0,0.01879148373745882
579.0,0.018651641944748186
580.0,0.018496380150580072
581.0,0.018333745255552182
582.0,0.01816194064147816
583.0,0.01797850521572255
584.0,0.017793123693714948
585.0,0.01761373533912039
586.0,0.01743265399967569
587.0,0.017247897737878267
588.0,0.0170567231249636
589.0,0.016859987434248037
590.0,0.0166554197604201
591.0,0.01644216695612042
592.0,0.01622605046527085
593.0,0.015999932389556496
594.0,0.01575386979102713
595.0,0.015473280415839213
596.0,0.015153496733801484
597.0,0.014796870620444704
598.0,0.01441687042187732
599.0,0.014048559063100808
600.0,0.013700742108100577
601.0,0.013385005298822087
602.0,0.013110010440598738
603.0,0.012882822532687693
604.0,0.012720262603314322
605.0,0.012575029631336734
606.0,0.012431490969706447
607.0,0.012305947042206907
608.0,0.012189636676174594
609.0,0.012072244297398591
610.0,0.011948337073063397
611.0,0.01181957023265843
612.0,0.011704515053366045
613.0,0.011592062553450844
614.0,0.011483233520688701
615.0,0.01137761780597402
616.0,0.01127135104078022
617.0,0.011167850056750507
618.0,0.011072463685573731
619.0,0.01098814145899503
620.0,0.010912583976816098
621.0,0.010846904161776904
622.0,0.01078829583338178
623.0,0.010746188830008845
624.0,0.010711363047029531
625.0,0.010661917729659656
626.0,0.010617200398808724
627.0,0.010583658576925172
628.0,0.01054922482451918
629.0,0.01051211937139554
630.0,0.010471945284516015
631.0,0.010432515487543712
632.0,0.010397907951912023
633.0,0.010379902162999883
634.0,0.01036321046299141
635.0,0.01033655927723771
636.0,0.010324424631512676
637.0,0.010319570120091034
638.0,0.01031292922587412
639.0,0.01030328064152665
640.0,0.010288875225214282
641.0,0.010261820020983347
642.0,0.010225350526385988
643.0,0.010196324699367515
644.0,0.010158035780313776
645.0,0.010102600629181517
646.0,0.010033208548383687
647.0,0.00995287193407141
648.0,0.009848701271061387
649.0,0.009730182955567027
650.0,0.009606774179277274
651.0,0.009463505771511428
652.0,0.009294357160341247
653.0,0.009104058075453855
654.0,0.008910869348200288
655.0,0.008673064650335188
656.0,0.008367880710412293
657.0,0.008065892035412452
658.0,0.0077916718334103295
659.0,0.007508540264452077
660.0,0.007248025930684077
661.0,0.007015214343715527
662.0,0.006793591683823291
663.0,0.0065866885200624534
664.0,0.006407767740188343
665.0,0.0062557677117970455
666.0,0.0061314881033797085
667.0,0.006042880464846454
668.0,0.0059742538713996995
669.0,0.005925256524781904
670.0,0.005929087945160322
671.0,0.0059680412556480785
672.0,0.0060160386563568105
673.0,0.006082224466485823
674.0,0.00616219079054916
675.0,0.006242562709034558
676.0,0.00633783213572527
677.0,0.006457015611757747
678.0,0.0065834759108332665
679.0,0.006712877955559722
680.0,0.006856160361291978
681.0,0.0070182255197425185
682.0,0.007204417666732457
683.0,0.007394018086479189
684.0,0.007620577212135352
685.0,0.007959780024150303
686.0,0.008351079540470123
687.0,0.00871498028691806
688.0,0.008864232478796672
689.0,0.008926278172047625
690.0,0.00902464996422148
691.0,0.009140286846180953
692.0,0.009268615405456272
693.0,0.009406316384840312
694.0,0.0095224785867038
695.0,0.009601865503677788
696.0,0.00964514741356909
697.0,0.009670486588728284
698.0,0.009693124396849431
699.0,0.00968411958219888
700.0,0.009635613728998165
701.0,0.009539223128198954
702.0,0.009414019604848809
703.0,0.009271819190929027
704.0,0.009114160351597378
705.0,0.008940778521655975
706.0,0.008752786340544692
707.0,0.00854475455230601
708.0,0.008318256894528697
709.0,0.008079001310513858
710.0,0.007825543078076392
711.0,0.0075629178155771516
712.0,0.007295852165754445
713.0,0.007033116803952926
714.0,0.006759496008094406
715.0,0.00653063239210276
716.0,0.006342828169060659
717.0,0.006130290810668306
718.0,0.005881314690223859
719.0,0.005602036011137758
720.0,0.005316712743310689
721.0,0.005065787721645355
722.0,0.004888863434943724
723.0,0.004719051963572756
724.0,0.004532186869909553
725.0,0.004338495075640792
726.0,0.004142635419446604
727.0,0.0039376713622892145
728.0,0.0037304353092361977
729.0,0.003520447930672328
730.0,0.003303293760752231
731.0,0.0031005194185635366
732.0,0.0029230221326203617
733.0,0.002781410560745279
734.0,0.002667676527287137
735.0,0.00258158848229207
736.0,0.0025084107222351003
737.0,0.002443716158205617
738.0,0.0023919933775530403
739.0,0.0023556338296639376
740.0,0.0023261655321643536
741.0,0.0022959445045791552
742.0,0.002265695122959574
743.0,0.002250327741177893
744.0,0.0022378288344345747
745.0,0.0022274562453559825
746.0,0.0022094658259503496
747.0,0.002194174075339536
748.0,0.002183543855228196
749.0,0.002175120052981878
750.0,0.002163659224628748
751.0,0.002147272575410779
752.0,0.0021370694060762973
753.0,0.002133326307872654
754.0,0.0021169313852913057
755.0,0.0021030664345200985
756.0,0.0021151438845948803
757.0,0.0021742967178656307
758.0,0.002287749242748
759.0,0.002413584309491412
760.0,0.002518730875886977
761.0,0.0025031353212637713
762.0,0.0024298146255356872
763.0,0.0023280014973725846
764.0,0.002201491377220538
765.0,0.002123153440039171
766.0,0.0020836009374342384
767.0,0.002038299031300914
768.0,0.0020116389403713733
769.0,0.0020157190261599145
770.0,0.002013207414822191
771.0,0.002003453568420002
772.0,0.002008371575412757
773.0,0.002011488156897482
774.0,0.0020124665855307962
775.0,0.002024287158904823
776.0,0.0020304715126388756
777.0,0.002030824135774825
778.0,0.0020278685256051093
779.0,0.0020257377878527116
780.0,0.002034733333456695
781.0,0.0020473728669162155
782.0,0.0020682750100875632
783.0,0.002084056899780832
784.0,0.0020917442273328543
785.0,0.0021005451219278234
786.0,0.002117816387886864
787.0,0.002141155288780044
788.0,0.002151330511434106
789.0,0.00217144030908836
790.0,0.00219914467950503
791.0,0.0022145809308827423
792.0,0.002220128130951224
793.0,0.0022315973801287445
794.0,0.0022526745135615822
795.0,0.0022753316823195787
796.0,0.0022887034067724287
797.0,0.0023074706011225717
798.0,0.002322644257230606
799.0,0.0023432616728658777
800.0,0.002354961148997933
801.0,0.002356832139299348
802.0,0.0023601775218714638
803.0,0.002369376223882775
804.0,0.002389114774696708
805.0,0.002391050135875137
806.0,0.0023740827015432675
807.0,0.002384627618884745
808.0,0.002401841627764026
809.0,0.002388716752658883
810.0,0.0023912488327092274
811.0,0.0024085871517122723
812.0,0.002401673539481546
813.0,0.002390420899341393
814.0,0.002372621086344831
815.0,0.0023569671155086952
816.0,0.0023381478209956058
817.0,0.0022955269207057946
818.0,0.002243752417592156
819.0,0.0021919993309329616
820.0,0.0021513493857612774
821.0,0.0021107772117093847
822.0,0.002052006753223367
823.0,0.001980591141329052
824.0,0.0019163257530495086
825.0,0.0018644905746395487
826.0,0.0018081913512855627
827.0,0.0017430648101920986
828.0,0.0016503103393588309
829.0,0.0015733202838953161
830.0,0.0015299079414642287
831.0,0.0014858418293052429
832.0,0.0014292240636305466
833.0,0.0013648528981900893
834.0,0.0013220968609775332
835.0,0.001301147699040581
836.0,0.0012887687873672816
837.0,0.001264375931622067
838.0,0.0012239641392514755
839.0,0.001204914684699485
840.0,0.0012033651530249075
841.0,0.0011983069891034071
842.0,0.001172862829016848
843.0,0.0011313620922519367
844.0,0.0011310842535461778
845.0,0.0011290161813194736
846.0,0.0011176507557639139
847.0,0.0011041157209422362
848.0,0.0010907612708775378
849.0,0.0010868690794636684
850.0,0.001086192322730929
851.0,0.0010867254136165208
852.0,0.0010897410584734925
853.0,0.0010575239370186349
854.0,0.000995183875805892
855.0,0.0009854969546285615
856.0,0.0009934934403641172
857.0,0.0009655806864350318
858.0,0.000953739781059969
859.0,0.000956315882963163
860.0,0.0009743322337232097
861.0,0.0009597075119329283
862.0,0.0008914799314008532
863.0,0.0009048363605434654
864.0,0.000950187551220738
865.0,0.0009398196589570057
866.0,0.0009072085827138638
867.0,0.0008866668479208161
868.0,0.0008771635364315383
869.0,0.0008704092581940449
870.0,0.0008717851948353356
871.0,0.0008521228852411001
872.0,0.000821487180549952
873.0,0.0008106260562731171
874.0,0.0007987917500576217
875.0,0.0007773845938127774
876.0,0.0007652110352912691
877.0,0.0007756590824201275
878.0,0.000779337045620577
879.0,0.0007827360737365236
880.0,0.0007833384809799749
881.0,0.0007536964205205044
882.0,0.0007097160685402984
883.0,0.0006796061068181567
884.0,0.0006816438510370267
885.0,0.0006779368616507175
886.0,0.0006655810797086926
887.0,0.0006819032072628383
888.0,0.0007148755623819154
889.0,0.0006790250154106472
890.0,0.0006669609071141393
891.0,0.0006749798567877171
892.0,0.0006743899495652728
893.0,0.0006535593410176825
894.0,0.0006223187616316906
895.0,0.0006453762039579097
896.0,0.00066765961912619
897.0,0.000668801663284568
898.0,0.0006391010524809222
899.0,0.0006175595820457249
