/begin_header
/west_longitude=UNKNOWN
/south_latitude=NA
/north_latitude=UNKNOWN
/calibration_files=NA
/cruise=NA
/station=NA
/documents=NA
/data_type=NA
/affiliations=NOAA
/experiment=NA
/units=nm,dl
/start_date=2019-08-12
/end_date=NA
/missing=9999
/start_time=14:29:03
/data_file_name=NA
/cloud_percent=NA
/water_depth=NA
/data_status=NA
/east_longitude=NA
/wind_speed=NA
/secchi=NA
/measurement_depth=NA
/fields=wavelength,rrs
/delimiter=comma
/contact=NA
/end_time=NA
/wave_height=NA
/investigators=NA
/end_header@
325.0,0.019418826977058445
326.0,0.019447775424644795
327.0,0.019395980612657314
328.0,0.0192683068216578
329.0,0.01918067921253593
330.0,0.019133923795613204
331.0,0.019096445843918623
332.0,0.01896113720654654
333.0,0.018801279530329958
334.0,0.018760641028895214
335.0,0.018642919964351953
336.0,0.018473965006783298
337.0,0.018338580329931582
338.0,0.018237224783454554
339.0,0.018166654161210424
340.0,0.018061737099859202
341.0,0.017952195218745238
342.0,0.017889097683771678
343.0,0.017755737377039393
344.0,0.01760020877522225
345.0,0.017528570063636468
346.0,0.01743828181765497
347.0,0.01732612535200657
348.0,0.01721287681146154
349.0,0.017106228795579707
350.0,0.01703079703587095
351.0,0.016960256001410462
352.0,0.01686775001231924
353.0,0.016771932498629582
354.0,0.016681889164884937
355.0,0.016588552296821678
356.0,0.01649527962968445
357.0,0.01640577640760742
358.0,0.01632674518589739
359.0,0.016235209286154063
360.0,0.016128838926530473
361.0,0.016030847018713303
362.0,0.015938991758260794
363.0,0.015853019200195263
364.0,0.015755843267680154
365.0,0.015663865474197528
366.0,0.015595380297834027
367.0,0.01552780449750259
368.0,0.015456786204006711
369.0,0.01539071078745853
370.0,0.015322709142742138
371.0,0.015260649640700166
372.0,0.015191466185254115
373.0,0.015100773571375634
374.0,0.014996793099670567
375.0,0.0149098918653995
376.0,0.014830323032174977
377.0,0.01473429343149349
378.0,0.014661789792623522
379.0,0.014617957028580186
380.0,0.014556568659627575
381.0,0.01449044460576417
382.0,0.01442097987814353
383.0,0.014369383220629025
384.0,0.014309579624029437
385.0,0.014218136015068375
386.0,0.014131908401465054
387.0,0.014060498285865492
388.0,0.01399175644077592
389.0,0.013928820665989241
390.0,0.013869630156148591
391.0,0.01381596179502267
392.0,0.013767789612345292
393.0,0.01369752889219139
394.0,0.01362687205113714
395.0,0.01355375172757232
396.0,0.01346602818582949
397.0,0.013382312892660944
398.0,0.013311738145127063
399.0,0.013233986993792374
400.0,0.013163982625234891
401.0,0.013111373023252004
402.0,0.013060735874467178
403.0,0.013010117516286274
404.0,0.012954682018136978
405.0,0.012894088387198337
406.0,0.01282783171651176
407.0,0.012763234904474192
408.0,0.012697989682015524
409.0,0.01264143972665097
410.0,0.012578565388396528
411.0,0.012511517473594181
412.0,0.0124569900634102
413.0,0.012411615362375315
414.0,0.012367715273025864
415.0,0.012320336015135634
416.0,0.012275389172933054
417.0,0.012233877318135269
418.0,0.012197848621293243
419.0,0.01216436383144158
420.0,0.012124436617378859
421.0,0.012089021895516803
422.0,0.01205571314465363
423.0,0.012023423940529679
424.0,0.011993193463076568
425.0,0.011969521015426424
426.0,0.01194941746001429
427.0,0.01192610740747406
428.0,0.011892209455841265
429.0,0.011856714861652818
430.0,0.011828097449971051
431.0,0.011795682214269264
432.0,0.011757156005646483
433.0,0.011719859530693408
434.0,0.011682305794718413
435.0,0.011649878518169007
436.0,0.011636846445353845
437.0,0.01163053109059977
438.0,0.011619637014548882
439.0,0.011615773741032042
440.0,0.011621114457898393
441.0,0.011626861845397341
442.0,0.011639673012520006
443.0,0.011662436458299865
444.0,0.011694473553481233
445.0,0.01173264737554567
446.0,0.011777304017394625
447.0,0.011829048729503536
448.0,0.011883942499830654
449.0,0.011936181764497046
450.0,0.011991467876229144
451.0,0.012048862790767768
452.0,0.012105458517128917
453.0,0.012159285571791004
454.0,0.012209541844240095
455.0,0.012251905083107795
456.0,0.012288480268337246
457.0,0.012326059692592732
458.0,0.012360625440443744
459.0,0.012391672774362962
460.0,0.012420611905165507
461.0,0.012449798999498015
462.0,0.01248568631560721
463.0,0.012519903252332088
464.0,0.012551008242803002
465.0,0.012588182870623656
466.0,0.012625706894261892
467.0,0.012662877146655769
468.0,0.01269766207275326
469.0,0.012733606332991402
470.0,0.012774594592936986
471.0,0.012810854050232088
472.0,0.012844321189968578
473.0,0.012884888797395303
474.0,0.012922372917245784
475.0,0.012953522063739694
476.0,0.012989865866298642
477.0,0.013031002918142312
478.0,0.013069764961705931
479.0,0.013106479783598449
480.0,0.013145577517518556
481.0,0.013192439992581361
482.0,0.01324043684129518
483.0,0.013280575323870027
484.0,0.013329367112016191
485.0,0.013385538742288617
486.0,0.013436922652694392
487.0,0.013482214958398506
488.0,0.013525511213873928
489.0,0.013571059093985715
490.0,0.013619977675063111
491.0,0.01368355567131393
492.0,0.013752567237167493
493.0,0.013828422688507324
494.0,0.013916435821868217
495.0,0.014007546781895882
496.0,0.01409659120134478
497.0,0.014203248799820104
498.0,0.014329723063676506
499.0,0.014461411872331742
500.0,0.014594807263773268
501.0,0.014732645618151807
502.0,0.014886826421885931
503.0,0.015048163610152026
504.0,0.015207474072570185
505.0,0.01538068662562449
506.0,0.015567991031979696
507.0,0.015760279399960168
508.0,0.015956712722815743
509.0,0.016157904128155175
510.0,0.01636813188511014
511.0,0.016580462916091127
512.0,0.01679413083786489
513.0,0.017016269189239604
514.0,0.017250302708525494
515.0,0.017492238974151624
516.0,0.017745636539681586
517.0,0.01800654034189538
518.0,0.01826126300986912
519.0,0.018506585315567193
520.0,0.01874547639691868
521.0,0.01898360138421249
522.0,0.01922479810728603
523.0,0.01946603269325705
524.0,0.01971240723855242
525.0,0.019964061858315653
526.0,0.020216407122493164
527.0,0.0204644407926575
528.0,0.020702296680340126
529.0,0.02093045389445137
530.0,0.02115395483784755
531.0,0.02138316848014859
532.0,0.021614713556388193
533.0,0.021842850186008622
534.0,0.022064152958156558
535.0,0.022275959815149488
536.0,0.022485648722734036
537.0,0.022690828741846945
538.0,0.022892116208384956
539.0,0.023088308688607118
540.0,0.023278247169337553
541.0,0.023461782280680334
542.0,0.023637478955164413
543.0,0.02380409008868678
544.0,0.023963215389437714
545.0,0.024117582435903707
546.0,0.024266816600141166
547.0,0.024409176775844935
548.0,0.024545882720299145
549.0,0.024676150353344247
550.0,0.02480712736991142
551.0,0.024940558888409757
552.0,0.025069096331111963
553.0,0.025194789720625076
554.0,0.025318885972394168
555.0,0.025435995751162305
556.0,0.025544361401060173
557.0,0.025643798978125815
558.0,0.02573498042651114
559.0,0.025815150217537147
560.0,0.025880089040687317
561.0,0.02593353275626383
562.0,0.02597727905873578
563.0,0.026007957170455724
564.0,0.02602571982698542
565.0,0.02603175076961837
566.0,0.026024069433382084
567.0,0.02600243556183719
568.0,0.02596567628746771
569.0,0.025915524121026774
570.0,0.025854888490508727
571.0,0.025781557512625352
572.0,0.02569651688455467
573.0,0.025604956902859043
574.0,0.02550296111957722
575.0,0.025383927214771597
576.0,0.02525753348893897
577.0,0.025122036862054838
578.0,0.024969652462784722
579.0,0.024801988244951244
580.0,0.02461991376911975
581.0,0.024423260472895583
582.0,0.02421424555366023
583.0,0.023991280754643213
584.0,0.02375539371145221
585.0,0.02350907809321671
586.0,0.02325429292060415
587.0,0.022985595384062574
588.0,0.022697929523046556
589.0,0.022396710333779716
590.0,0.022091971586663896
591.0,0.021797728551910766
592.0,0.021503019614681755
593.0,0.02118816083569422
594.0,0.02083700730921407
595.0,0.02044780279025175
596.0,0.020024068444483706
597.0,0.019569943419753835
598.0,0.01909528855391536
599.0,0.018628567499172355
600.0,0.018195949838546367
601.0,0.017818475074800617
602.0,0.017506890286782574
603.0,0.017261519382059796
604.0,0.017071818408227257
605.0,0.01692268251929941
606.0,0.016798824558585036
607.0,0.01668436071763144
608.0,0.01657374397216902
609.0,0.01645800176751975
610.0,0.016344787803173905
611.0,0.016237500310228855
612.0,0.016130517795415418
613.0,0.016017637722847682
614.0,0.01590236934231611
615.0,0.01579230703950344
616.0,0.015687761958580647
617.0,0.015583559937840597
618.0,0.015484419819400191
619.0,0.01539226649751404
620.0,0.015308523256174118
621.0,0.015235353717098363
622.0,0.015169073432467784
623.0,0.015106458584256102
624.0,0.015045923468287523
625.0,0.0149850864672714
626.0,0.014924087498101934
627.0,0.01486805759377855
628.0,0.014825727969050897
629.0,0.01479542909329962
630.0,0.014778963590993316
631.0,0.014768304956569906
632.0,0.01475744704930968
633.0,0.014744776688584631
634.0,0.014736382703876217
635.0,0.014735530306590161
636.0,0.01473555041568784
637.0,0.014737898588242676
638.0,0.014736279380179237
639.0,0.014733858540380628
640.0,0.014730420260904566
641.0,0.014719173125255097
642.0,0.014700885789523128
643.0,0.01466932622636761
644.0,0.01463185904296387
645.0,0.014585290113939211
646.0,0.014516619918715779
647.0,0.014447744039291352
648.0,0.014392732498426052
649.0,0.014326573988468053
650.0,0.014238223828696089
651.0,0.014125443160759319
652.0,0.013994141320558326
653.0,0.013843768573887916
654.0,0.013680581045729123
655.0,0.013465402308873739
656.0,0.013178803321463267
657.0,0.012854833523207057
658.0,0.012540507270000301
659.0,0.012257915994660723
660.0,0.011988923085927397
661.0,0.011730781309236953
662.0,0.011480727415966162
663.0,0.01124683143299098
664.0,0.011030317029940563
665.0,0.010828020591101337
666.0,0.010643823548605215
667.0,0.010477697178119565
668.0,0.010332586465754244
669.0,0.010212070075817209
670.0,0.010114936561476311
671.0,0.010036917234292649
672.0,0.009978457101160793
673.0,0.009937338661135268
674.0,0.009906459820809569
675.0,0.00988512109057546
676.0,0.009879142907779382
677.0,0.009886197371404521
678.0,0.009913216655781692
679.0,0.009965743216807618
680.0,0.01004135580893849
681.0,0.010145812550350177
682.0,0.010280280238791194
683.0,0.01043888968177577
684.0,0.01062467684075304
685.0,0.010849708148439727
686.0,0.011096936745687265
687.0,0.011333760344284379
688.0,0.011493030691418422
689.0,0.011611469350647472
690.0,0.011724602860311361
691.0,0.011818306631017244
692.0,0.011891799050973791
693.0,0.011950550250424508
694.0,0.011987753956945407
695.0,0.011998433967328694
696.0,0.011980737389311418
697.0,0.011926945824059756
698.0,0.011822849283397888
699.0,0.011683115347537328
700.0,0.011519420871231926
701.0,0.011349688074617625
702.0,0.011153887228645324
703.0,0.010928399716151265
704.0,0.010694543424666605
705.0,0.010444460356727359
706.0,0.01017100160524938
707.0,0.009890613619269671
708.0,0.009603552299877551
709.0,0.009293772523209943
710.0,0.008972134650318379
711.0,0.008648375750700734
712.0,0.008312348998694607
713.0,0.007970227822913286
714.0,0.007636564836686943
715.0,0.00730537763461339
716.0,0.006968517298770601
717.0,0.006641311884433494
718.0,0.006319156635088791
719.0,0.006022154192770852
720.0,0.005766463467671889
721.0,0.005545274612861734
722.0,0.00532199714566857
723.0,0.00509081506637613
724.0,0.004855475524384855
725.0,0.0046199448728937035
726.0,0.00439563418083155
727.0,0.004190355342684326
728.0,0.003976595492503225
729.0,0.0037511571530585326
730.0,0.0035455776844835647
731.0,0.0033654613884423847
732.0,0.0032169652840523177
733.0,0.0030886013654776424
734.0,0.0029783721109777036
735.0,0.0028847588115454527
736.0,0.002813441891971487
737.0,0.0027628071655192103
738.0,0.0027261957428571025
739.0,0.0027021512119951496
740.0,0.0026859488986728996
741.0,0.002668224749043247
742.0,0.002650446532107905
743.0,0.0026385914603361954
744.0,0.002628526932268651
745.0,0.0026180927392568435
746.0,0.0026130928817360245
747.0,0.002603960943464633
748.0,0.002581459783581262
749.0,0.002566571307599816
750.0,0.0025636779122212945
751.0,0.002551332759214095
752.0,0.002540041619615242
753.0,0.0025326130218974634
754.0,0.0025195976038612073
755.0,0.002503931400550626
756.0,0.00249061531992717
757.0,0.0024810401810530084
758.0,0.0024653340337206474
759.0,0.002419781086183042
760.0,0.002340669162904596
761.0,0.0022573626471151307
762.0,0.002209339455736194
763.0,0.0022050223815952854
764.0,0.002235356694448872
765.0,0.002278562607033944
766.0,0.002320396618259179
767.0,0.0023505439315870923
768.0,0.0023740677630970284
769.0,0.0023962691476939945
770.0,0.002407920409215122
771.0,0.0024110946365025836
772.0,0.0024179540007731935
773.0,0.002426103437168053
774.0,0.002434492214945087
775.0,0.0024325761482430082
776.0,0.0024313503770652645
777.0,0.002443102087128071
778.0,0.0024565718659544356
779.0,0.0024677190958339295
780.0,0.00247713022683675
781.0,0.00248445089942971
782.0,0.0024896673643249345
783.0,0.002497590294852738
784.0,0.002501845876622057
785.0,0.00250833419900557
786.0,0.0025162795953934027
787.0,0.0025262027479174376
788.0,0.002541866964892335
789.0,0.0025567359637026703
790.0,0.0025674605836022114
791.0,0.0025822409664995024
792.0,0.002604588072998826
793.0,0.0026219503793095318
794.0,0.002641452781828368
795.0,0.0026628481322976856
796.0,0.002678906063028134
797.0,0.0026885668650981002
798.0,0.002698476245325898
799.0,0.0027145367076793054
800.0,0.0027329627926191186
801.0,0.002743198959035941
802.0,0.0027526462925584637
803.0,0.002764106534041954
804.0,0.002769230122586459
805.0,0.0027759015049551665
806.0,0.0027794942330411692
807.0,0.0027668416330339143
808.0,0.002747199485309686
809.0,0.00272375363444789
810.0,0.0026930932532675408
811.0,0.0026559948332569934
812.0,0.0026109733823093746
813.0,0.0025705581156848616
814.0,0.002539219260524554
815.0,0.0024947356776978446
816.0,0.002448118678757369
817.0,0.0024178544531545413
818.0,0.0023894072890463668
819.0,0.0023565949954469953
820.0,0.002313727056504108
821.0,0.002259401968716033
822.0,0.0021999283859844843
823.0,0.0021297289152918558
824.0,0.002046715236593788
825.0,0.001960594887505978
826.0,0.0018894575186323716
827.0,0.0018321724088944408
828.0,0.0017429106341900528
829.0,0.0016554108864087116
830.0,0.0016025245495515296
831.0,0.0015372075490975186
832.0,0.0014737549602535202
833.0,0.0014493822776997611
834.0,0.0014238593176471854
835.0,0.0013836855091245597
836.0,0.0013607897875086896
837.0,0.0013496904296785468
838.0,0.00134262836278135
839.0,0.0013335156174205257
840.0,0.0013202782452810397
841.0,0.0013034155034940768
842.0,0.0012841820258556107
843.0,0.0012674180525411066
844.0,0.0012586804129544938
845.0,0.0012510699220125983
846.0,0.001245347110895772
847.0,0.0012371098586257412
848.0,0.0012232640092041621
849.0,0.0012019435491639478
850.0,0.0011923963941696276
851.0,0.0011991790784758238
852.0,0.001179568900039994
853.0,0.0011510012258639374
854.0,0.0011535206742142663
855.0,0.0011540892181124808
856.0,0.0011352361234380685
857.0,0.0011207256109924176
858.0,0.0011087656756697218
859.0,0.0010992295031855704
860.0,0.0010842724401551912
861.0,0.0010659231180780637
862.0,0.0010599385971522418
863.0,0.0010517051258233984
864.0,0.001050544495492875
865.0,0.0010539346423041065
866.0,0.0010403203080889868
867.0,0.0010054394536213678
868.0,0.0010003832490423875
869.0,0.0009894592291089428
870.0,0.0009539087497629422
871.0,0.0009583174424038764
872.0,0.0009712051256493363
873.0,0.0009325729884047008
874.0,0.0009055086144850938
875.0,0.0009045748475782746
876.0,0.000902031166921732
877.0,0.0008900376524388655
878.0,0.0008777652687563659
879.0,0.0008554216384255152
880.0,0.0008366091797337141
881.0,0.0008241648557954222
882.0,0.0007996345158212386
883.0,0.0007742783121389692
884.0,0.0007816373731883628
885.0,0.0007813773758146228
886.0,0.0007667424659400459
887.0,0.0007343259730968434
888.0,0.0007196370152976978
889.0,0.000732466821076263
890.0,0.0007093086780131498
891.0,0.000657865510148982
892.0,0.0006430177365710034
893.0,0.0006367124631237564
894.0,0.000616149242903968
895.0,0.0006031293360298428
896.0,0.000587749044796256
897.0,0.0005375602425326847
898.0,0.0004948858350042244
899.0,0.0004892111899881606
